000000000,  03,   29052021,   0646
000000000,  03,   29052021,   0646
000000000,  03,   29052021,   0646
000000000,  03,   29052021,   0647
000000000,  03,   29052021,   0649
000000000,  03,   29052021,   0649
000000000,  03,   29052021,   0649
000000000,  03,   29052021,   0650
000000000,  03,   29052021,   0650
000000000,  03,   29052021,   0650
000000000,  03,   29052021,   0650
000000000,  03,   29052021,   0651
000000000,  03,   29052021,   0651
000000000,  03,   29052021,   0652
000000000,  03,   29052021,   0652
000000000,  03,   29052021,   0652
000000000,  03,   29052021,   0653
000000000,  03,   29052021,   0653
000000000,  03,   29052021,   0657
000000000,  03,   29052021,   0657
000000000,  03,   29052021,   0658
000000000,  03,   29052021,   0659
000000000,  03,   29052021,   0659
000000000,  03,   29052021,   0700
000000000,  03,   29052021,   0702
000000000,  03,   29052021,   0706
000000000,  03,   29052021,   0707
000000000,  03,   29052021,   0711
000000000,  03,   29052021,   0711
000000000,  03,   29052021,   0714
000000000,  03,   29052021,   0730
000000000,  03,   29052021,   0731
000000000,  03,   29052021,   0733
000000000,  03,   29052021,   0734
000000000,  03,   29052021,   0734
000000000,  03,   29052021,   0735
000000000,  03,   29052021,   0736
101002738,  04,   29052021,   0744
101002738,  03,   29052021,   0744
103025489,  03,   29052021,   0745
103025489,  03,   29052021,   0745
101002738,  05,   29052021,   0747
106000013,  03,   29052021,   0752
106000013,  03,   29052021,   0752
103024303,  04,   29052021,   0755
103024303,  03,   29052021,   0755
103024303,  01,   29052021,   0758
000000000,  03,   29052021,   0812
103025488,  03,   29052021,   0820
000000000,  03,   29052021,   0823
104000088,  03,   29052021,   0830
106000013,  04,   29052021,   0842
106000013,  01,   29052021,   0844
104000274,  03,   29052021,   0857
107000157,  02,   29052021,   0901
104000285,  01,   29052021,   0904
104000041,  01,   29052021,   0904
104000040,  01,   29052021,   0904
104000338,  03,   29052021,   0904
110004004,  01,   29052021,   0907
104000043,  01,   29052021,   0907
000000000,  01,   29052021,   0912
104000277,  03,   29052021,   0914
104000272,  03,   29052021,   0914
104000005,  03,   29052021,   0914
104000004,  03,   29052021,   0914
104000005,  05,   29052021,   0914
104000111,  01,   29052021,   0914
104000099,  03,   29052021,   0914
104000098,  03,   29052021,   0914
104000237,  03,   29052021,   0916
104000237,  03,   29052021,   0916
107000157,  02,   29052021,   0917
104000047,  01,   29052021,   0923
104000048,  01,   29052021,   0923
104000334,  01,   29052021,   0923
104000112,  01,   29052021,   0923
104000360,  01,   29052021,   0923
104000046,  01,   29052021,   0923
104000270,  03,   29052021,   0923
110001868,  03,   29052021,   0925
106000013,  01,   29052021,   0936
106000013,  04,   29052021,   0939
000001802,  01,   29052021,   0943
104000273,  03,   29052021,   0945
000001802,  04,   29052021,   0953
000000000,  01,   29052021,   0954
110001870,  01,   29052021,   1005
110001870,  01,   29052021,   1005
104000239,  03,   29052021,   1016
104000008,  03,   29052021,   1016
104000006,  03,   29052021,   1016
104000006,  03,   29052021,   1016
104000222,  01,   29052021,   1018
106000013,  04,   29052021,   1022
000000000,  02,   29052021,   1023
106000013,  02,   29052021,   1029
106000013,  04,   29052021,   1030
110001870,  01,   29052021,   1033
110001870,  01,   29052021,   1042
000000000,  01,   29052021,   1048
104000042,  01,   29052021,   1053
104000349,  01,   29052021,   1057
106000013,  04,   29052021,   1057
107000231,  02,   29052021,   1059
107000231,  04,   29052021,   1059
106000013,  01,   29052021,   1100
104000467,  03,   29052021,   1105
110004004,  01,   29052021,   1114
104000343,  01,   29052021,   1115
104000095,  03,   29052021,   1119
106000013,  01,   29052021,   1122
106000013,  04,   29052021,   1123
104000297,  03,   29052021,   1123
110004004,  01,   29052021,   1124
107000231,  04,   29052021,   1125
107000231,  04,   29052021,   1131
104000043,  01,   29052021,   1134
110001870,  01,   29052021,   1137
101001320,  01,   29052021,   1139
000000000,  01,   29052021,   1143
101002738,  04,   29052021,   1147
000000000,  02,   29052021,   1148
000000000,  01,   29052021,   1149
101002738,  02,   29052021,   1149
104000222,  01,   29052021,   1149
000000000,  01,   29052021,   1150
101002738,  01,   29052021,   1151
104000043,  01,   29052021,   1151
104000343,  04,   29052021,   1152
101002738,  04,   29052021,   1152
101002738,  01,   29052021,   1153
104000343,  01,   29052021,   1154
104000046,  01,   29052021,   1156
104000046,  01,   29052021,   1157
104000272,  04,   29052021,   1204
104000006,  04,   29052021,   1205
000000000,  01,   29052021,   1207
109000009,  02,   29052021,   1208
109000009,  04,   29052021,   1209
104000272,  04,   29052021,   1210
109000009,  04,   29052021,   1212
107000197,  02,   29052021,   1214
107000197,  04,   29052021,   1214
109000009,  01,   29052021,   1214
000000000,  01,   29052021,   1216
104000046,  01,   29052021,   1216
104000047,  01,   29052021,   1217
104000047,  01,   29052021,   1217
104000047,  01,   29052021,   1218
104000047,  01,   29052021,   1229
000000000,  01,   29052021,   1230
103024303,  01,   29052021,   1235
000000000,  03,   29052021,   1235
000000017,  03,   29052021,   1237
104000043,  01,   29052021,   1238
000000017,  03,   29052021,   1239
000000000,  03,   29052021,   1239
000000000,  03,   29052021,   1243
107000231,  04,   29052021,   1313
104000239,  02,   29052021,   1317
104000239,  04,   29052021,   1317
104000041,  01,   29052021,   1318
107000231,  04,   29052021,   1319
000000000,  04,   29052021,   1321
000000000,  01,   29052021,   1322
104000041,  01,   29052021,   1322
107000231,  03,   29052021,   1322
000000000,  01,   29052021,   1331
000000000,  03,   29052021,   1331
103024303,  04,   29052021,   1343
000000000,  01,   29052021,   1344
000000000,  04,   29052021,   1346
000000000,  04,   29052021,   1346
000000000,  04,   29052021,   1346
103024303,  04,   29052021,   1351
101002737,  02,   29052021,   1353
103024303,  01,   29052021,   1353
101002737,  04,   29052021,   1354
107000231,  03,   29052021,   1358
000000000,  01,   29052021,   1401
106000013,  04,   29052021,   1407
104000285,  01,   29052021,   1408
106000013,  01,   29052021,   1409
106000008,  02,   29052021,   1412
104000272,  04,   29052021,   1415
000000000,  02,   29052021,   1418
104000272,  04,   29052021,   1419
101002737,  04,   29052021,   1423
000000000,  02,   29052021,   1424
000000000,  04,   29052021,   1427
000000000,  04,   29052021,   1427
000000000,  04,   29052021,   1427
000000000,  04,   29052021,   1433
000000000,  04,   29052021,   1433
000000000,  04,   29052021,   1433
000000000,  04,   29052021,   1433
106000008,  04,   29052021,   1435
000000000,  02,   29052021,   1439
000000000,  02,   29052021,   1439
000000000,  02,   29052021,   1439
000000000,  02,   29052021,   1439
106000008,  02,   29052021,   1445
000000000,  02,   29052021,   1446
000000000,  02,   29052021,   1446
000000000,  02,   29052021,   1446
000000000,  02,   29052021,   1446
000000000,  02,   29052021,   1446
104000006,  04,   29052021,   1451
104000343,  01,   29052021,   1455
104000467,  03,   29052021,   1456
104000006,  04,   29052021,   1456
000000000,  01,   29052021,   1501
106000013,  04,   29052021,   1505
106000013,  01,   29052021,   1505
000000000,  03,   29052021,   1511
103024303,  01,   29052021,   1512
000000000,  03,   29052021,   1514
000000000,  03,   29052021,   1515
000000000,  01,   29052021,   1517
104000360,  01,   29052021,   1517
000000000,  01,   29052021,   1517
107000185,  02,   29052021,   1518
000000000,  01,   29052021,   1518
000000000,  02,   29052021,   1519
107000231,  04,   29052021,   1528
104000360,  01,   29052021,   1529
107000231,  04,   29052021,   1534
110004004,  01,   29052021,   1537
107000197,  02,   29052021,   1537
107000197,  04,   29052021,   1537
106000013,  04,   29052021,   1538
104000222,  01,   29052021,   1539
000000000,  01,   29052021,   1539
106000013,  01,   29052021,   1540
106000013,  01,   29052021,   1546
110004004,  01,   29052021,   1546
104000467,  03,   29052021,   1552
000000000,  02,   29052021,   1601
000050745,  02,   29052021,   1601
104000467,  04,   29052021,   1604
000000000,  02,   29052021,   1605
104000467,  02,   29052021,   1609
104000467,  04,   29052021,   1609
107000197,  02,   29052021,   1610
107000197,  04,   29052021,   1610
104000343,  01,   29052021,   1610
000000000,  01,   29052021,   1615
104000343,  01,   29052021,   1617
000000000,  01,   29052021,   1622
000000000,  01,   29052021,   1624
104000006,  04,   29052021,   1629
104000006,  04,   29052021,   1629
101002738,  01,   29052021,   1630
104000272,  03,   29052021,   1631
101002738,  04,   29052021,   1633
101002738,  01,   29052021,   1633
104000006,  04,   29052021,   1633
000000000,  01,   29052021,   1639
104000285,  01,   29052021,   1646
103025488,  01,   29052021,   1647
000000000,  01,   29052021,   1648
106000013,  03,   29052021,   1651
104000222,  01,   29052021,   1705
104000222,  01,   29052021,   1706
107000157,  02,   29052021,   1707
104000042,  01,   29052021,   1708
000000000,  04,   29052021,   1714
000000000,  04,   29052021,   1714
104000005,  05,   29052021,   1717
104000334,  01,   29052021,   1733
104000334,  01,   29052021,   1735
104000052,  01,   29052021,   1737
107000231,  04,   29052021,   1741
000000000,  01,   29052021,   1743
104000343,  01,   29052021,   1744
104000349,  01,   29052021,   1744
107000231,  04,   29052021,   1749
104000270,  03,   29052021,   1800
104000338,  03,   29052021,   1800
107000231,  03,   29052021,   1801
104000099,  03,   29052021,   1802
104000274,  03,   29052021,   1802
104000285,  01,   29052021,   1803
110004004,  01,   29052021,   1803
104000040,  01,   29052021,   1804
104000273,  03,   29052021,   1805
104000237,  03,   29052021,   1805
110001868,  03,   29052021,   1805
104000239,  03,   29052021,   1805
104000111,  01,   29052021,   1806
104000008,  03,   29052021,   1808
104000006,  03,   29052021,   1808
104000098,  03,   29052021,   1808
104000272,  03,   29052021,   1809
104000004,  03,   29052021,   1809
104000008,  03,   29052021,   1809
104000005,  03,   29052021,   1813
103025488,  03,   29052021,   1813
103025488,  03,   29052021,   1813
000000000,  01,   29052021,   1821
104000297,  03,   29052021,   1823
104000088,  03,   29052021,   1836
103025489,  03,   29052021,   1840
104000046,  01,   29052021,   1840
104000046,  01,   29052021,   1846
103024303,  01,   29052021,   1849
104000047,  01,   29052021,   1859
104000048,  01,   29052021,   1859
104000046,  01,   29052021,   1900
104000112,  01,   29052021,   1901
104000360,  01,   29052021,   1902
104000334,  01,   29052021,   1903
000000000,  03,   29052021,   1905
000000000,  01,   29052021,   1911
103024303,  01,   29052021,   1912
103024303,  01,   29052021,   1917
101002738,  03,   29052021,   1918
103024303,  01,   29052021,   1919
103024303,  01,   29052021,   1919
000000000,  03,   29052021,   1920
104000095,  03,   29052021,   1955
104000277,  03,   29052021,   1955
101002738,  04,   29052021,   1957
104000467,  03,   29052021,   2000
101002738,  03,   29052021,   2005
101002738,  04,   30052021,   0735
101002738,  03,   30052021,   0735
101002738,  05,   30052021,   0738
103025489,  03,   30052021,   0742
106000013,  03,   30052021,   0749
106000013,  03,   30052021,   0749
000000000,  03,   30052021,   0805
103024303,  03,   30052021,   0805
103024303,  03,   30052021,   0805
000000000,  03,   30052021,   0806
103024303,  04,   30052021,   0806
103024303,  01,   30052021,   0809
103025488,  03,   30052021,   0812
000000000,  03,   30052021,   0820
000000000,  02,   30052021,   0825
104000088,  03,   30052021,   0826
000000000,  03,   30052021,   0826
106000013,  04,   30052021,   0835
107000157,  02,   30052021,   0835
106000013,  01,   30052021,   0837
101001321,  01,   30052021,   0845
101001320,  01,   30052021,   0900
104000274,  03,   30052021,   0908
104000040,  01,   30052021,   0915
110004004,  01,   30052021,   0915
104000043,  01,   30052021,   0915
104000285,  01,   30052021,   0915
104000048,  01,   30052021,   0915
104000360,  01,   30052021,   0915
104000041,  01,   30052021,   0915
104000112,  01,   30052021,   0915
104000047,  01,   30052021,   0915
104000046,  01,   30052021,   0916
104000338,  03,   30052021,   0916
104000358,  01,   30052021,   0921
104000111,  01,   30052021,   0921
104000237,  03,   30052021,   0921
104000099,  03,   30052021,   0921
104000098,  03,   30052021,   0921
104000467,  03,   30052021,   0923
000001809,  01,   30052021,   0926
104000277,  03,   30052021,   0932
104000277,  03,   30052021,   0932
104000272,  03,   30052021,   0932
104000005,  03,   30052021,   0932
104000009,  03,   30052021,   0932
000000000,  03,   30052021,   0932
104000004,  03,   30052021,   0932
104000011,  03,   30052021,   0932
000000000,  03,   30052021,   0932
104000005,  05,   30052021,   0933
000000000,  03,   30052021,   0933
110001868,  03,   30052021,   0933
101002738,  04,   30052021,   0933
000000000,  02,   30052021,   0934
000000000,  02,   30052021,   0934
000000000,  02,   30052021,   0934
101002738,  02,   30052021,   0935
104000008,  03,   30052021,   0935
104000239,  03,   30052021,   0935
104000244,  03,   30052021,   0935
104000273,  03,   30052021,   0935
000000000,  03,   30052021,   0936
106000013,  04,   30052021,   0937
000000000,  03,   30052021,   0937
000000000,  03,   30052021,   0937
106000013,  01,   30052021,   0937
000000000,  03,   30052021,   0937
101002738,  01,   30052021,   0938
101002738,  04,   30052021,   0938
000000000,  03,   30052021,   0938
000000000,  03,   30052021,   0938
000000000,  03,   30052021,   0939
000000000,  03,   30052021,   0939
000000000,  03,   30052021,   0939
000000000,  03,   30052021,   0939
101002738,  01,   30052021,   0939
000000000,  03,   30052021,   0939
000000000,  03,   30052021,   0940
000000000,  03,   30052021,   0940
000000000,  03,   30052021,   0940
000000000,  03,   30052021,   0941
000000000,  03,   30052021,   0941
000000000,  03,   30052021,   0942
000000000,  03,   30052021,   0942
000000000,  03,   30052021,   0942
000000000,  03,   30052021,   0942
104000343,  01,   30052021,   0943
000000000,  03,   30052021,   0943
104000006,  03,   30052021,   0943
000000000,  03,   30052021,   0943
000000000,  03,   30052021,   0944
000000000,  01,   30052021,   0952
101002738,  04,   30052021,   0955
000001809,  04,   30052021,   0959
000001809,  01,   30052021,   1000
101002738,  04,   30052021,   1005
000000000,  01,   30052021,   1005
000000000,  01,   30052021,   1017
110003994,  01,   30052021,   1017
103024303,  04,   30052021,   1019
106000013,  04,   30052021,   1020
000000000,  01,   30052021,   1020
103024303,  01,   30052021,   1021
000000000,  02,   30052021,   1022
000000000,  01,   30052021,   1025
000001809,  04,   30052021,   1027
000001809,  01,   30052021,   1029
106000013,  02,   30052021,   1030
106000013,  04,   30052021,   1030
101001320,  01,   30052021,   1032
110001870,  01,   30052021,   1035
110001870,  01,   30052021,   1035
104000042,  01,   30052021,   1037
000000000,  01,   30052021,   1042
104000349,  01,   30052021,   1044
104000349,  01,   30052021,   1044
104000222,  01,   30052021,   1044
000001809,  04,   30052021,   1050
000001809,  01,   30052021,   1051
104000467,  03,   30052021,   1052
000001809,  04,   30052021,   1053
000001809,  01,   30052021,   1055
110003994,  04,   30052021,   1056
110003994,  01,   30052021,   1057
110003994,  04,   30052021,   1057
110003994,  01,   30052021,   1100
104000006,  04,   30052021,   1102
106000013,  04,   30052021,   1103
104000095,  03,   30052021,   1105
106000013,  01,   30052021,   1105
104000467,  03,   30052021,   1106
104000006,  04,   30052021,   1108
104000297,  03,   30052021,   1111
106000013,  04,   30052021,   1115
106000013,  01,   30052021,   1115
000000000,  01,   30052021,   1116
104000338,  03,   30052021,   1116
104000343,  04,   30052021,   1116
104000343,  01,   30052021,   1119
104000334,  01,   30052021,   1121
104000334,  01,   30052021,   1121
104000334,  01,   30052021,   1121
110004004,  01,   30052021,   1122
104000043,  01,   30052021,   1127
101002738,  01,   30052021,   1130
104000274,  03,   30052021,   1134
104000274,  03,   30052021,   1135
000000000,  03,   30052021,   1138
000000000,  03,   30052021,   1138
000000000,  03,   30052021,   1139
000000000,  03,   30052021,   1139
000000000,  03,   30052021,   1139
000000000,  03,   30052021,   1140
000000000,  03,   30052021,   1140
000000000,  03,   30052021,   1140
000000000,  03,   30052021,   1140
101002738,  01,   30052021,   1142
110004004,  01,   30052021,   1143
104000274,  03,   30052021,   1144
104000046,  01,   30052021,   1147
104000046,  01,   30052021,   1148
104000046,  01,   30052021,   1148
000000000,  01,   30052021,   1150
000000000,  03,   30052021,   1152
000000000,  03,   30052021,   1153
000000000,  03,   30052021,   1153
000001809,  04,   30052021,   1155
000001809,  01,   30052021,   1155
000000017,  04,   30052021,   1159
104000338,  03,   30052021,   1200
107000157,  02,   30052021,   1201
000000017,  02,   30052021,   1203
000000017,  04,   30052021,   1203
104000046,  01,   30052021,   1205
104000343,  01,   30052021,   1210
107000197,  02,   30052021,   1211
000000000,  02,   30052021,   1212
107000197,  02,   30052021,   1213
107000197,  04,   30052021,   1213
104000046,  01,   30052021,   1214
000000000,  03,   30052021,   1214
000000000,  03,   30052021,   1215
000000000,  03,   30052021,   1215
000000000,  03,   30052021,   1215
000000000,  03,   30052021,   1215
000000000,  03,   30052021,   1215
000000000,  01,   30052021,   1215
000000000,  03,   30052021,   1215
000000000,  03,   30052021,   1215
104000270,  03,   30052021,   1215
000000000,  03,   30052021,   1215
000000000,  03,   30052021,   1215
000000000,  03,   30052021,   1216
000000000,  03,   30052021,   1217
000000000,  03,   30052021,   1217
000000000,  03,   30052021,   1218
000000000,  03,   30052021,   1218
000000000,  03,   30052021,   1218
000000000,  03,   30052021,   1218
000000000,  03,   30052021,   1221
000000000,  03,   30052021,   1221
000000000,  03,   30052021,   1222
000000000,  03,   30052021,   1222
000000000,  03,   30052021,   1222
000000000,  03,   30052021,   1222
000000000,  03,   30052021,   1222
000000000,  03,   30052021,   1224
000000000,  03,   30052021,   1227
104000006,  04,   30052021,   1228
104000006,  04,   30052021,   1228
000000000,  03,   30052021,   1229
000000000,  02,   30052021,   1230
000000000,  01,   30052021,   1231
000000000,  03,   30052021,   1231
000000000,  03,   30052021,   1232
000000000,  03,   30052021,   1233
105000021,  02,   30052021,   1234
104000046,  01,   30052021,   1236
104000006,  04,   30052021,   1237
000000000,  03,   30052021,   1237
000000000,  03,   30052021,   1237
000000000,  03,   30052021,   1237
000000000,  03,   30052021,   1238
000000000,  03,   30052021,   1238
000000000,  03,   30052021,   1238
000000000,  03,   30052021,   1238
000000000,  03,   30052021,   1239
000000000,  03,   30052021,   1239
000000000,  02,   30052021,   1239
000000000,  02,   30052021,   1239
000000000,  03,   30052021,   1240
000000000,  03,   30052021,   1241
000000000,  03,   30052021,   1241
000000000,  03,   30052021,   1242
000000000,  03,   30052021,   1242
000000000,  03,   30052021,   1245
110004004,  01,   30052021,   1246
000000000,  03,   30052021,   1247
104000042,  01,   30052021,   1247
110003994,  01,   30052021,   1247
000000000,  03,   30052021,   1248
000000000,  03,   30052021,   1249
000000000,  03,   30052021,   1249
000000000,  01,   30052021,   1251
110001870,  01,   30052021,   1252
000000000,  03,   30052021,   1255
000000000,  03,   30052021,   1256
000000000,  03,   30052021,   1256
000000000,  03,   30052021,   1256
103025489,  01,   30052021,   1259
000000000,  01,   30052021,   1301
104000042,  01,   30052021,   1302
104000334,  01,   30052021,   1302
104000334,  01,   30052021,   1302
104000334,  01,   30052021,   1305
000000000,  03,   30052021,   1305
000000000,  03,   30052021,   1305
000000000,  03,   30052021,   1305
000000000,  03,   30052021,   1305
000000000,  03,   30052021,   1307
000000000,  03,   30052021,   1312
000000000,  03,   30052021,   1313
000000000,  03,   30052021,   1313
000000000,  03,   30052021,   1314
110001870,  01,   30052021,   1314
000000000,  03,   30052021,   1316
000000000,  03,   30052021,   1317
000000000,  03,   30052021,   1318
000000000,  03,   30052021,   1319
107000197,  02,   30052021,   1324
107000197,  04,   30052021,   1324
000000000,  03,   30052021,   1331
000000000,  03,   30052021,   1331
000000000,  03,   30052021,   1331
000000000,  03,   30052021,   1331
000000000,  03,   30052021,   1331
000000000,  03,   30052021,   1332
110004004,  01,   30052021,   1332
000000000,  03,   30052021,   1332
000000000,  03,   30052021,   1332
000000000,  03,   30052021,   1332
000000000,  03,   30052021,   1333
000000000,  03,   30052021,   1333
000000000,  03,   30052021,   1333
000000000,  03,   30052021,   1333
000000000,  03,   30052021,   1334
000000000,  03,   30052021,   1334
106000008,  02,   30052021,   1334
101001320,  01,   30052021,   1335
104000343,  01,   30052021,   1339
104000343,  01,   30052021,   1341
000000000,  01,   30052021,   1341
000000000,  03,   30052021,   1342
000000000,  01,   30052021,   1342
104000043,  01,   30052021,   1342
000000000,  01,   30052021,   1343
000000000,  03,   30052021,   1348
000000000,  03,   30052021,   1349
000000000,  02,   30052021,   1350
000000000,  02,   30052021,   1350
000000000,  02,   30052021,   1350
000000000,  03,   30052021,   1350
000000000,  02,   30052021,   1357
000000000,  02,   30052021,   1357
000000000,  02,   30052021,   1403
106000013,  04,   30052021,   1405
105000021,  02,   30052021,   1409
106000013,  01,   30052021,   1409
000000000,  03,   30052021,   1410
000000000,  03,   30052021,   1410
000000000,  03,   30052021,   1411
000000000,  03,   30052021,   1411
000000000,  03,   30052021,   1412
000000000,  03,   30052021,   1412
000000000,  03,   30052021,   1412
000000000,  03,   30052021,   1412
000000000,  03,   30052021,   1413
000000000,  03,   30052021,   1414
000000000,  03,   30052021,   1415
000000000,  03,   30052021,   1415
000000000,  03,   30052021,   1415
000000000,  03,   30052021,   1415
000000000,  02,   30052021,   1416
000000000,  02,   30052021,   1416
106000008,  02,   30052021,   1417
106000008,  02,   30052021,   1417
104000006,  04,   30052021,   1417
000000000,  02,   30052021,   1417
104000006,  04,   30052021,   1421
101001321,  01,   30052021,   1423
000000000,  03,   30052021,   1424
000000000,  02,   30052021,   1425
000000000,  02,   30052021,   1425
000000000,  02,   30052021,   1425
000000000,  02,   30052021,   1425
104000467,  03,   30052021,   1425
105000306,  02,   30052021,   1428
105000306,  04,   30052021,   1428
000000000,  01,   30052021,   1436
101001320,  01,   30052021,   1437
000000000,  03,   30052021,   1437
000000000,  03,   30052021,   1437
000000000,  03,   30052021,   1438
103024303,  04,   30052021,   1442
000000000,  03,   30052021,   1442
104000222,  01,   30052021,   1442
000000000,  01,   30052021,   1442
000000000,  01,   30052021,   1443
106000128,  02,   30052021,   1445
000000000,  01,   30052021,   1445
103024303,  04,   30052021,   1445
107000157,  02,   30052021,   1446
000000000,  01,   30052021,   1446
103024303,  01,   30052021,   1447
000000000,  01,   30052021,   1451
000000000,  01,   30052021,   1451
101002738,  04,   30052021,   1452
000000000,  01,   30052021,   1452
101002738,  01,   30052021,   1455
000000000,  01,   30052021,   1456
101002738,  04,   30052021,   1456
000000000,  01,   30052021,   1456
104000237,  03,   30052021,   1458
105000021,  02,   30052021,   1501
000000000,  02,   30052021,   1508
105000264,  02,   30052021,   1509
105000264,  04,   30052021,   1509
106000013,  04,   30052021,   1510
106000013,  01,   30052021,   1510
000000000,  01,   30052021,   1511
104000467,  03,   30052021,   1512
000000000,  01,   30052021,   1513
104000334,  01,   30052021,   1515
104000358,  01,   30052021,   1515
110004004,  01,   30052021,   1520
103024303,  04,   30052021,   1522
103024303,  01,   30052021,   1524
000000000,  01,   30052021,   1526
104000360,  01,   30052021,   1526
104000040,  01,   30052021,   1527
103025488,  04,   30052021,   1527
103025488,  01,   30052021,   1530
110001868,  03,   30052021,   1531
110004004,  01,   30052021,   1532
000000000,  01,   30052021,   1535
104000360,  01,   30052021,   1539
104000006,  04,   30052021,   1539
000000000,  01,   30052021,   1542
104000006,  04,   30052021,   1542
000000000,  02,   30052021,   1542
000000000,  02,   30052021,   1542
000000000,  02,   30052021,   1542
104000222,  01,   30052021,   1544
104000285,  01,   30052021,   1545
103025488,  01,   30052021,   1545
000000000,  01,   30052021,   1546
000000000,  03,   30052021,   1547
104000334,  01,   30052021,   1547
104000358,  01,   30052021,   1547
000000000,  01,   30052021,   1551
000000000,  03,   30052021,   1556
106000013,  04,   30052021,   1600
106000013,  01,   30052021,   1602
000000000,  03,   30052021,   1605
110004004,  01,   30052021,   1605
106000013,  01,   30052021,   1606
110004004,  01,   30052021,   1611
104000041,  01,   30052021,   1616
110003994,  01,   30052021,   1618
104000041,  01,   30052021,   1620
101002737,  04,   30052021,   1628
101002737,  02,   30052021,   1628
101002737,  04,   30052021,   1630
000000000,  02,   30052021,   1632
000000000,  02,   30052021,   1632
000000000,  03,   30052021,   1633
000000000,  03,   30052021,   1636
000000000,  03,   30052021,   1643
000000000,  03,   30052021,   1643
000000000,  03,   30052021,   1643
000000000,  03,   30052021,   1643
000000000,  03,   30052021,   1643
000000000,  03,   30052021,   1643
000000000,  03,   30052021,   1643
000000000,  03,   30052021,   1643
106000013,  03,   30052021,   1644
105000021,  02,   30052021,   1651
000000000,  01,   30052021,   1651
103024303,  04,   30052021,   1652
000000000,  02,   30052021,   1655
103024303,  01,   30052021,   1655
104000334,  01,   30052021,   1705
000000000,  03,   30052021,   1705
104000334,  01,   30052021,   1710
104000042,  01,   30052021,   1710
104000222,  01,   30052021,   1710
000000000,  01,   30052021,   1720
103024303,  01,   30052021,   1721
104000334,  01,   30052021,   1721
110001870,  01,   30052021,   1726
104000046,  01,   30052021,   1728
103025488,  04,   30052021,   1729
103025488,  04,   30052021,   1731
103025488,  01,   30052021,   1733
000000000,  01,   30052021,   1735
104000358,  01,   30052021,   1744
101001320,  01,   30052021,   1747
104000358,  01,   30052021,   1750
110004004,  01,   30052021,   1751
104000043,  01,   30052021,   1754
000000000,  03,   30052021,   1755
000000000,  03,   30052021,   1756
000000000,  03,   30052021,   1756
104000274,  03,   30052021,   1759
104000338,  03,   30052021,   1759
104000273,  03,   30052021,   1800
104000285,  01,   30052021,   1800
104000358,  01,   30052021,   1800
104000272,  03,   30052021,   1800
101001320,  01,   30052021,   1800
104000004,  03,   30052021,   1800
104000099,  03,   30052021,   1801
104000011,  03,   30052021,   1801
104000009,  03,   30052021,   1801
104000041,  01,   30052021,   1802
000000000,  03,   30052021,   1802
104000041,  01,   30052021,   1802
104000111,  01,   30052021,   1802
000000000,  03,   30052021,   1802
104000041,  01,   30052021,   1803
000000000,  03,   30052021,   1803
104000005,  03,   30052021,   1804
104000244,  03,   30052021,   1804
104000239,  03,   30052021,   1804
104000270,  03,   30052021,   1804
104000008,  03,   30052021,   1807
103024303,  01,   30052021,   1807
103025488,  03,   30052021,   1808
000000000,  02,   30052021,   1809
000000000,  02,   30052021,   1809
000000000,  02,   30052021,   1809
000000000,  03,   30052021,   1816
000000000,  03,   30052021,   1817
000000000,  03,   30052021,   1817
000000000,  03,   30052021,   1817
000000000,  03,   30052021,   1817
104000088,  03,   30052021,   1818
000000000,  03,   30052021,   1818
000000000,  03,   30052021,   1818
000000000,  03,   30052021,   1820
000000000,  03,   30052021,   1820
000000000,  03,   30052021,   1820
000000000,  03,   30052021,   1820
000000000,  03,   30052021,   1820
000000000,  03,   30052021,   1821
000000000,  03,   30052021,   1821
110003994,  01,   30052021,   1821
103025489,  03,   30052021,   1826
103024303,  01,   30052021,   1838
104000297,  03,   30052021,   1840
101002738,  03,   30052021,   1847
000000000,  01,   30052021,   1851
104000047,  01,   30052021,   1900
104000047,  01,   30052021,   1906
101002738,  03,   30052021,   1907
103024303,  01,   30052021,   1912
000000000,  03,   30052021,   1922
000000000,  03,   30052021,   1924
101002738,  03,   30052021,   1931
000000000,  03,   30052021,   1935
000000000,  03,   30052021,   1939
104000349,  01,   30052021,   1944
000000000,  03,   30052021,   1951
000000000,  03,   30052021,   1958
000000000,  03,   30052021,   1958
000000000,  03,   30052021,   1958
000000000,  03,   30052021,   1959
000000000,  03,   30052021,   1959
000000000,  03,   30052021,   2001
000000000,  03,   30052021,   2008
101002738,  03,   30052021,   2010
000000000,  03,   30052021,   2010
101002738,  03,   30052021,   2021
000000000,  03,   30052021,   2023
000000000,  03,   30052021,   2023
000000000,  03,   30052021,   2024
000000000,  03,   30052021,   2024
000000000,  03,   30052021,   2024
000000000,  03,   30052021,   2025
000000000,  03,   30052021,   2025
104000048,  01,   30052021,   2031
104000047,  01,   30052021,   2031
104000112,  01,   30052021,   2031
104000360,  01,   30052021,   2031
000000000,  03,   30052021,   2031
000000000,  03,   30052021,   2031
000000000,  03,   30052021,   2032
000000000,  01,   30052021,   2033
103024303,  01,   30052021,   2034
104000467,  03,   30052021,   2035
104000095,  03,   30052021,   2035
101002738,  04,   30052021,   2036
000000000,  03,   30052021,   2036
103024303,  01,   30052021,   2038
000000000,  03,   30052021,   2040
000000000,  03,   30052021,   2042
000000000,  03,   30052021,   2044
103024303,  03,   30052021,   2044
101002738,  03,   30052021,   2049
000000000,  03,   30052021,   2112
000000000,  03,   30052021,   2113
000000000,  03,   30052021,   2113
000000000,  03,   30052021,   2115
000000000,  03,   30052021,   2120
000000000,  03,   30052021,   2122
000000000,  03,   30052021,   2125
000000000,  03,   30052021,   2127
000000000,  03,   30052021,   2131
000000000,  03,   30052021,   2134
000000000,  03,   30052021,   2134
000000000,  03,   30052021,   2134
000000000,  03,   30052021,   2134
000000000,  03,   30052021,   2149
000000000,  03,   30052021,   2149
000000000,  03,   30052021,   2149
000000000,  03,   30052021,   2151
000000000,  03,   30052021,   2152
000000000,  03,   30052021,   2153
000000000,  03,   30052021,   2153
000000000,  03,   30052021,   2159
000000000,  03,   30052021,   2200
000000000,  03,   30052021,   2201
000000000,  03,   30052021,   2201
000000000,  03,   30052021,   2201
000000000,  03,   30052021,   2202
000000000,  03,   30052021,   2202
000000000,  03,   30052021,   2202
000000000,  03,   30052021,   2203
000000000,  03,   30052021,   2203
000000000,  03,   30052021,   2205
000000000,  03,   30052021,   2205
000000000,  03,   30052021,   2206
000000000,  03,   30052021,   2207
000000000,  03,   30052021,   2207
000000000,  03,   30052021,   2207
000000000,  03,   30052021,   2208
000000000,  03,   30052021,   2208
000000000,  03,   30052021,   2208
000000000,  03,   30052021,   2208
000000000,  03,   30052021,   2209
000000000,  03,   30052021,   2211
000000000,  03,   30052021,   2211
000000000,  03,   30052021,   2215
000000000,  03,   30052021,   2222
000000000,  03,   30052021,   2222
000000000,  03,   30052021,   2223
000000000,  03,   30052021,   2224
000000000,  03,   30052021,   2225
000000000,  03,   30052021,   2233
000000000,  03,   30052021,   2234
000000000,  03,   30052021,   2238
000000000,  03,   30052021,   2240
000000000,  03,   30052021,   2247
000000000,  03,   30052021,   2252
000000000,  03,   30052021,   2253
000000000,  03,   30052021,   2255
000000000,  03,   30052021,   2256
000000000,  03,   30052021,   2256
000000000,  03,   30052021,   2256
000000000,  03,   30052021,   2256
000000000,  03,   30052021,   2256
000000000,  03,   30052021,   2257
000000000,  03,   30052021,   2257
000000000,  03,   30052021,   2257
000000000,  03,   30052021,   2257
000000000,  03,   30052021,   2259
000000000,  03,   30052021,   2259
000000000,  03,   30052021,   2259
000000000,  03,   31052021,   0347
000000000,  03,   31052021,   0347
000000000,  03,   31052021,   0347
000000000,  03,   31052021,   0348
000000000,  03,   31052021,   0348
000000000,  03,   31052021,   0348
000000000,  03,   31052021,   0350
000000000,  03,   31052021,   0353
000000000,  03,   31052021,   0355
000000000,  03,   31052021,   0539
000000000,  03,   31052021,   0714
000000000,  03,   31052021,   0714
101002738,  04,   31052021,   0739
101002738,  03,   31052021,   0739
103025489,  03,   31052021,   0741
101002738,  05,   31052021,   0742
106000013,  03,   31052021,   0749
103024303,  03,   31052021,   0809
103024303,  03,   31052021,   0810
103024303,  01,   31052021,   0812
000000000,  03,   31052021,   0815
103025488,  03,   31052021,   0816
000000000,  03,   31052021,   0817
000000000,  03,   31052021,   0818
000000000,  03,   31052021,   0818
000000000,  03,   31052021,   0818
000000000,  03,   31052021,   0818
000000000,  03,   31052021,   0818
000000000,  03,   31052021,   0818
000000000,  03,   31052021,   0819
000000000,  03,   31052021,   0826
000000000,  03,   31052021,   0830
106000013,  04,   31052021,   0834
107000157,  02,   31052021,   0836
000000000,  03,   31052021,   0836
106000013,  01,   31052021,   0837
107000157,  02,   31052021,   0838
000000000,  03,   31052021,   0838
104000088,  03,   31052021,   0840
107000157,  02,   31052021,   0842
101002738,  02,   31052021,   0846
101002738,  02,   31052021,   0846
000000000,  03,   31052021,   0846
000000000,  03,   31052021,   0846
101002738,  04,   31052021,   0846
000000000,  03,   31052021,   0847
000000000,  03,   31052021,   0848
000000000,  03,   31052021,   0849
104000274,  03,   31052021,   0905
000000000,  03,   31052021,   0905
000000000,  03,   31052021,   0906
104000274,  05,   31052021,   0906
101001320,  01,   31052021,   0909
104000274,  05,   31052021,   0909
000000000,  01,   31052021,   0913
104000041,  01,   31052021,   0914
104000338,  03,   31052021,   0914
104000040,  01,   31052021,   0914
104000043,  01,   31052021,   0916
104000285,  01,   31052021,   0917
103024303,  01,   31052021,   0918
104000111,  01,   31052021,   0923
104000358,  01,   31052021,   0923
104000099,  03,   31052021,   0923
104000277,  03,   31052021,   0929
104000272,  03,   31052021,   0929
104000004,  03,   31052021,   0929
104000011,  03,   31052021,   0929
104000011,  03,   31052021,   0929
000000000,  03,   31052021,   0929
104000009,  03,   31052021,   0929
104000005,  03,   31052021,   0929
104000005,  03,   31052021,   0929
000000000,  03,   31052021,   0929
104000009,  05,   31052021,   0929
104000042,  01,   31052021,   0930
110004004,  01,   31052021,   0932
000000000,  03,   31052021,   0933
000000000,  03,   31052021,   0934
000000000,  03,   31052021,   0934
104000343,  01,   31052021,   0935
104000467,  03,   31052021,   0935
104000239,  03,   31052021,   0935
104000244,  03,   31052021,   0935
104000008,  03,   31052021,   0935
106000013,  04,   31052021,   0936
104000273,  03,   31052021,   0936
106000013,  01,   31052021,   0937
000000000,  03,   31052021,   0938
000000000,  03,   31052021,   0938
000000000,  03,   31052021,   0938
000000000,  03,   31052021,   0939
000000000,  03,   31052021,   0940
000000000,  03,   31052021,   0944
000000000,  03,   31052021,   0944
000000000,  03,   31052021,   0944
110001870,  01,   31052021,   0944
000000000,  03,   31052021,   0944
000000000,  03,   31052021,   0944
000000000,  03,   31052021,   0944
000000000,  03,   31052021,   0945
000000000,  03,   31052021,   0945
000000000,  03,   31052021,   0946
110001868,  03,   31052021,   0947
101001321,  01,   31052021,   0948
104000338,  03,   31052021,   0954
104000338,  03,   31052021,   0958
000000000,  01,   31052021,   1003
103024303,  01,   31052021,   1009
104000360,  01,   31052021,   1009
104000048,  01,   31052021,   1009
104000046,  01,   31052021,   1010
104000334,  01,   31052021,   1010
104000047,  01,   31052021,   1010
104000112,  01,   31052021,   1010
104000270,  03,   31052021,   1010
104000338,  03,   31052021,   1010
000000000,  03,   31052021,   1011
000000000,  03,   31052021,   1011
000000000,  03,   31052021,   1011
000000000,  03,   31052021,   1011
000000000,  03,   31052021,   1011
000000000,  03,   31052021,   1011
000000000,  01,   31052021,   1015
101002738,  01,   31052021,   1017
101002738,  04,   31052021,   1018
000000000,  01,   31052021,   1018
000000000,  03,   31052021,   1019
000000000,  03,   31052021,   1019
000000000,  03,   31052021,   1020
104000285,  01,   31052021,   1021
106000013,  04,   31052021,   1022
000000000,  02,   31052021,   1025
000000000,  02,   31052021,   1025
000000000,  03,   31052021,   1025
000000000,  03,   31052021,   1025
000000000,  03,   31052021,   1025
000000000,  03,   31052021,   1025
000000000,  03,   31052021,   1025
000000000,  03,   31052021,   1025
000000000,  03,   31052021,   1025
000000000,  03,   31052021,   1025
000000000,  03,   31052021,   1026
000000000,  03,   31052021,   1026
000000000,  02,   31052021,   1026
000000000,  02,   31052021,   1026
000000000,  02,   31052021,   1026
000000000,  03,   31052021,   1027
000000000,  03,   31052021,   1027
000000000,  03,   31052021,   1027
000000000,  03,   31052021,   1027
000000000,  03,   31052021,   1027
000000000,  03,   31052021,   1027
000000000,  03,   31052021,   1027
000000000,  03,   31052021,   1027
000000000,  03,   31052021,   1027
000000000,  03,   31052021,   1027
000000000,  03,   31052021,   1028
000000000,  03,   31052021,   1028
106000013,  02,   31052021,   1034
106000013,  04,   31052021,   1035
101001321,  01,   31052021,   1036
101001321,  01,   31052021,   1036
000000000,  02,   31052021,   1037
101001321,  01,   31052021,   1037
000000000,  02,   31052021,   1037
000000000,  04,   31052021,   1038
000000000,  04,   31052021,   1038
000000000,  01,   31052021,   1039
000000000,  03,   31052021,   1041
110003994,  01,   31052021,   1044
101001321,  01,   31052021,   1046
000000000,  03,   31052021,   1046
000000000,  03,   31052021,   1046
000000000,  03,   31052021,   1046
000000000,  03,   31052021,   1046
000000000,  03,   31052021,   1046
000000000,  03,   31052021,   1046
000000000,  03,   31052021,   1046
000000000,  03,   31052021,   1046
000000000,  03,   31052021,   1047
000000000,  03,   31052021,   1047
000000000,  03,   31052021,   1047
000000000,  03,   31052021,   1047
000000000,  03,   31052021,   1047
000000000,  03,   31052021,   1048
104000095,  03,   31052021,   1048
000000000,  03,   31052021,   1048
000000000,  03,   31052021,   1048
000000000,  03,   31052021,   1048
000000000,  03,   31052021,   1048
000000000,  03,   31052021,   1048
000000000,  03,   31052021,   1048
000000000,  03,   31052021,   1048
000000000,  03,   31052021,   1048
101001320,  04,   31052021,   1049
000000000,  01,   31052021,   1050
101001320,  04,   31052021,   1051
104000338,  03,   31052021,   1053
101001320,  01,   31052021,   1054
000000000,  01,   31052021,   1055
101001321,  01,   31052021,   1055
101001320,  01,   31052021,   1056
000001809,  01,   31052021,   1104
000000000,  02,   31052021,   1106
000000000,  02,   31052021,   1106
101002737,  02,   31052021,   1106
101002737,  04,   31052021,   1106
101002737,  04,   31052021,   1107
000000000,  02,   31052021,   1108
106000013,  04,   31052021,   1110
104000349,  01,   31052021,   1113
104000467,  03,   31052021,   1113
104000297,  03,   31052021,   1114
106000013,  01,   31052021,   1114
103025488,  01,   31052021,   1115
000000000,  03,   31052021,   1117
104000244,  04,   31052021,   1117
000000000,  01,   31052021,   1118
000000000,  02,   31052021,   1121
000000000,  02,   31052021,   1121
106000013,  04,   31052021,   1123
106000013,  01,   31052021,   1123
104000244,  04,   31052021,   1125
104000006,  04,   31052021,   1127
104000467,  03,   31052021,   1131
106000008,  02,   31052021,   1133
110001870,  01,   31052021,   1140
000000000,  01,   31052021,   1143
103024303,  01,   31052021,   1144
104000467,  03,   31052021,   1144
103024303,  01,   31052021,   1147
000000000,  03,   31052021,   1153
000000000,  02,   31052021,   1154
000000000,  02,   31052021,   1154
110001870,  04,   31052021,   1154
000000000,  03,   31052021,   1154
000000000,  03,   31052021,   1154
000000000,  03,   31052021,   1154
000000000,  03,   31052021,   1154
000000000,  03,   31052021,   1154
000000000,  03,   31052021,   1154
000000000,  03,   31052021,   1154
000000000,  03,   31052021,   1154
000000000,  03,   31052021,   1155
000000000,  03,   31052021,   1155
000000000,  03,   31052021,   1155
000000000,  03,   31052021,   1155
110001870,  01,   31052021,   1156
104000467,  03,   31052021,   1156
000001809,  04,   31052021,   1158
000001809,  01,   31052021,   1159
110001870,  01,   31052021,   1159
104000046,  01,   31052021,   1206
104000272,  03,   31052021,   1210
104000334,  01,   31052021,   1211
104000334,  01,   31052021,   1211
000000000,  01,   31052021,   1211
104000334,  01,   31052021,   1212
000000000,  01,   31052021,   1215
000000000,  01,   31052021,   1219
000000000,  03,   31052021,   1222
104000334,  01,   31052021,   1223
000000000,  03,   31052021,   1223
000000000,  03,   31052021,   1224
000000000,  03,   31052021,   1224
000000000,  03,   31052021,   1224
000000000,  02,   31052021,   1224
000000000,  02,   31052021,   1224
000000000,  02,   31052021,   1224
000000000,  02,   31052021,   1224
000000000,  03,   31052021,   1224
104000046,  01,   31052021,   1224
110001870,  01,   31052021,   1225
000000000,  03,   31052021,   1225
000000000,  03,   31052021,   1226
000000000,  03,   31052021,   1226
000000000,  03,   31052021,   1226
000000000,  03,   31052021,   1226
000000000,  03,   31052021,   1226
000000000,  03,   31052021,   1226
000000000,  03,   31052021,   1226
000000000,  03,   31052021,   1226
000000000,  03,   31052021,   1226
000000000,  03,   31052021,   1226
000000000,  03,   31052021,   1226
000000000,  03,   31052021,   1226
000000000,  03,   31052021,   1226
000000000,  03,   31052021,   1226
000000000,  03,   31052021,   1227
000000000,  03,   31052021,   1227
000000000,  03,   31052021,   1228
000000000,  03,   31052021,   1228
000000000,  03,   31052021,   1228
000000000,  03,   31052021,   1228
000000000,  03,   31052021,   1228
000000000,  03,   31052021,   1228
000000000,  03,   31052021,   1228
000000000,  03,   31052021,   1228
000000000,  03,   31052021,   1229
000000000,  03,   31052021,   1229
000000000,  03,   31052021,   1229
000000000,  03,   31052021,   1229
000000000,  04,   31052021,   1237
000000000,  04,   31052021,   1237
000000000,  01,   31052021,   1243
000000000,  03,   31052021,   1243
000000000,  01,   31052021,   1244
000000000,  01,   31052021,   1249
000000000,  03,   31052021,   1251
000000000,  03,   31052021,   1252
000000000,  03,   31052021,   1253
000000000,  03,   31052021,   1253
106000008,  02,   31052021,   1253
000000000,  02,   31052021,   1254
000000000,  03,   31052021,   1254
000000000,  03,   31052021,   1257
000000000,  03,   31052021,   1257
000000000,  03,   31052021,   1257
000000000,  03,   31052021,   1257
000000000,  03,   31052021,   1257
104000343,  01,   31052021,   1258
101002738,  04,   31052021,   1258
000000000,  03,   31052021,   1259
000000000,  02,   31052021,   1259
101002738,  02,   31052021,   1300
101002738,  04,   31052021,   1300
000000000,  03,   31052021,   1301
103024303,  01,   31052021,   1301
000000000,  03,   31052021,   1301
000000000,  03,   31052021,   1301
000000000,  03,   31052021,   1301
000000000,  03,   31052021,   1301
000000000,  03,   31052021,   1302
000000000,  03,   31052021,   1302
000000000,  03,   31052021,   1302
000000000,  03,   31052021,   1302
000000000,  03,   31052021,   1302
000000000,  03,   31052021,   1302
103025489,  04,   31052021,   1302
000000000,  03,   31052021,   1303
000000000,  03,   31052021,   1303
000000000,  03,   31052021,   1303
000000000,  03,   31052021,   1303
000000000,  03,   31052021,   1303
000000000,  03,   31052021,   1303
000000000,  03,   31052021,   1303
000001809,  04,   31052021,   1304
000000000,  03,   31052021,   1304
000000000,  03,   31052021,   1304
000000000,  03,   31052021,   1304
000000000,  03,   31052021,   1304
000000000,  03,   31052021,   1304
000000000,  03,   31052021,   1304
000000000,  03,   31052021,   1304
103025489,  01,   31052021,   1305
103025489,  04,   31052021,   1305
000000000,  01,   31052021,   1306
000000000,  03,   31052021,   1306
000000000,  03,   31052021,   1306
000000000,  03,   31052021,   1306
000000000,  03,   31052021,   1306
000000000,  03,   31052021,   1306
000000000,  03,   31052021,   1306
000000000,  03,   31052021,   1306
106000128,  02,   31052021,   1306
000001809,  01,   31052021,   1306
000000000,  03,   31052021,   1306
000000000,  03,   31052021,   1306
000000000,  03,   31052021,   1306
000000000,  03,   31052021,   1306
000000000,  03,   31052021,   1306
000000000,  03,   31052021,   1306
000000000,  03,   31052021,   1306
000000000,  03,   31052021,   1307
000000000,  03,   31052021,   1307
000000000,  03,   31052021,   1307
000000000,  03,   31052021,   1307
000000000,  03,   31052021,   1307
000000000,  03,   31052021,   1307
000000000,  03,   31052021,   1307
000000000,  03,   31052021,   1307
000000000,  03,   31052021,   1307
000000000,  03,   31052021,   1307
000000000,  03,   31052021,   1307
000000000,  03,   31052021,   1307
000000000,  03,   31052021,   1308
000000000,  03,   31052021,   1308
000000000,  03,   31052021,   1308
000000000,  03,   31052021,   1308
000000000,  03,   31052021,   1308
000000000,  02,   31052021,   1308
000000000,  03,   31052021,   1308
000000000,  03,   31052021,   1308
000000000,  03,   31052021,   1308
000000000,  03,   31052021,   1308
000000000,  03,   31052021,   1309
000000000,  03,   31052021,   1309
000000000,  03,   31052021,   1310
000000000,  03,   31052021,   1310
104000006,  04,   31052021,   1310
000000000,  03,   31052021,   1311
000000000,  03,   31052021,   1311
000000000,  03,   31052021,   1311
000001809,  01,   31052021,   1312
000000000,  03,   31052021,   1313
000000000,  03,   31052021,   1314
000000000,  03,   31052021,   1314
000000000,  03,   31052021,   1314
000000000,  03,   31052021,   1314
000000000,  03,   31052021,   1315
104000006,  04,   31052021,   1315
104000043,  01,   31052021,   1319
000000000,  03,   31052021,   1323
000000000,  03,   31052021,   1323
000000000,  03,   31052021,   1325
000000000,  01,   31052021,   1326
104000047,  01,   31052021,   1330
104000043,  01,   31052021,   1330
000000000,  03,   31052021,   1332
000000000,  03,   31052021,   1332
104000334,  01,   31052021,   1336
103024303,  01,   31052021,   1336
104000334,  01,   31052021,   1338
000000000,  01,   31052021,   1341
103024303,  01,   31052021,   1344
104000008,  03,   31052021,   1350
000000000,  01,   31052021,   1353
000000000,  04,   31052021,   1355
104000006,  04,   31052021,   1356
000000000,  01,   31052021,   1356
104000272,  03,   31052021,   1356
000000000,  01,   31052021,   1359
000000000,  01,   31052021,   1400
000000000,  01,   31052021,   1401
106000013,  04,   31052021,   1403
104000006,  04,   31052021,   1403
101001320,  01,   31052021,   1404
000000000,  02,   31052021,   1405
000000000,  02,   31052021,   1405
000000000,  02,   31052021,   1405
000000000,  02,   31052021,   1405
106000013,  01,   31052021,   1406
110001870,  01,   31052021,   1406
110003994,  01,   31052021,   1407
104000358,  01,   31052021,   1407
110004004,  01,   31052021,   1407
104000040,  01,   31052021,   1407
103025489,  01,   31052021,   1411
103025489,  04,   31052021,   1416
110004004,  01,   31052021,   1416
000000000,  01,   31052021,   1417
105000264,  04,   31052021,   1421
105000264,  02,   31052021,   1421
110003994,  01,   31052021,   1429
104000467,  03,   31052021,   1431
101001321,  01,   31052021,   1432
104000272,  03,   31052021,   1440
000000000,  01,   31052021,   1446
107000197,  02,   31052021,   1446
107000197,  04,   31052021,   1446
000000000,  01,   31052021,   1449
000000000,  01,   31052021,   1449
103024303,  02,   31052021,   1450
103024303,  04,   31052021,   1450
103024303,  04,   31052021,   1452
103024303,  01,   31052021,   1454
000000000,  01,   31052021,   1500
104000046,  01,   31052021,   1501
000000000,  01,   31052021,   1507
101002738,  04,   31052021,   1510
106000013,  04,   31052021,   1511
106000013,  01,   31052021,   1511
000000000,  02,   31052021,   1512
000000000,  02,   31052021,   1512
000000000,  02,   31052021,   1512
107000197,  02,   31052021,   1512
101002738,  02,   31052021,   1514
101002738,  04,   31052021,   1514
104000043,  01,   31052021,   1515
104000043,  01,   31052021,   1519
101001321,  04,   31052021,   1522
000000000,  01,   31052021,   1522
000000000,  01,   31052021,   1522
104000006,  04,   31052021,   1523
104000006,  04,   31052021,   1527
101001321,  01,   31052021,   1532
000000000,  01,   31052021,   1533
000000000,  01,   31052021,   1534
101001321,  04,   31052021,   1535
104000467,  03,   31052021,   1538
104000272,  03,   31052021,   1541
106000013,  04,   31052021,   1542
101002737,  02,   31052021,   1543
101002737,  04,   31052021,   1543
106000013,  01,   31052021,   1545
101001321,  01,   31052021,   1547
101002738,  02,   31052021,   1551
101002738,  04,   31052021,   1553
106000013,  01,   31052021,   1555
104000041,  01,   31052021,   1559
104000047,  01,   31052021,   1600
000000000,  04,   31052021,   1601
000000000,  04,   31052021,   1601
000000000,  04,   31052021,   1601
000000000,  04,   31052021,   1601
000000000,  04,   31052021,   1601
000000000,  04,   31052021,   1601
104000334,  01,   31052021,   1603
000000000,  01,   31052021,   1603
101001321,  01,   31052021,   1604
104000334,  01,   31052021,   1605
000000000,  01,   31052021,   1608
000000000,  01,   31052021,   1611
000000000,  01,   31052021,   1611
104000042,  01,   31052021,   1614
101001320,  01,   31052021,   1616
104000244,  04,   31052021,   1621
000000000,  01,   31052021,   1623
103024303,  01,   31052021,   1625
104000272,  04,   31052021,   1628
104000047,  01,   31052021,   1630
104000041,  01,   31052021,   1630
000000000,  01,   31052021,   1636
110004004,  01,   31052021,   1636
101002738,  01,   31052021,   1638
103024303,  01,   31052021,   1639
104000244,  03,   31052021,   1639
101002738,  01,   31052021,   1640
000000000,  01,   31052021,   1643
104000285,  01,   31052021,   1646
110004004,  01,   31052021,   1646
104000006,  04,   31052021,   1650
103024303,  01,   31052021,   1651
106000013,  03,   31052021,   1652
107000157,  02,   31052021,   1652
107000157,  04,   31052021,   1652
104000006,  04,   31052021,   1656
000000000,  01,   31052021,   1658
101001320,  01,   31052021,   1658
104000343,  01,   31052021,   1702
000000000,  01,   31052021,   1708
104000040,  01,   31052021,   1709
104000343,  01,   31052021,   1711
104000047,  01,   31052021,   1722
104000047,  01,   31052021,   1722
110003994,  04,   31052021,   1725
110003994,  01,   31052021,   1726
104000046,  01,   31052021,   1731
000000000,  01,   31052021,   1731
104000112,  01,   31052021,   1731
110003994,  04,   31052021,   1734
110003994,  01,   31052021,   1736
110003994,  01,   31052021,   1740
110003994,  01,   31052021,   1743
104000274,  03,   31052021,   1800
104000338,  03,   31052021,   1802
104000270,  03,   31052021,   1802
104000011,  03,   31052021,   1802
104000273,  03,   31052021,   1804
104000004,  03,   31052021,   1804
104000272,  03,   31052021,   1804
104000112,  01,   31052021,   1807
104000244,  03,   31052021,   1807
104000111,  01,   31052021,   1808
104000041,  01,   31052021,   1808
104000285,  01,   31052021,   1808
104000005,  03,   31052021,   1808
104000009,  03,   31052021,   1808
104000043,  01,   31052021,   1808
000000000,  01,   31052021,   1808
110004004,  01,   31052021,   1808
104000005,  03,   31052021,   1810
104000239,  03,   31052021,   1810
104000009,  03,   31052021,   1810
104000099,  03,   31052021,   1812
104000277,  03,   31052021,   1813
104000239,  03,   31052021,   1813
103025488,  03,   31052021,   1813
104000008,  03,   31052021,   1813
000000000,  01,   31052021,   1825
110001868,  03,   31052021,   1826
110003994,  01,   31052021,   1828
104000088,  03,   31052021,   1832
000000000,  02,   31052021,   1842
000000000,  02,   31052021,   1842
103024303,  01,   31052021,   1847
000000000,  01,   31052021,   1905
103024303,  01,   31052021,   1905
104000297,  03,   31052021,   1907
103024303,  01,   31052021,   1925
000000000,  01,   31052021,   1929
000000000,  03,   31052021,   1932
000000000,  03,   31052021,   1932
000000000,  03,   31052021,   1932
103024303,  01,   31052021,   1932
000000000,  03,   31052021,   1932
000000000,  03,   31052021,   1932
000000000,  03,   31052021,   1932
000000000,  03,   31052021,   1932
000000000,  03,   31052021,   1932
000000000,  03,   31052021,   1933
000000000,  03,   31052021,   1933
000000000,  03,   31052021,   1933
000000000,  03,   31052021,   1933
000000000,  03,   31052021,   1933
000000000,  03,   31052021,   1933
000000000,  03,   31052021,   1933
000000000,  03,   31052021,   1934
000000000,  03,   31052021,   1934
000000000,  03,   31052021,   1934
000000000,  03,   31052021,   1934
000000000,  03,   31052021,   1935
000000000,  03,   31052021,   1935
000000000,  03,   31052021,   1935
000000000,  03,   31052021,   1935
000000000,  03,   31052021,   1935
000000000,  03,   31052021,   1935
000000000,  03,   31052021,   1935
000000000,  03,   31052021,   1936
000000000,  03,   31052021,   1936
000000000,  03,   31052021,   1936
000000000,  03,   31052021,   1936
000000000,  03,   31052021,   1938
000000000,  03,   31052021,   1938
000000000,  03,   31052021,   1938
000000000,  03,   31052021,   1938
000000000,  03,   31052021,   1939
000000000,  03,   31052021,   1939
000000000,  03,   31052021,   1939
104000343,  01,   31052021,   1940
000000000,  03,   31052021,   1944
000000000,  03,   31052021,   1946
104000343,  01,   31052021,   1946
104000349,  01,   31052021,   1947
000000000,  03,   31052021,   1947
000000000,  03,   31052021,   1949
000000000,  03,   31052021,   1952
000000000,  03,   31052021,   1958
000000000,  03,   31052021,   1958
000000000,  03,   31052021,   1958
000000000,  03,   31052021,   1959
000000000,  03,   31052021,   1959
000000000,  03,   31052021,   1959
000000000,  03,   31052021,   1959
000000000,  03,   31052021,   1959
000000000,  03,   31052021,   1959
000000000,  03,   31052021,   1959
000000000,  03,   31052021,   1959
000000000,  03,   31052021,   1959
000000000,  03,   31052021,   1959
000000000,  03,   31052021,   1959
000000000,  03,   31052021,   2000
104000334,  01,   31052021,   2000
000000000,  03,   31052021,   2000
104000360,  01,   31052021,   2000
104000048,  01,   31052021,   2000
000000000,  03,   31052021,   2000
000000000,  03,   31052021,   2000
104000112,  01,   31052021,   2001
000000000,  03,   31052021,   2001
000000000,  03,   31052021,   2001
000000000,  03,   31052021,   2001
000000000,  03,   31052021,   2001
000000000,  03,   31052021,   2003
000000000,  03,   31052021,   2003
000000000,  03,   31052021,   2003
000000000,  03,   31052021,   2003
000000000,  03,   31052021,   2003
000000000,  03,   31052021,   2003
000000000,  03,   31052021,   2003
000000000,  03,   31052021,   2004
000000000,  03,   31052021,   2004
000000000,  03,   31052021,   2004
000000000,  03,   31052021,   2004
000000000,  03,   31052021,   2004
000000000,  03,   31052021,   2004
000000000,  03,   31052021,   2004
000000000,  03,   31052021,   2005
000000000,  03,   31052021,   2005
000000000,  03,   31052021,   2005
000000000,  03,   31052021,   2005
000000000,  03,   31052021,   2005
000000000,  03,   31052021,   2005
000000000,  03,   31052021,   2005
000000000,  03,   31052021,   2005
000000000,  03,   31052021,   2005
000000000,  03,   31052021,   2006
000000000,  01,   31052021,   2006
000000000,  03,   31052021,   2006
000000000,  03,   31052021,   2006
000000000,  03,   31052021,   2006
000000000,  03,   31052021,   2006
000000000,  03,   31052021,   2007
000000000,  03,   31052021,   2007
103024303,  01,   31052021,   2007
000000000,  03,   31052021,   2007
000000000,  03,   31052021,   2008
000000000,  03,   31052021,   2008
103024303,  01,   31052021,   2009
000000000,  03,   31052021,   2011
000000000,  03,   31052021,   2011
000000000,  03,   31052021,   2011
000000000,  03,   31052021,   2014
000000000,  03,   31052021,   2014
000000000,  03,   31052021,   2014
000000000,  03,   31052021,   2015
000000000,  03,   31052021,   2015
000000000,  03,   31052021,   2016
000000000,  03,   31052021,   2017
000000000,  02,   31052021,   2019
103025489,  03,   31052021,   2022
000000000,  03,   31052021,   2023
000000000,  03,   31052021,   2024
000000000,  03,   31052021,   2025
101002738,  04,   31052021,   2025
000000000,  03,   31052021,   2026
000000000,  03,   31052021,   2030
000000000,  03,   31052021,   2031
000000000,  03,   31052021,   2036
000000000,  03,   31052021,   2037
000000000,  03,   31052021,   2037
000000000,  03,   31052021,   2038
000000000,  03,   31052021,   2038
000000000,  03,   31052021,   2046
000000000,  03,   31052021,   2046
000000000,  03,   31052021,   2046
000000000,  03,   31052021,   2046
000000000,  03,   31052021,   2046
000000000,  03,   31052021,   2047
000000000,  03,   31052021,   2047
104000467,  03,   31052021,   2056
000000000,  03,   31052021,   2140
000000000,  03,   31052021,   2140
000000000,  03,   31052021,   2140
000000000,  03,   31052021,   2141
000000000,  03,   31052021,   2141
000000000,  03,   31052021,   2141
000000000,  03,   31052021,   2141
000000000,  03,   31052021,   2141
000000000,  03,   31052021,   2204
104000095,  03,   31052021,   2210
101002738,  03,   31052021,   2211
000000000,  03,   01062021,   0328
000000000,  03,   01062021,   0328
000000000,  03,   01062021,   0330
000000000,  03,   01062021,   0331
000000000,  03,   01062021,   0331
000000000,  03,   01062021,   0331
000000000,  03,   01062021,   0331
000000000,  03,   01062021,   0331
000000000,  03,   01062021,   0331
000000000,  03,   01062021,   0331
000000000,  03,   01062021,   0332
000000000,  03,   01062021,   0332
000000000,  03,   01062021,   0332
000000000,  03,   01062021,   0332
000000000,  03,   01062021,   0333
000000000,  03,   01062021,   0333
000000000,  03,   01062021,   0333
000000000,  03,   01062021,   0333
000000000,  03,   01062021,   0333
000000000,  03,   01062021,   0333
000000000,  03,   01062021,   0334
000000000,  03,   01062021,   0334
000000000,  03,   01062021,   0335
000000000,  03,   01062021,   0335
000000000,  03,   01062021,   0335
000000000,  03,   01062021,   0335
000000000,  03,   01062021,   0335
000000000,  03,   01062021,   0335
000000000,  03,   01062021,   0335
000000000,  03,   01062021,   0335
000000000,  03,   01062021,   0335
000000000,  03,   01062021,   0410
000000000,  03,   01062021,   0420
000000000,  03,   01062021,   0420
000000000,  03,   01062021,   0426
000000000,  03,   01062021,   0429
000000000,  03,   01062021,   0429
000000000,  03,   01062021,   0429
000000000,  03,   01062021,   0433
000000000,  03,   01062021,   0433
000000000,  03,   01062021,   0433
000000000,  03,   01062021,   0441
000000000,  03,   01062021,   0442
000000000,  03,   01062021,   0443
000000000,  03,   01062021,   0443
000000000,  03,   01062021,   0443
000000000,  03,   01062021,   0443
000000000,  03,   01062021,   0446
000000000,  03,   01062021,   0446
000000000,  03,   01062021,   0447
000000000,  03,   01062021,   0450
000000000,  03,   01062021,   0450
000000000,  03,   01062021,   0450
000000000,  03,   01062021,   0450
000000000,  03,   01062021,   0451
000000000,  03,   01062021,   0451
000000000,  03,   01062021,   0451
000000000,  03,   01062021,   0452
000000000,  03,   01062021,   0452
000000000,  03,   01062021,   0452
000000000,  03,   01062021,   0453
000000000,  03,   01062021,   0454
000000000,  03,   01062021,   0457
000000000,  03,   01062021,   0457
000000000,  03,   01062021,   0458
000000000,  03,   01062021,   0458
000000000,  03,   01062021,   0458
000000000,  03,   01062021,   0458
000000000,  03,   01062021,   0458
000000000,  03,   01062021,   0458
000000000,  03,   01062021,   0502
000000000,  03,   01062021,   0502
000000000,  03,   01062021,   0502
000000000,  03,   01062021,   0503
000000000,  03,   01062021,   0503
000000000,  03,   01062021,   0504
000000000,  03,   01062021,   0506
000000000,  03,   01062021,   0516
000000000,  03,   01062021,   0516
000000000,  03,   01062021,   0516
000000000,  03,   01062021,   0516
000000000,  03,   01062021,   0516
000000000,  03,   01062021,   0517
000000000,  03,   01062021,   0517
000000000,  03,   01062021,   0517
000000000,  03,   01062021,   0517
000000000,  03,   01062021,   0517
000000000,  03,   01062021,   0517
000000000,  03,   01062021,   0517
000000000,  03,   01062021,   0518
101002738,  04,   01062021,   0729
101002738,  03,   01062021,   0729
101002738,  05,   01062021,   0732
106000013,  03,   01062021,   0757
103025489,  03,   01062021,   0800
000000000,  03,   01062021,   0824
104000098,  03,   01062021,   0824
000000000,  03,   01062021,   0828
106000013,  04,   01062021,   0842
101002738,  01,   01062021,   0844
106000013,  01,   01062021,   0844
101002738,  01,   01062021,   0846
104000088,  03,   01062021,   0851
107000157,  03,   01062021,   0851
103024303,  01,   01062021,   0853
103025488,  03,   01062021,   0913
000000000,  03,   01062021,   0913
000000000,  03,   01062021,   0913
000000000,  03,   01062021,   0928
000000000,  03,   01062021,   0928
000000000,  03,   01062021,   0928
000000000,  03,   01062021,   0928
000000000,  03,   01062021,   0929
000000000,  03,   01062021,   0930
000000000,  03,   01062021,   0930
000000000,  03,   01062021,   0931
000000000,  03,   01062021,   0931
000000000,  03,   01062021,   0931
104000343,  01,   01062021,   0932
104000467,  03,   01062021,   0932
104000273,  03,   01062021,   0939
000000000,  03,   01062021,   0939
104000358,  01,   01062021,   0943
104000358,  01,   01062021,   0943
107000157,  02,   01062021,   0944
104000277,  03,   01062021,   0944
104000272,  03,   01062021,   0944
104000009,  03,   01062021,   0944
000000000,  03,   01062021,   0944
104000005,  03,   01062021,   0944
000000000,  03,   01062021,   0944
104000099,  03,   01062021,   0944
104000004,  03,   01062021,   0944
104000009,  05,   01062021,   0944
104000237,  03,   01062021,   0948
106000013,  04,   01062021,   0950
106000013,  01,   01062021,   0950
101001320,  01,   01062021,   0951
101002738,  01,   01062021,   0957
101002738,  01,   01062021,   0958
104000042,  01,   01062021,   1011
000000000,  03,   01062021,   1012
000000000,  03,   01062021,   1012
104000041,  01,   01062021,   1013
104000285,  01,   01062021,   1013
104000285,  01,   01062021,   1013
104000285,  01,   01062021,   1013
104000285,  01,   01062021,   1013
104000040,  01,   01062021,   1013
110004004,  01,   01062021,   1013
000000000,  03,   01062021,   1013
104000338,  03,   01062021,   1013
000000000,  03,   01062021,   1013
104000043,  01,   01062021,   1014
110001868,  03,   01062021,   1014
110001868,  05,   01062021,   1015
104000046,  01,   01062021,   1016
104000047,  01,   01062021,   1016
104000048,  01,   01062021,   1016
104000112,  01,   01062021,   1016
104000334,  01,   01062021,   1017
101001321,  01,   01062021,   1017
104000270,  03,   01062021,   1017
000000000,  01,   01062021,   1018
103024303,  01,   01062021,   1018
104000046,  01,   01062021,   1019
104000046,  01,   01062021,   1026
104000011,  03,   01062021,   1029
104000244,  03,   01062021,   1032
104000008,  03,   01062021,   1032
104000239,  03,   01062021,   1032
106000013,  04,   01062021,   1035
000000000,  02,   01062021,   1036
000000000,  02,   01062021,   1036
000000000,  02,   01062021,   1036
000000000,  02,   01062021,   1036
104000006,  03,   01062021,   1037
104000467,  03,   01062021,   1040
106000013,  02,   01062021,   1042
106000013,  04,   01062021,   1042
104000274,  03,   01062021,   1050
104000043,  01,   01062021,   1051
110004004,  01,   01062021,   1055
000000000,  01,   01062021,   1058
104000467,  03,   01062021,   1102
104000343,  01,   01062021,   1103
103024303,  04,   01062021,   1104
000000000,  01,   01062021,   1105
110004004,  01,   01062021,   1105
103024303,  01,   01062021,   1106
106000013,  04,   01062021,   1109
106000013,  01,   01062021,   1113
101001320,  01,   01062021,   1116
104000095,  03,   01062021,   1117
000000000,  01,   01062021,   1125
106000013,  01,   01062021,   1131
106000013,  04,   01062021,   1131
103024303,  01,   01062021,   1134
104000343,  01,   01062021,   1143
104000046,  01,   01062021,   1144
104000467,  04,   01062021,   1146
000000000,  02,   01062021,   1148
000000000,  02,   01062021,   1148
000000000,  02,   01062021,   1148
104000006,  04,   01062021,   1149
104000297,  03,   01062021,   1154
104000006,  04,   01062021,   1154
110003994,  01,   01062021,   1159
110001870,  01,   01062021,   1159
104000046,  01,   01062021,   1200
000000000,  03,   01062021,   1200
000000000,  03,   01062021,   1201
000000000,  03,   01062021,   1201
104000222,  01,   01062021,   1202
104000349,  01,   01062021,   1202
000000000,  03,   01062021,   1202
000000000,  03,   01062021,   1203
000000000,  03,   01062021,   1203
000000000,  03,   01062021,   1203
000000000,  01,   01062021,   1214
104000040,  04,   01062021,   1214
104000040,  01,   01062021,   1215
000000000,  01,   01062021,   1217
104000047,  01,   01062021,   1224
104000040,  04,   01062021,   1225
104000467,  02,   01062021,   1226
104000467,  04,   01062021,   1226
104000040,  01,   01062021,   1228
104000338,  03,   01062021,   1232
000000000,  01,   01062021,   1233
104000047,  01,   01062021,   1235
101002738,  01,   01062021,   1242
104000008,  03,   01062021,   1247
101002738,  04,   01062021,   1250
101002738,  01,   01062021,   1250
000000000,  01,   01062021,   1303
101001321,  01,   01062021,   1305
103025488,  01,   01062021,   1306
000000000,  01,   01062021,   1307
104000237,  04,   01062021,   1314
104000237,  04,   01062021,   1315
103024303,  01,   01062021,   1317
000000000,  01,   01062021,   1326
000000000,  01,   01062021,   1328
104000338,  03,   01062021,   1328
103024303,  01,   01062021,   1333
000001809,  04,   01062021,   1333
110004004,  01,   01062021,   1334
000001809,  01,   01062021,   1335
110004004,  01,   01062021,   1338
000001809,  04,   01062021,   1338
000001809,  01,   01062021,   1339
000001809,  04,   01062021,   1340
000001809,  01,   01062021,   1342
104000047,  01,   01062021,   1350
104000047,  01,   01062021,   1352
104000047,  01,   01062021,   1354
110003994,  01,   01062021,   1358
104000008,  03,   01062021,   1359
106000013,  04,   01062021,   1402
106000013,  01,   01062021,   1405
000001809,  01,   01062021,   1409
000000000,  01,   01062021,   1410
101001321,  04,   01062021,   1414
104000043,  01,   01062021,   1415
110001870,  01,   01062021,   1417
110004004,  01,   01062021,   1417
101001321,  01,   01062021,   1418
110003994,  04,   01062021,   1421
110003994,  01,   01062021,   1423
110004004,  01,   01062021,   1428
000000000,  01,   01062021,   1433
000000000,  01,   01062021,   1433
104000343,  01,   01062021,   1434
104000222,  01,   01062021,   1436
000000000,  01,   01062021,   1436
104000006,  04,   01062021,   1437
104000285,  01,   01062021,   1438
104000006,  04,   01062021,   1442
000000000,  01,   01062021,   1443
104000467,  03,   01062021,   1450
104000358,  01,   01062021,   1457
104000334,  01,   01062021,   1457
107000197,  02,   01062021,   1459
107000197,  04,   01062021,   1459
000000000,  01,   01062021,   1503
104000343,  04,   01062021,   1504
107000197,  02,   01062021,   1505
000000000,  01,   01062021,   1505
103024303,  01,   01062021,   1506
106000013,  04,   01062021,   1506
106000013,  01,   01062021,   1506
104000343,  01,   01062021,   1511
000000000,  01,   01062021,   1513
104000343,  04,   01062021,   1514
104000043,  01,   01062021,   1517
103024303,  04,   01062021,   1517
104000043,  04,   01062021,   1517
104000043,  04,   01062021,   1518
103024303,  01,   01062021,   1519
104000043,  01,   01062021,   1521
104000343,  01,   01062021,   1522
104000358,  01,   01062021,   1534
107000197,  02,   01062021,   1535
107000197,  04,   01062021,   1535
000000000,  01,   01062021,   1537
000000000,  01,   01062021,   1537
104000467,  03,   01062021,   1542
106000013,  04,   01062021,   1542
106000013,  01,   01062021,   1545
104000222,  01,   01062021,   1549
106000013,  01,   01062021,   1550
107000197,  02,   01062021,   1557
107000197,  04,   01062021,   1557
104000343,  01,   01062021,   1559
104000272,  03,   01062021,   1600
000000000,  01,   01062021,   1606
104000349,  01,   01062021,   1607
104000349,  01,   01062021,   1617
110003994,  04,   01062021,   1624
104000052,  01,   01062021,   1625
104000272,  03,   01062021,   1625
000000000,  03,   01062021,   1625
110003994,  01,   01062021,   1625
000000000,  01,   01062021,   1632
000000000,  01,   01062021,   1632
104000052,  01,   01062021,   1633
104000043,  01,   01062021,   1635
104000343,  01,   01062021,   1637
000000000,  01,   01062021,   1637
104000043,  01,   01062021,   1638
103024303,  01,   01062021,   1640
104000006,  04,   01062021,   1642
110004004,  01,   01062021,   1642
104000006,  04,   01062021,   1646
106000013,  03,   01062021,   1650
110004004,  01,   01062021,   1651
104000222,  01,   01062021,   1657
110003994,  04,   01062021,   1701
110003994,  01,   01062021,   1703
104000041,  01,   01062021,   1708
104000043,  01,   01062021,   1715
104000043,  01,   01062021,   1718
104000046,  01,   01062021,   1724
000000000,  01,   01062021,   1726
103024303,  02,   01062021,   1727
103024303,  04,   01062021,   1727
104000046,  01,   01062021,   1729
103024303,  01,   01062021,   1729
104000041,  01,   01062021,   1729
110003994,  01,   01062021,   1744
104000046,  01,   01062021,   1746
104000343,  01,   01062021,   1746
104000042,  01,   01062021,   1749
104000046,  01,   01062021,   1752
104000349,  01,   01062021,   1752
104000043,  01,   01062021,   1756
104000040,  01,   01062021,   1756
104000285,  01,   01062021,   1759
104000041,  01,   01062021,   1759
110004004,  01,   01062021,   1759
104000338,  03,   01062021,   1801
104000011,  03,   01062021,   1804
104000358,  01,   01062021,   1805
104000099,  03,   01062021,   1805
104000270,  03,   01062021,   1805
104000004,  03,   01062021,   1806
104000277,  03,   01062021,   1806
104000272,  03,   01062021,   1806
104000098,  03,   01062021,   1807
104000004,  03,   01062021,   1807
104000239,  03,   01062021,   1807
104000098,  03,   01062021,   1808
104000273,  03,   01062021,   1809
104000274,  03,   01062021,   1809
104000009,  03,   01062021,   1810
104000244,  03,   01062021,   1810
104000005,  03,   01062021,   1814
103025488,  03,   01062021,   1815
103025488,  03,   01062021,   1816
104000046,  01,   01062021,   1817
104000008,  03,   01062021,   1818
104000048,  01,   01062021,   1818
104000112,  01,   01062021,   1820
101002737,  02,   01062021,   1820
000000000,  01,   01062021,   1825
103024303,  01,   01062021,   1826
000000000,  02,   01062021,   1827
000000000,  02,   01062021,   1827
000000000,  02,   01062021,   1827
000000000,  02,   01062021,   1827
000000000,  02,   01062021,   1827
000000000,  02,   01062021,   1827
000000000,  02,   01062021,   1827
000000000,  02,   01062021,   1827
000000000,  02,   01062021,   1827
103024303,  01,   01062021,   1828
103024303,  01,   01062021,   1828
103024303,  01,   01062021,   1828
104000088,  03,   01062021,   1849
110001868,  03,   01062021,   1906
104000297,  03,   01062021,   1907
000000000,  02,   01062021,   1919
000000000,  02,   01062021,   1919
000000000,  02,   01062021,   1919
000000000,  02,   01062021,   1940
000000000,  02,   01062021,   1940
103025489,  03,   01062021,   2008
101002738,  04,   01062021,   2017
104000237,  03,   01062021,   2027
104000500,  03,   01062021,   2058
104000500,  03,   01062021,   2058
101002738,  03,   01062021,   2059
000000000,  03,   01062021,   2059
000000000,  03,   01062021,   2059
000000000,  03,   01062021,   2101
000000000,  03,   01062021,   2115
000000000,  03,   01062021,   2116
000000000,  03,   01062021,   2136
000000000,  03,   01062021,   2201
104000095,  03,   01062021,   2204
104000467,  03,   01062021,   2204
101002738,  03,   01062021,   2206
000000000,  03,   02062021,   0542
000000000,  03,   02062021,   0735
101002738,  04,   02062021,   0736
101002738,  03,   02062021,   0737
103025489,  03,   02062021,   0739
101002738,  05,   02062021,   0740
000000000,  03,   02062021,   0744
106000013,  03,   02062021,   0745
106000013,  03,   02062021,   0745
000000000,  03,   02062021,   0749
103024303,  03,   02062021,   0800
103024303,  03,   02062021,   0801
103024303,  01,   02062021,   0802
000000000,  03,   02062021,   0816
103025488,  03,   02062021,   0821
107000157,  02,   02062021,   0829
106000013,  04,   02062021,   0833
107000157,  02,   02062021,   0834
106000013,  01,   02062021,   0836
000000000,  03,   02062021,   0837
000000000,  03,   02062021,   0838
000000000,  01,   02062021,   0839
000000000,  03,   02062021,   0839
000000000,  03,   02062021,   0840
000000000,  03,   02062021,   0840
000000000,  03,   02062021,   0840
000000000,  03,   02062021,   0840
000000000,  03,   02062021,   0840
000000000,  03,   02062021,   0840
000000000,  03,   02062021,   0840
000000000,  03,   02062021,   0840
000000000,  03,   02062021,   0840
104000088,  03,   02062021,   0843
000000000,  03,   02062021,   0844
000000000,  03,   02062021,   0844
000000000,  03,   02062021,   0844
000000000,  03,   02062021,   0845
000000000,  03,   02062021,   0845
000000000,  03,   02062021,   0900
000000000,  03,   02062021,   0900
000000000,  03,   02062021,   0903
000000000,  03,   02062021,   0903
000000000,  03,   02062021,   0903
000000000,  03,   02062021,   0906
000000000,  03,   02062021,   0906
000000000,  03,   02062021,   0906
000000000,  03,   02062021,   0906
000000000,  03,   02062021,   0906
000000000,  03,   02062021,   0906
000000000,  03,   02062021,   0907
000000000,  03,   02062021,   0907
000000000,  03,   02062021,   0907
000000000,  03,   02062021,   0907
104000274,  03,   02062021,   0907
000000000,  03,   02062021,   0907
000000000,  03,   02062021,   0907
000000000,  03,   02062021,   0907
000000000,  03,   02062021,   0907
104000274,  05,   02062021,   0908
000000000,  03,   02062021,   0908
000000000,  03,   02062021,   0916
104000111,  01,   02062021,   0918
104000358,  01,   02062021,   0918
104000099,  03,   02062021,   0919
104000098,  03,   02062021,   0919
104000099,  03,   02062021,   0919
104000338,  03,   02062021,   0919
000000000,  03,   02062021,   0919
104000285,  01,   02062021,   0920
110004004,  01,   02062021,   0920
104000041,  01,   02062021,   0920
104000040,  01,   02062021,   0920
000000000,  03,   02062021,   0920
104000008,  03,   02062021,   0920
104000244,  03,   02062021,   0920
104000239,  03,   02062021,   0920
104000043,  01,   02062021,   0923
104000006,  03,   02062021,   0924
000000000,  03,   02062021,   0924
000000000,  03,   02062021,   0924
000000000,  03,   02062021,   0924
000000000,  03,   02062021,   0924
000000000,  03,   02062021,   0925
000000000,  03,   02062021,   0925
104000467,  03,   02062021,   0925
000000000,  03,   02062021,   0925
000000000,  03,   02062021,   0927
104000343,  01,   02062021,   0927
000000000,  03,   02062021,   0928
000000000,  03,   02062021,   0929
000000000,  03,   02062021,   0929
106000013,  04,   02062021,   0929
106000013,  01,   02062021,   0930
101001321,  01,   02062021,   0931
104000273,  03,   02062021,   0933
000000000,  03,   02062021,   0933
000000000,  03,   02062021,   0933
000000000,  03,   02062021,   0934
000000000,  03,   02062021,   0935
000000000,  03,   02062021,   0935
000000000,  03,   02062021,   0935
104000048,  01,   02062021,   0937
104000047,  01,   02062021,   0937
104000046,  01,   02062021,   0937
104000360,  01,   02062021,   0937
104000112,  01,   02062021,   0937
104000112,  01,   02062021,   0937
104000334,  01,   02062021,   0937
104000334,  01,   02062021,   0937
000000000,  03,   02062021,   0941
000000000,  03,   02062021,   0942
000000000,  03,   02062021,   0942
000000000,  03,   02062021,   0942
000000000,  03,   02062021,   0942
000000000,  03,   02062021,   0942
000000000,  03,   02062021,   0942
000000000,  03,   02062021,   0943
104000272,  03,   02062021,   0943
104000009,  03,   02062021,   0943
000000000,  03,   02062021,   0943
000000000,  03,   02062021,   0943
000000000,  03,   02062021,   0943
000000000,  03,   02062021,   0943
104000277,  03,   02062021,   0943
000000000,  03,   02062021,   0943
104000011,  03,   02062021,   0943
104000011,  03,   02062021,   0943
104000009,  05,   02062021,   0943
000000000,  03,   02062021,   0944
000000000,  03,   02062021,   0944
000000000,  03,   02062021,   0944
000000000,  03,   02062021,   0944
000000000,  03,   02062021,   0944
000000000,  03,   02062021,   0945
110001868,  03,   02062021,   0946
110001868,  05,   02062021,   0947
000000000,  03,   02062021,   0947
000000000,  03,   02062021,   0947
000000000,  03,   02062021,   0948
000000000,  03,   02062021,   0948
000000000,  03,   02062021,   0948
000000000,  03,   02062021,   0948
000000000,  03,   02062021,   0948
000000000,  03,   02062021,   0949
000000000,  03,   02062021,   0949
000000000,  03,   02062021,   0949
000000000,  03,   02062021,   0949
000000000,  03,   02062021,   0949
000000000,  03,   02062021,   0950
000000000,  03,   02062021,   0951
000000000,  03,   02062021,   0952
000000000,  03,   02062021,   0952
000000000,  03,   02062021,   0952
000000000,  03,   02062021,   0952
000000000,  03,   02062021,   0952
000000000,  03,   02062021,   0954
000000000,  03,   02062021,   0954
000000000,  03,   02062021,   0954
101001320,  01,   02062021,   0959
110004004,  01,   02062021,   1000
104000467,  03,   02062021,   1005
101001320,  04,   02062021,   1006
000000000,  01,   02062021,   1007
110004004,  01,   02062021,   1009
101001320,  04,   02062021,   1010
000000000,  01,   02062021,   1012
110003994,  01,   02062021,   1017
103024303,  01,   02062021,   1021
104000042,  01,   02062021,   1025
106000013,  04,   02062021,   1025
000000000,  02,   02062021,   1027
000000000,  02,   02062021,   1027
101001321,  01,   02062021,   1031
101001321,  04,   02062021,   1034
106000013,  02,   02062021,   1034
106000013,  02,   02062021,   1034
106000013,  04,   02062021,   1034
101001320,  01,   02062021,   1035
104000095,  03,   02062021,   1036
101001321,  01,   02062021,   1036
000000000,  01,   02062021,   1038
000000000,  01,   02062021,   1042
104000297,  03,   02062021,   1047
104000467,  03,   02062021,   1047
103024303,  01,   02062021,   1052
104000006,  04,   02062021,   1055
101002738,  04,   02062021,   1057
000000000,  03,   02062021,   1059
101002738,  01,   02062021,   1100
101002738,  04,   02062021,   1101
101002738,  01,   02062021,   1102
104000006,  04,   02062021,   1103
000000000,  03,   02062021,   1104
000000000,  03,   02062021,   1104
000000000,  03,   02062021,   1104
000000000,  03,   02062021,   1104
000000000,  03,   02062021,   1104
000000000,  03,   02062021,   1104
000000000,  03,   02062021,   1104
000000000,  03,   02062021,   1105
106000013,  04,   02062021,   1107
106000013,  04,   02062021,   1107
106000013,  01,   02062021,   1110
101002737,  02,   02062021,   1118
000000000,  02,   02062021,   1123
000001809,  01,   02062021,   1128
106000013,  04,   02062021,   1128
106000013,  01,   02062021,   1128
000000000,  01,   02062021,   1134
000000000,  01,   02062021,   1138
000001809,  04,   02062021,   1140
000001809,  01,   02062021,   1141
107000197,  02,   02062021,   1142
107000197,  04,   02062021,   1142
110004004,  01,   02062021,   1147
104000222,  01,   02062021,   1147
104000349,  01,   02062021,   1147
000000000,  01,   02062021,   1148
101001320,  01,   02062021,   1153
110004004,  04,   02062021,   1157
000000000,  01,   02062021,   1159
