000000000,  03,   02062021,   0735
101002738,  04,   02062021,   0736
101002738,  03,   02062021,   0737
103025489,  03,   02062021,   0739
101002738,  05,   02062021,   0740
000000000,  03,   02062021,   0744
106000013,  03,   02062021,   0745
106000013,  03,   02062021,   0745
000000000,  03,   02062021,   0749
103024303,  03,   02062021,   0800
103024303,  03,   02062021,   0801
103024303,  01,   02062021,   0802
000000000,  03,   02062021,   0816
103025488,  03,   02062021,   0821
107000157,  02,   02062021,   0829
106000013,  04,   02062021,   0833
107000157,  02,   02062021,   0834
106000013,  01,   02062021,   0836
000000000,  03,   02062021,   0837
000000000,  03,   02062021,   0838
000000000,  01,   02062021,   0839
000000000,  03,   02062021,   0839
000000000,  03,   02062021,   0840
000000000,  03,   02062021,   0840
000000000,  03,   02062021,   0840
000000000,  03,   02062021,   0840
000000000,  03,   02062021,   0840
000000000,  03,   02062021,   0840
000000000,  03,   02062021,   0840
000000000,  03,   02062021,   0840
000000000,  03,   02062021,   0840
104000088,  03,   02062021,   0843
000000000,  03,   02062021,   0844
000000000,  03,   02062021,   0844
000000000,  03,   02062021,   0844
000000000,  03,   02062021,   0845
000000000,  03,   02062021,   0845
000000000,  03,   02062021,   0900
000000000,  03,   02062021,   0900
000000000,  03,   02062021,   0903
000000000,  03,   02062021,   0903
000000000,  03,   02062021,   0903
000000000,  03,   02062021,   0906
000000000,  03,   02062021,   0906
000000000,  03,   02062021,   0906
000000000,  03,   02062021,   0906
000000000,  03,   02062021,   0906
000000000,  03,   02062021,   0906
000000000,  03,   02062021,   0907
000000000,  03,   02062021,   0907
000000000,  03,   02062021,   0907
000000000,  03,   02062021,   0907
104000274,  03,   02062021,   0907
000000000,  03,   02062021,   0907
000000000,  03,   02062021,   0907
000000000,  03,   02062021,   0907
000000000,  03,   02062021,   0907
104000274,  05,   02062021,   0908
000000000,  03,   02062021,   0908
000000000,  03,   02062021,   0916
104000111,  01,   02062021,   0918
104000358,  01,   02062021,   0918
104000099,  03,   02062021,   0919
104000098,  03,   02062021,   0919
104000099,  03,   02062021,   0919
104000338,  03,   02062021,   0919
000000000,  03,   02062021,   0919
104000285,  01,   02062021,   0920
110004004,  01,   02062021,   0920
104000041,  01,   02062021,   0920
104000040,  01,   02062021,   0920
000000000,  03,   02062021,   0920
104000008,  03,   02062021,   0920
104000244,  03,   02062021,   0920
104000239,  03,   02062021,   0920
104000043,  01,   02062021,   0923
104000006,  03,   02062021,   0924
000000000,  03,   02062021,   0924
000000000,  03,   02062021,   0924
000000000,  03,   02062021,   0924
000000000,  03,   02062021,   0924
000000000,  03,   02062021,   0925
000000000,  03,   02062021,   0925
104000467,  03,   02062021,   0925
000000000,  03,   02062021,   0925
000000000,  03,   02062021,   0927
104000343,  01,   02062021,   0927
000000000,  03,   02062021,   0928
000000000,  03,   02062021,   0929
000000000,  03,   02062021,   0929
106000013,  04,   02062021,   0929
106000013,  01,   02062021,   0930
101001321,  01,   02062021,   0931
104000273,  03,   02062021,   0933
000000000,  03,   02062021,   0933
000000000,  03,   02062021,   0933
000000000,  03,   02062021,   0934
000000000,  03,   02062021,   0935
000000000,  03,   02062021,   0935
000000000,  03,   02062021,   0935
104000048,  01,   02062021,   0937
104000047,  01,   02062021,   0937
104000046,  01,   02062021,   0937
104000360,  01,   02062021,   0937
104000112,  01,   02062021,   0937
104000112,  01,   02062021,   0937
104000334,  01,   02062021,   0937
104000334,  01,   02062021,   0937
000000000,  03,   02062021,   0941
000000000,  03,   02062021,   0942
000000000,  03,   02062021,   0942
000000000,  03,   02062021,   0942
000000000,  03,   02062021,   0942
000000000,  03,   02062021,   0942
000000000,  03,   02062021,   0942
000000000,  03,   02062021,   0943
104000272,  03,   02062021,   0943
104000009,  03,   02062021,   0943
000000000,  03,   02062021,   0943
000000000,  03,   02062021,   0943
000000000,  03,   02062021,   0943
000000000,  03,   02062021,   0943
104000277,  03,   02062021,   0943
000000000,  03,   02062021,   0943
104000011,  03,   02062021,   0943
104000011,  03,   02062021,   0943
104000009,  05,   02062021,   0943
000000000,  03,   02062021,   0944
000000000,  03,   02062021,   0944
000000000,  03,   02062021,   0944
000000000,  03,   02062021,   0944
000000000,  03,   02062021,   0944
000000000,  03,   02062021,   0945
110001868,  03,   02062021,   0946
110001868,  05,   02062021,   0947
000000000,  03,   02062021,   0947
000000000,  03,   02062021,   0947
000000000,  03,   02062021,   0948
000000000,  03,   02062021,   0948
000000000,  03,   02062021,   0948
000000000,  03,   02062021,   0948
000000000,  03,   02062021,   0948
000000000,  03,   02062021,   0949
000000000,  03,   02062021,   0949
000000000,  03,   02062021,   0949
000000000,  03,   02062021,   0949
000000000,  03,   02062021,   0949
000000000,  03,   02062021,   0950
000000000,  03,   02062021,   0951
000000000,  03,   02062021,   0952
000000000,  03,   02062021,   0952
000000000,  03,   02062021,   0952
000000000,  03,   02062021,   0952
000000000,  03,   02062021,   0952
000000000,  03,   02062021,   0954
000000000,  03,   02062021,   0954
000000000,  03,   02062021,   0954
101001320,  01,   02062021,   0959
110004004,  01,   02062021,   1000
104000467,  03,   02062021,   1005
101001320,  04,   02062021,   1006
000000000,  01,   02062021,   1007
110004004,  01,   02062021,   1009
101001320,  04,   02062021,   1010
000000000,  01,   02062021,   1012
110003994,  01,   02062021,   1017
103024303,  01,   02062021,   1021
104000042,  01,   02062021,   1025
106000013,  04,   02062021,   1025
000000000,  02,   02062021,   1027
000000000,  02,   02062021,   1027
101001321,  01,   02062021,   1031
101001321,  04,   02062021,   1034
106000013,  02,   02062021,   1034
106000013,  02,   02062021,   1034
106000013,  04,   02062021,   1034
101001320,  01,   02062021,   1035
104000095,  03,   02062021,   1036
101001321,  01,   02062021,   1036
000000000,  01,   02062021,   1038
000000000,  01,   02062021,   1042
104000297,  03,   02062021,   1047
104000467,  03,   02062021,   1047
103024303,  01,   02062021,   1052
104000006,  04,   02062021,   1055
101002738,  04,   02062021,   1057
000000000,  03,   02062021,   1059
101002738,  01,   02062021,   1100
101002738,  04,   02062021,   1101
101002738,  01,   02062021,   1102
104000006,  04,   02062021,   1103
000000000,  03,   02062021,   1104
000000000,  03,   02062021,   1104
000000000,  03,   02062021,   1104
000000000,  03,   02062021,   1104
000000000,  03,   02062021,   1104
000000000,  03,   02062021,   1104
000000000,  03,   02062021,   1104
000000000,  03,   02062021,   1105
106000013,  04,   02062021,   1107
106000013,  04,   02062021,   1107
106000013,  01,   02062021,   1110
101002737,  02,   02062021,   1118
000000000,  02,   02062021,   1123
000001809,  01,   02062021,   1128
106000013,  04,   02062021,   1128
106000013,  01,   02062021,   1128
000000000,  01,   02062021,   1134
000000000,  01,   02062021,   1138
000001809,  04,   02062021,   1140
000001809,  01,   02062021,   1141
107000197,  02,   02062021,   1142
107000197,  04,   02062021,   1142
110004004,  01,   02062021,   1147
104000222,  01,   02062021,   1147
104000349,  01,   02062021,   1147
000000000,  01,   02062021,   1148
101001320,  01,   02062021,   1153
110004004,  04,   02062021,   1157
000000000,  01,   02062021,   1159
000001809,  04,   02062021,   1200
000000000,  01,   02062021,   1200
000001809,  04,   02062021,   1202
000001809,  01,   02062021,   1202
000001809,  01,   02062021,   1203
110003994,  01,   02062021,   1206
000000000,  01,   02062021,   1208
105000021,  02,   02062021,   1209
110003994,  04,   02062021,   1213
103024303,  01,   02062021,   1213
110004004,  01,   02062021,   1215
110003994,  01,   02062021,   1215
000000000,  02,   02062021,   1216
000000000,  02,   02062021,   1216
000001809,  04,   02062021,   1216
000001809,  01,   02062021,   1219
104000338,  03,   02062021,   1228
110004004,  01,   02062021,   1231
104000046,  01,   02062021,   1232
104000046,  01,   02062021,   1233
104000272,  03,   02062021,   1233
000000000,  01,   02062021,   1233
000001808,  01,   02062021,   1238
104000046,  01,   02062021,   1253
104000272,  03,   02062021,   1254
104000004,  03,   02062021,   1300
000000000,  01,   02062021,   1302
103024303,  01,   02062021,   1305
000000000,  03,   02062021,   1308
000001809,  01,   02062021,   1308
103025489,  01,   02062021,   1309
000000000,  01,   02062021,   1310
000000000,  01,   02062021,   1313
000000000,  01,   02062021,   1313
000001809,  01,   02062021,   1315
104000047,  01,   02062021,   1315
000000000,  01,   02062021,   1315
000000000,  01,   02062021,   1317
000001809,  01,   02062021,   1318
000000000,  03,   02062021,   1319
104000047,  01,   02062021,   1326
000000000,  03,   02062021,   1327
000000000,  03,   02062021,   1327
000000000,  03,   02062021,   1327
000000000,  03,   02062021,   1328
000000000,  03,   02062021,   1328
000000000,  03,   02062021,   1328
000000000,  03,   02062021,   1328
000000000,  03,   02062021,   1328
000000000,  03,   02062021,   1329
000000000,  03,   02062021,   1329
000000000,  03,   02062021,   1329
000000000,  03,   02062021,   1330
000000000,  03,   02062021,   1330
000000000,  03,   02062021,   1330
000000000,  03,   02062021,   1330
000000000,  03,   02062021,   1330
000000000,  03,   02062021,   1330
000000000,  03,   02062021,   1330
000000000,  03,   02062021,   1330
000000000,  03,   02062021,   1330
000000000,  03,   02062021,   1330
000000000,  03,   02062021,   1330
000000000,  03,   02062021,   1330
000000000,  03,   02062021,   1330
000000000,  03,   02062021,   1330
000000000,  03,   02062021,   1331
000000000,  03,   02062021,   1331
000000000,  03,   02062021,   1331
000000000,  03,   02062021,   1331
000000000,  03,   02062021,   1331
000000000,  03,   02062021,   1335
000000000,  03,   02062021,   1335
000000000,  03,   02062021,   1335
000000000,  03,   02062021,   1335
000000000,  03,   02062021,   1335
000000000,  03,   02062021,   1336
000000000,  03,   02062021,   1336
000000000,  03,   02062021,   1336
000000000,  03,   02062021,   1336
000000000,  03,   02062021,   1337
000000000,  03,   02062021,   1337
000000000,  03,   02062021,   1337
000000000,  03,   02062021,   1337
000000000,  03,   02062021,   1337
000000000,  03,   02062021,   1337
000000000,  03,   02062021,   1337
000000000,  03,   02062021,   1337
000000000,  03,   02062021,   1337
000000000,  03,   02062021,   1338
000000000,  03,   02062021,   1338
000000000,  03,   02062021,   1338
000000000,  03,   02062021,   1338
000000000,  03,   02062021,   1338
000000000,  03,   02062021,   1339
000000000,  03,   02062021,   1340
000000000,  03,   02062021,   1340
000000000,  03,   02062021,   1340
000000000,  03,   02062021,   1340
000000000,  03,   02062021,   1341
000000000,  03,   02062021,   1341
000000000,  03,   02062021,   1341
000000000,  03,   02062021,   1342
000000000,  03,   02062021,   1343
000000000,  03,   02062021,   1343
000000000,  03,   02062021,   1343
000000000,  03,   02062021,   1343
000000000,  03,   02062021,   1343
000000000,  03,   02062021,   1343
000000000,  03,   02062021,   1343
000000000,  03,   02062021,   1343
000000000,  03,   02062021,   1344
000000000,  03,   02062021,   1344
000000000,  03,   02062021,   1344
104000338,  03,   02062021,   1344
000000000,  01,   02062021,   1345
000000000,  03,   02062021,   1346
000000000,  03,   02062021,   1347
000000000,  03,   02062021,   1347
000000000,  03,   02062021,   1347
000000000,  03,   02062021,   1348
000000000,  03,   02062021,   1348
000000000,  03,   02062021,   1348
000000000,  03,   02062021,   1348
000000000,  03,   02062021,   1348
000000000,  03,   02062021,   1348
000000000,  03,   02062021,   1348
000000000,  03,   02062021,   1349
000000000,  03,   02062021,   1349
000000000,  03,   02062021,   1349
000000000,  01,   02062021,   1349
000000000,  03,   02062021,   1349
000000000,  03,   02062021,   1349
000000000,  03,   02062021,   1349
000000000,  01,   02062021,   1350
000000000,  03,   02062021,   1350
000000000,  03,   02062021,   1350
000000000,  03,   02062021,   1350
000000000,  03,   02062021,   1350
000000000,  03,   02062021,   1350
000000000,  03,   02062021,   1350
000000000,  03,   02062021,   1350
000000000,  01,   02062021,   1351
000000000,  03,   02062021,   1351
000000000,  03,   02062021,   1352
000000000,  03,   02062021,   1353
000000000,  03,   02062021,   1355
103024303,  01,   02062021,   1355
000000000,  03,   02062021,   1355
000000000,  03,   02062021,   1355
000000000,  03,   02062021,   1355
000000000,  03,   02062021,   1355
000000000,  03,   02062021,   1356
000000000,  03,   02062021,   1356
000000000,  03,   02062021,   1356
000000000,  03,   02062021,   1356
000000000,  03,   02062021,   1356
000000000,  03,   02062021,   1357
000000000,  03,   02062021,   1357
000000000,  03,   02062021,   1357
000000000,  03,   02062021,   1359
000000000,  03,   02062021,   1359
000000000,  03,   02062021,   1359
101001321,  01,   02062021,   1402
104000047,  01,   02062021,   1402
000000000,  03,   02062021,   1403
106000013,  04,   02062021,   1405
104000006,  04,   02062021,   1406
106000013,  01,   02062021,   1408
000000000,  03,   02062021,   1409
000000000,  03,   02062021,   1409
000000000,  03,   02062021,   1409
000000000,  03,   02062021,   1409
000000000,  01,   02062021,   1409
000000000,  03,   02062021,   1409
000000000,  03,   02062021,   1409
000000000,  03,   02062021,   1409
000000000,  01,   02062021,   1409
000000000,  03,   02062021,   1409
000000000,  03,   02062021,   1409
000000000,  03,   02062021,   1409
000000000,  03,   02062021,   1409
000000000,  03,   02062021,   1409
000000000,  03,   02062021,   1409
000000000,  03,   02062021,   1409
104000006,  04,   02062021,   1410
000000000,  03,   02062021,   1410
000000000,  01,   02062021,   1414
000000000,  03,   02062021,   1415
000000000,  03,   02062021,   1416
000000000,  03,   02062021,   1416
000000000,  03,   02062021,   1416
000000000,  03,   02062021,   1416
000000000,  01,   02062021,   1416
000000000,  03,   02062021,   1416
000000000,  03,   02062021,   1417
000000000,  03,   02062021,   1417
000000000,  03,   02062021,   1417
000000000,  03,   02062021,   1417
000000000,  03,   02062021,   1417
000000000,  03,   02062021,   1417
000000000,  03,   02062021,   1418
000000000,  03,   02062021,   1418
000000000,  03,   02062021,   1418
000000000,  03,   02062021,   1418
000000000,  03,   02062021,   1418
000000000,  03,   02062021,   1419
000000000,  03,   02062021,   1419
000000000,  03,   02062021,   1419
000000000,  04,   02062021,   1419
000000000,  04,   02062021,   1419
000000000,  03,   02062021,   1420
104000043,  01,   02062021,   1422
103024303,  01,   02062021,   1423
000000000,  03,   02062021,   1423
000000000,  03,   02062021,   1424
000000000,  03,   02062021,   1424
000000000,  03,   02062021,   1424
000000000,  03,   02062021,   1424
000000000,  03,   02062021,   1424
000000000,  03,   02062021,   1424
000000000,  03,   02062021,   1425
000000000,  03,   02062021,   1425
000000000,  03,   02062021,   1425
000000000,  01,   02062021,   1425
000000000,  03,   02062021,   1425
000000000,  01,   02062021,   1426
000000000,  03,   02062021,   1428
000000000,  03,   02062021,   1428
000000000,  03,   02062021,   1428
000000000,  03,   02062021,   1428
000000000,  03,   02062021,   1428
000000000,  03,   02062021,   1428
000000000,  03,   02062021,   1428
000000000,  03,   02062021,   1429
000000000,  03,   02062021,   1429
000000000,  03,   02062021,   1429
000000000,  03,   02062021,   1429
000000000,  03,   02062021,   1430
000000000,  03,   02062021,   1430
000000000,  03,   02062021,   1431
000000000,  03,   02062021,   1431
000000000,  03,   02062021,   1431
000000000,  03,   02062021,   1431
105000021,  02,   02062021,   1431
000000000,  03,   02062021,   1432
000000000,  03,   02062021,   1432
000000000,  03,   02062021,   1432
000000000,  03,   02062021,   1432
000000000,  03,   02062021,   1432
000000000,  03,   02062021,   1432
000000000,  03,   02062021,   1433
000000000,  03,   02062021,   1433
000000000,  03,   02062021,   1433
000000000,  03,   02062021,   1434
000000000,  03,   02062021,   1434
000000000,  03,   02062021,   1435
000000000,  03,   02062021,   1435
000000000,  03,   02062021,   1435
000000000,  03,   02062021,   1435
000000000,  03,   02062021,   1435
000000000,  03,   02062021,   1435
000000000,  03,   02062021,   1435
000000000,  03,   02062021,   1435
000000000,  03,   02062021,   1435
000000000,  03,   02062021,   1435
000000000,  03,   02062021,   1436
000000000,  03,   02062021,   1436
000000000,  03,   02062021,   1436
000000000,  03,   02062021,   1436
000000000,  03,   02062021,   1436
000000000,  03,   02062021,   1437
000000000,  03,   02062021,   1437
000000000,  03,   02062021,   1437
000000000,  02,   02062021,   1437
000000000,  02,   02062021,   1437
000000000,  03,   02062021,   1437
000000000,  03,   02062021,   1437
000000000,  03,   02062021,   1437
000000000,  03,   02062021,   1437
000000000,  03,   02062021,   1439
000000000,  03,   02062021,   1439
000000000,  03,   02062021,   1439
104000272,  04,   02062021,   1439
000000000,  03,   02062021,   1441
000000000,  03,   02062021,   1441
000000000,  03,   02062021,   1441
000000000,  03,   02062021,   1441
000000000,  03,   02062021,   1441
000000000,  03,   02062021,   1442
000000000,  03,   02062021,   1442
000000000,  03,   02062021,   1442
000000000,  03,   02062021,   1442
000000000,  03,   02062021,   1442
000000000,  03,   02062021,   1443
000000000,  03,   02062021,   1444
000000000,  03,   02062021,   1444
104000272,  04,   02062021,   1444
000000000,  03,   02062021,   1444
000000000,  03,   02062021,   1444
000000000,  03,   02062021,   1444
000000000,  03,   02062021,   1444
000000000,  03,   02062021,   1444
000000000,  03,   02062021,   1445
000000000,  03,   02062021,   1445
000000000,  03,   02062021,   1446
000000000,  03,   02062021,   1446
000000000,  03,   02062021,   1446
000000000,  03,   02062021,   1446
000000000,  03,   02062021,   1446
000000000,  03,   02062021,   1447
000000000,  03,   02062021,   1447
000000000,  03,   02062021,   1447
000000000,  03,   02062021,   1448
000000000,  03,   02062021,   1448
000000000,  03,   02062021,   1448
000000000,  03,   02062021,   1448
000000000,  01,   02062021,   1455
000000000,  01,   02062021,   1455
000001808,  04,   02062021,   1459
000000000,  01,   02062021,   1500
104000467,  03,   02062021,   1501
104000041,  01,   02062021,   1503
000001808,  04,   02062021,   1504
000001808,  04,   02062021,   1504
000001808,  01,   02062021,   1507
000000000,  01,   02062021,   1508
104000343,  01,   02062021,   1510
104000041,  01,   02062021,   1514
110003994,  01,   02062021,   1515
104000358,  01,   02062021,   1516
104000334,  01,   02062021,   1516
106000013,  04,   02062021,   1518
110003994,  01,   02062021,   1524
110003994,  01,   02062021,   1524
110003994,  01,   02062021,   1524
110004004,  01,   02062021,   1532
110003994,  01,   02062021,   1534
000000000,  01,   02062021,   1537
104000334,  01,   02062021,   1538
104000358,  01,   02062021,   1538
104000041,  01,   02062021,   1540
106000013,  04,   02062021,   1543
105000021,  02,   02062021,   1543
110004004,  01,   02062021,   1544
106000013,  01,   02062021,   1546
104000041,  01,   02062021,   1548
000000000,  02,   02062021,   1549
000000000,  01,   02062021,   1549
104000467,  03,   02062021,   1550
106000013,  01,   02062021,   1557
104000343,  01,   02062021,   1601
101001320,  04,   02062021,   1606
000000000,  01,   02062021,   1607
110003994,  04,   02062021,   1613
000001808,  01,   02062021,   1613
101001320,  04,   02062021,   1617
104000360,  01,   02062021,   1619
101001320,  01,   02062021,   1619
000000000,  01,   02062021,   1620
110003994,  01,   02062021,   1622
104000006,  04,   02062021,   1623
104000222,  01,   02062021,   1624
107000197,  02,   02062021,   1626
107000197,  04,   02062021,   1627
104000360,  01,   02062021,   1627
104000047,  01,   02062021,   1627
000000000,  01,   02062021,   1630
000000000,  01,   02062021,   1631
104000343,  01,   02062021,   1635
101002738,  04,   02062021,   1636
101002738,  04,   02062021,   1636
000000000,  02,   02062021,   1637
103024303,  04,   02062021,   1643
103024303,  01,   02062021,   1645
000000000,  01,   02062021,   1647
103024303,  04,   02062021,   1649
103024303,  01,   02062021,   1651
000000000,  01,   02062021,   1655
106000013,  03,   02062021,   1657
104000046,  01,   02062021,   1659
000000000,  01,   02062021,   1712
000000000,  01,   02062021,   1714
104000046,  01,   02062021,   1714
104000042,  01,   02062021,   1715
104000222,  01,   02062021,   1715
104000334,  01,   02062021,   1715
104000222,  01,   02062021,   1716
104000222,  01,   02062021,   1716
101001320,  01,   02062021,   1717
000000000,  01,   02062021,   1720
103024303,  01,   02062021,   1721
000000000,  04,   02062021,   1721
103025489,  03,   02062021,   1722
000000000,  01,   02062021,   1722
103025489,  01,   02062021,   1723
000000000,  01,   02062021,   1725
000001808,  01,   02062021,   1726
103025489,  04,   02062021,   1726
000000000,  01,   02062021,   1727
104000358,  01,   02062021,   1727
104000006,  04,   02062021,   1729
104000006,  04,   02062021,   1729
000000000,  02,   02062021,   1730
000000000,  04,   02062021,   1734
104000467,  04,   02062021,   1735
000000000,  01,   02062021,   1737
104000046,  01,   02062021,   1738
103024303,  01,   02062021,   1738
104000343,  01,   02062021,   1741
104000041,  01,   02062021,   1759
104000040,  01,   02062021,   1759
104000285,  01,   02062021,   1759
104000048,  01,   02062021,   1759
103025489,  03,   02062021,   1759
101001320,  01,   02062021,   1800
110004004,  01,   02062021,   1800
104000048,  01,   02062021,   1802
103025489,  03,   02062021,   1802
110003994,  01,   02062021,   1805
104000273,  03,   02062021,   1805
000000000,  03,   02062021,   1805
104000099,  03,   02062021,   1806
104000244,  03,   02062021,   1807
104000358,  01,   02062021,   1807
104000270,  03,   02062021,   1807
104000274,  03,   02062021,   1807
104000111,  01,   02062021,   1807
104000111,  01,   02062021,   1807
104000111,  01,   02062021,   1807
104000011,  03,   02062021,   1808
104000274,  03,   02062021,   1808
104000098,  03,   02062021,   1810
104000338,  03,   02062021,   1810
104000009,  03,   02062021,   1810
104000270,  03,   02062021,   1810
104000006,  03,   02062021,   1811
110001868,  03,   02062021,   1812
104000239,  03,   02062021,   1812
104000008,  03,   02062021,   1812
104000270,  03,   02062021,   1814
104000272,  03,   02062021,   1814
104000004,  03,   02062021,   1814
104000297,  03,   02062021,   1815
000000000,  01,   02062021,   1817
000000000,  03,   02062021,   1818
104000277,  03,   02062021,   1818
103025488,  03,   02062021,   1821
103025488,  03,   02062021,   1822
103025488,  03,   02062021,   1822
104000047,  01,   02062021,   1829
104000112,  01,   02062021,   1829
104000360,  01,   02062021,   1829
104000343,  01,   02062021,   1831
104000349,  01,   02062021,   1831
000000000,  01,   02062021,   1833
103024303,  01,   02062021,   1834
103024303,  01,   02062021,   1836
104000088,  03,   02062021,   1843
000000000,  03,   02062021,   1904
000000000,  03,   02062021,   1904
000000000,  03,   02062021,   1904
000000000,  03,   02062021,   1904
000000000,  03,   02062021,   1904
000000000,  03,   02062021,   1904
000000000,  03,   02062021,   1904
000000000,  03,   02062021,   1905
000000000,  03,   02062021,   1905
000000000,  03,   02062021,   1905
000000000,  03,   02062021,   1906
000000000,  03,   02062021,   1906
000000000,  03,   02062021,   1907
000000000,  03,   02062021,   1907
000000000,  03,   02062021,   1907
000000000,  03,   02062021,   1907
000000000,  03,   02062021,   1907
000000000,  03,   02062021,   1907
000000000,  03,   02062021,   1907
000000000,  03,   02062021,   1908
000000000,  03,   02062021,   1908
000000000,  03,   02062021,   1908
000000000,  03,   02062021,   1908
000000000,  03,   02062021,   1908
000000000,  03,   02062021,   1908
000000000,  03,   02062021,   1908
000000000,  03,   02062021,   1908
000000000,  03,   02062021,   1908
000000000,  03,   02062021,   1910
000000000,  03,   02062021,   1910
000000000,  03,   02062021,   1910
000000000,  03,   02062021,   1911
000000000,  03,   02062021,   1911
000000000,  03,   02062021,   1916
000000000,  03,   02062021,   1917
000000000,  03,   02062021,   1917
000000000,  03,   02062021,   1917
000000000,  03,   02062021,   1917
000000000,  03,   02062021,   1918
000000000,  03,   02062021,   1918
000000000,  03,   02062021,   1919
000000000,  03,   02062021,   1919
000000000,  03,   02062021,   1919
000000000,  03,   02062021,   1919
000000000,  03,   02062021,   1919
000000000,  03,   02062021,   1919
000000000,  03,   02062021,   1919
000000000,  03,   02062021,   1919
000000000,  03,   02062021,   1919
000000000,  03,   02062021,   1919
000000000,  03,   02062021,   1919
000000000,  03,   02062021,   1920
000000000,  03,   02062021,   1920
000000000,  03,   02062021,   1920
000000000,  03,   02062021,   1920
000000000,  03,   02062021,   1920
000000000,  03,   02062021,   1920
000000000,  03,   02062021,   1920
000000000,  03,   02062021,   1920
000000000,  03,   02062021,   1920
000000000,  03,   02062021,   1920
000000000,  03,   02062021,   1920
000000000,  03,   02062021,   1921
000000000,  03,   02062021,   1922
000000000,  03,   02062021,   1922
000000000,  03,   02062021,   1922
000000000,  03,   02062021,   1922
000000000,  03,   02062021,   1922
000000000,  03,   02062021,   1923
000000000,  03,   02062021,   1923
000000000,  03,   02062021,   1923
000000000,  03,   02062021,   1923
000000000,  03,   02062021,   1923
101002738,  03,   02062021,   1927
000000000,  03,   02062021,   1930
000000000,  03,   02062021,   1930
000000000,  03,   02062021,   1930
000000000,  03,   02062021,   1930
000000000,  03,   02062021,   1931
000000000,  03,   02062021,   1931
000000000,  03,   02062021,   1931
000000000,  03,   02062021,   1931
000000000,  03,   02062021,   1932
000000000,  03,   02062021,   1932
000000000,  03,   02062021,   1935
000000000,  03,   02062021,   1935
000000000,  03,   02062021,   1935
000000000,  03,   02062021,   1935
000000000,  03,   02062021,   1944
101002738,  03,   02062021,   1946
000000000,  03,   02062021,   1956
000000000,  03,   02062021,   1957
000000000,  03,   02062021,   1959
000000000,  03,   02062021,   2002
000000000,  03,   02062021,   2002
000000000,  03,   02062021,   2003
000000000,  03,   02062021,   2003
000000000,  03,   02062021,   2003
000000000,  03,   02062021,   2006
000000000,  03,   02062021,   2006
000000000,  03,   02062021,   2007
000000000,  03,   02062021,   2007
000000000,  03,   02062021,   2007
000000000,  03,   02062021,   2007
000000000,  03,   02062021,   2007
000000000,  03,   02062021,   2008
000000000,  03,   02062021,   2008
000000000,  03,   02062021,   2009
000000000,  03,   02062021,   2009
000000000,  03,   02062021,   2009
000000000,  03,   02062021,   2009
000000000,  03,   02062021,   2010
000000000,  03,   02062021,   2010
000000000,  03,   02062021,   2010
000000000,  03,   02062021,   2010
000000000,  03,   02062021,   2010
000000000,  03,   02062021,   2010
000000000,  03,   02062021,   2010
000000000,  03,   02062021,   2011
000000000,  03,   02062021,   2011
000000000,  03,   02062021,   2011
000000000,  03,   02062021,   2011
000000000,  03,   02062021,   2011
000000000,  03,   02062021,   2011
000000000,  03,   02062021,   2012
000000000,  03,   02062021,   2013
000000000,  03,   02062021,   2014
000000000,  03,   02062021,   2014
000000000,  03,   02062021,   2014
000000000,  03,   02062021,   2014
000000000,  03,   02062021,   2015
000000000,  03,   02062021,   2015
000000000,  03,   02062021,   2015
000000000,  03,   02062021,   2015
000000000,  03,   02062021,   2015
000000000,  03,   02062021,   2015
000000000,  03,   02062021,   2015
000000000,  03,   02062021,   2015
101002738,  03,   02062021,   2015
000000000,  03,   02062021,   2015
000000000,  03,   02062021,   2016
000000000,  03,   02062021,   2016
000000000,  03,   02062021,   2016
000000000,  03,   02062021,   2017
000000000,  03,   02062021,   2017
000000000,  03,   02062021,   2017
000000000,  03,   02062021,   2017
000000000,  03,   02062021,   2018
000000000,  03,   02062021,   2018
000000000,  03,   02062021,   2018
000000000,  03,   02062021,   2018
000000000,  03,   02062021,   2018
000000000,  03,   02062021,   2018
000000000,  03,   02062021,   2018
000000000,  03,   02062021,   2019
000000000,  03,   02062021,   2019
000000000,  03,   02062021,   2019
000000000,  03,   02062021,   2019
000000000,  03,   02062021,   2019
000000000,  03,   02062021,   2021
000000000,  03,   02062021,   2021
000000000,  03,   02062021,   2021
000000000,  03,   02062021,   2021
000000000,  03,   02062021,   2021
000000000,  03,   02062021,   2021
104000237,  03,   02062021,   2023
000000000,  03,   02062021,   2026
000000000,  03,   02062021,   2026
000000000,  03,   02062021,   2026
000000000,  03,   02062021,   2026
000000000,  03,   02062021,   2027
000000000,  03,   02062021,   2028
000000000,  03,   02062021,   2029
000000000,  03,   02062021,   2030
000000000,  03,   02062021,   2030
000000000,  03,   02062021,   2030
000000000,  03,   02062021,   2030
000000000,  03,   02062021,   2030
000000000,  03,   02062021,   2030
000000000,  03,   02062021,   2031
000000000,  03,   02062021,   2031
000000000,  03,   02062021,   2031
000000000,  03,   02062021,   2032
000000000,  03,   02062021,   2032
000000000,  03,   02062021,   2032
000000000,  03,   02062021,   2032
000000000,  03,   02062021,   2032
000000000,  03,   02062021,   2032
000000000,  03,   02062021,   2032
000000000,  03,   02062021,   2033
000000000,  03,   02062021,   2033
000000000,  03,   02062021,   2033
000000000,  03,   02062021,   2033
000000000,  03,   02062021,   2033
000000000,  03,   02062021,   2034
000000000,  03,   02062021,   2034
000000000,  03,   02062021,   2034
000000000,  03,   02062021,   2034
000000000,  03,   02062021,   2034
000000000,  03,   02062021,   2034
000000000,  03,   02062021,   2035
000000000,  03,   02062021,   2035
000000000,  03,   02062021,   2036
000000000,  03,   02062021,   2036
000000000,  03,   02062021,   2036
000000000,  03,   02062021,   2037
000000000,  03,   02062021,   2037
000000000,  03,   02062021,   2037
000000000,  03,   02062021,   2037
000000000,  03,   02062021,   2040
101002738,  05,   02062021,   2047
000000000,  03,   02062021,   2052
000000000,  03,   02062021,   2053
000000000,  03,   02062021,   2053
000000000,  03,   02062021,   2053
000000000,  03,   02062021,   2053
000000000,  03,   02062021,   2053
000000000,  03,   02062021,   2053
000000000,  03,   02062021,   2053
000000000,  03,   02062021,   2053
000000000,  03,   02062021,   2054
000000000,  03,   02062021,   2054
000000000,  03,   02062021,   2054
000000000,  03,   02062021,   2054
000000000,  03,   02062021,   2054
000000000,  03,   02062021,   2055
000000000,  03,   02062021,   2055
000000000,  03,   02062021,   2055
000000000,  03,   02062021,   2055
000000000,  03,   02062021,   2055
000000000,  03,   02062021,   2055
000000000,  03,   02062021,   2055
000000000,  03,   02062021,   2055
000000000,  03,   02062021,   2055
000000000,  03,   02062021,   2055
000000000,  03,   02062021,   2055
000000000,  03,   02062021,   2056
000000000,  03,   02062021,   2056
000000000,  03,   02062021,   2056
000000000,  03,   02062021,   2056
000000000,  03,   02062021,   2056
000000000,  03,   02062021,   2056
000000000,  03,   02062021,   2056
000000000,  03,   02062021,   2056
000000000,  03,   02062021,   2056
000000000,  03,   02062021,   2056
000000000,  03,   02062021,   2056
000000000,  03,   02062021,   2056
000000000,  03,   02062021,   2056
000000000,  03,   02062021,   2056
000000000,  03,   02062021,   2056
000000000,  03,   02062021,   2056
000000000,  03,   02062021,   2056
000000000,  03,   02062021,   2057
000000000,  03,   02062021,   2057
000000000,  03,   02062021,   2058
000000000,  03,   02062021,   2058
000000000,  03,   02062021,   2058
000000000,  03,   02062021,   2059
000000000,  03,   02062021,   2059
000000000,  03,   02062021,   2059
000000000,  03,   02062021,   2100
000000000,  03,   02062021,   2101
000000000,  03,   02062021,   2102
000000000,  03,   02062021,   2102
000000000,  03,   02062021,   2102
000000000,  03,   02062021,   2102
000000000,  03,   02062021,   2103
000000000,  03,   02062021,   2104
000000000,  03,   02062021,   2104
000000000,  03,   02062021,   2104
000000000,  03,   02062021,   2105
000000000,  03,   02062021,   2105
000000000,  03,   02062021,   2105
000000000,  03,   02062021,   2105
000000000,  03,   02062021,   2105
000000000,  03,   02062021,   2105
000000000,  03,   02062021,   2105
000000000,  03,   02062021,   2106
000000000,  03,   02062021,   2106
000000000,  03,   02062021,   2107
000000000,  03,   02062021,   2108
000000000,  03,   02062021,   2109
000000000,  03,   02062021,   2110
000000000,  03,   02062021,   2112
000000000,  03,   02062021,   2116
000000000,  03,   02062021,   2116
000000000,  03,   02062021,   2116
101002738,  04,   02062021,   2117
000000000,  03,   02062021,   2124
000000000,  03,   02062021,   2132
000000000,  03,   02062021,   2211
000000000,  03,   02062021,   2219
000000000,  03,   02062021,   2222
000000000,  03,   02062021,   2222
000000000,  03,   02062021,   2222
000000000,  03,   02062021,   2223
000000000,  03,   02062021,   2224
000000000,  03,   02062021,   2224
000000000,  03,   02062021,   2224
000000000,  03,   02062021,   2224
000000000,  03,   02062021,   2224
000000000,  03,   02062021,   2225
000000000,  03,   02062021,   2226
000000000,  03,   02062021,   2233
000000000,  03,   02062021,   2233
000000000,  03,   02062021,   2233
000000000,  03,   02062021,   2237
104000467,  03,   02062021,   2238
000000000,  03,   02062021,   2241
000000000,  03,   02062021,   2241
104000095,  03,   02062021,   2241
101002738,  03,   02062021,   2242
000000000,  03,   02062021,   2242
000000000,  03,   02062021,   2242
000000000,  03,   02062021,   2249
000000000,  03,   03062021,   0022
000000000,  03,   03062021,   0022
000000000,  03,   03062021,   0022
000000000,  03,   03062021,   0022
000000000,  03,   03062021,   0024
000000000,  03,   03062021,   0028
000000000,  03,   03062021,   0028
000000000,  03,   03062021,   0028
000000000,  03,   03062021,   0028
000000000,  03,   03062021,   0028
000000000,  03,   03062021,   0028
000000000,  03,   03062021,   0028
000000000,  03,   03062021,   0028
000000000,  03,   03062021,   0029
000000000,  03,   03062021,   0029
000000000,  03,   03062021,   0029
000000000,  03,   03062021,   0030
000000000,  03,   03062021,   0030
000000000,  03,   03062021,   0030
000000000,  03,   03062021,   0030
000000000,  03,   03062021,   0030
000000000,  03,   03062021,   0030
000000000,  03,   03062021,   0031
000000000,  03,   03062021,   0031
000000000,  03,   03062021,   0032
000000000,  03,   03062021,   0032
000000000,  03,   03062021,   0032
000000000,  03,   03062021,   0032
000000000,  03,   03062021,   0032
000000000,  03,   03062021,   0032
000000000,  03,   03062021,   0032
000000000,  03,   03062021,   0032
000000000,  03,   03062021,   0033
000000000,  03,   03062021,   0033
000000000,  03,   03062021,   0033
000000000,  03,   03062021,   0033
000000000,  03,   03062021,   0033
000000000,  03,   03062021,   0033
000000000,  03,   03062021,   0033
000000000,  03,   03062021,   0033
000000000,  03,   03062021,   0033
000000000,  03,   03062021,   0033
000000000,  03,   03062021,   0037
000000000,  03,   03062021,   0038
000000000,  03,   03062021,   0039
000000000,  03,   03062021,   0040
000000000,  03,   03062021,   0040
000000000,  03,   03062021,   0041
000000000,  03,   03062021,   0042
000000000,  03,   03062021,   0042
000000000,  03,   03062021,   0043
000000000,  03,   03062021,   0044
000000000,  03,   03062021,   0044
000000000,  03,   03062021,   0044
000000000,  03,   03062021,   0045
000000000,  03,   03062021,   0046
000000000,  03,   03062021,   0046
000000000,  03,   03062021,   0047
000000000,  03,   03062021,   0048
000000000,  03,   03062021,   0049
000000000,  03,   03062021,   0052
000000000,  03,   03062021,   0052
000000000,  03,   03062021,   0054
000000000,  03,   03062021,   0054
000000000,  03,   03062021,   0056
000000000,  03,   03062021,   0057
000000000,  03,   03062021,   0104
000000000,  03,   03062021,   0104
000000000,  03,   03062021,   0105
000000000,  03,   03062021,   0108
000000000,  03,   03062021,   0108
000000000,  03,   03062021,   0109
000000000,  03,   03062021,   0110
000000000,  03,   03062021,   0135
000000000,  03,   03062021,   0137
000000000,  03,   03062021,   0149
000000000,  03,   03062021,   0156
000000000,  03,   03062021,   0156
000000000,  03,   03062021,   0157
000000000,  03,   03062021,   0157
000000000,  03,   03062021,   0158
000000000,  03,   03062021,   0201
000000000,  03,   03062021,   0201
000000000,  03,   03062021,   0205
000000000,  03,   03062021,   0205
000000000,  03,   03062021,   0206
000000000,  03,   03062021,   0206
000000000,  03,   03062021,   0206
000000000,  03,   03062021,   0206
000000000,  03,   03062021,   0206
000000000,  03,   03062021,   0206
000000000,  03,   03062021,   0206
000000000,  03,   03062021,   0206
000000000,  03,   03062021,   0206
000000000,  03,   03062021,   0207
000000000,  03,   03062021,   0207
000000000,  03,   03062021,   0207
000000000,  03,   03062021,   0207
000000000,  03,   03062021,   0207
000000000,  03,   03062021,   0214
000000000,  03,   03062021,   0222
000000000,  03,   03062021,   0222
000000000,  03,   03062021,   0223
101002738,  03,   03062021,   0736
101002738,  04,   03062021,   0736
000000000,  03,   03062021,   0737
000000000,  04,   03062021,   0738
000000000,  04,   03062021,   0738
101002738,  05,   03062021,   0739
000000000,  03,   03062021,   0740
103025489,  03,   03062021,   0740
106000013,  03,   03062021,   0744
000000000,  03,   03062021,   0751
103024303,  04,   03062021,   0810
103024303,  03,   03062021,   0811
000000000,  03,   03062021,   0818
103025488,  03,   03062021,   0819
103024303,  01,   03062021,   0821
107000157,  03,   03062021,   0828
107000157,  02,   03062021,   0835
106000013,  04,   03062021,   0835
106000013,  01,   03062021,   0837
107000157,  02,   03062021,   0840
104000274,  03,   03062021,   0853
101001320,  01,   03062021,   0856
104000088,  03,   03062021,   0856
104000285,  01,   03062021,   0905
104000041,  01,   03062021,   0906
104000338,  03,   03062021,   0906
104000222,  01,   03062021,   0906
110004004,  01,   03062021,   0906
104000040,  01,   03062021,   0906
104000043,  01,   03062021,   0908
000000000,  01,   03062021,   0911
110004004,  01,   03062021,   0918
104000360,  01,   03062021,   0918
104000048,  01,   03062021,   0918
104000334,  01,   03062021,   0918
104000047,  01,   03062021,   0918
104000112,  01,   03062021,   0918
104000046,  01,   03062021,   0919
104000270,  03,   03062021,   0919
104000239,  03,   03062021,   0920
104000244,  03,   03062021,   0920
104000008,  03,   03062021,   0921
000000000,  01,   03062021,   0922
103024303,  01,   03062021,   0922
110001870,  01,   03062021,   0922
110001870,  01,   03062021,   0922
110001870,  01,   03062021,   0922
110001870,  01,   03062021,   0922
110001870,  01,   03062021,   0922
101001321,  01,   03062021,   0927
110004004,  01,   03062021,   0928
104000006,  03,   03062021,   0928
104000041,  01,   03062021,   0929
000000000,  01,   03062021,   0930
103024303,  01,   03062021,   0930
106000013,  04,   03062021,   0931
106000013,  01,   03062021,   0931
104000111,  01,   03062021,   0932
104000358,  01,   03062021,   0932
104000098,  03,   03062021,   0933
104000099,  03,   03062021,   0933
104000343,  01,   03062021,   0934
104000273,  03,   03062021,   0935
104000042,  01,   03062021,   0939
110001868,  03,   03062021,   0940
104000237,  03,   03062021,   0940
104000272,  03,   03062021,   0944
104000011,  03,   03062021,   0944
104000009,  03,   03062021,   0945
000000000,  03,   03062021,   0945
000000000,  03,   03062021,   0945
000000000,  03,   03062021,   0945
104000277,  03,   03062021,   0945
104000004,  03,   03062021,   0945
104000009,  05,   03062021,   0945
104000009,  05,   03062021,   0945
104000467,  03,   03062021,   0950
000000000,  03,   03062021,   0950
000000000,  03,   03062021,   0950
000000000,  03,   03062021,   0950
000000000,  03,   03062021,   0951
000000000,  03,   03062021,   0952
000000000,  03,   03062021,   0952
104000041,  01,   03062021,   0955
000000000,  01,   03062021,   1002
104000052,  01,   03062021,   1003
000000000,  01,   03062021,   1007
000000000,  01,   03062021,   1008
110003994,  01,   03062021,   1009
104000349,  01,   03062021,   1015
101001320,  01,   03062021,   1017
104000343,  01,   03062021,   1019
106000013,  04,   03062021,   1021
000000000,  02,   03062021,   1022
000000000,  02,   03062021,   1022
000000000,  02,   03062021,   1022
000000000,  02,   03062021,   1022
000000000,  01,   03062021,   1023
103024303,  04,   03062021,   1026
103024303,  01,   03062021,   1028
106000013,  02,   03062021,   1029
106000013,  04,   03062021,   1030
000000000,  01,   03062021,   1036
103024303,  01,   03062021,   1040
000000000,  01,   03062021,   1043
110004004,  04,   03062021,   1044
110004004,  01,   03062021,   1045
110004004,  04,   03062021,   1046
104000006,  04,   03062021,   1048
110004004,  01,   03062021,   1049
000000000,  04,   03062021,   1049
000000000,  04,   03062021,   1049
103025488,  04,   03062021,   1051
107000197,  02,   03062021,   1051
107000197,  04,   03062021,   1051
000000000,  01,   03062021,   1052
103025488,  01,   03062021,   1053
000000000,  04,   03062021,   1054
110004004,  04,   03062021,   1055
110004004,  01,   03062021,   1056
000000000,  01,   03062021,   1058
110004004,  04,   03062021,   1058
104000343,  04,   03062021,   1059
000000000,  01,   03062021,   1059
110004004,  01,   03062021,   1100
000000000,  01,   03062021,   1103
104000285,  01,   03062021,   1103
000000000,  01,   03062021,   1106
104000297,  03,   03062021,   1107
106000013,  04,   03062021,   1108
104000285,  01,   03062021,   1110
106000013,  01,   03062021,   1111
104000467,  04,   03062021,   1113
000000000,  02,   03062021,   1114
104000360,  01,   03062021,   1117
104000343,  01,   03062021,   1120
101002738,  02,   03062021,   1123
104000467,  04,   03062021,   1123
104000500,  01,   03062021,   1124
104000360,  01,   03062021,   1127
104000467,  03,   03062021,   1127
000001809,  04,   03062021,   1129
106000013,  01,   03062021,   1130
000001809,  01,   03062021,   1130
106000013,  04,   03062021,   1131
104000343,  01,   03062021,   1138
104000277,  03,   03062021,   1139
000000000,  03,   03062021,   1141
104000277,  03,   03062021,   1143
000001809,  04,   03062021,   1146
104000467,  03,   03062021,   1147
000001809,  04,   03062021,   1148
000001809,  04,   03062021,   1153
000001809,  01,   03062021,   1155
107000157,  01,   03062021,   1207
107000157,  01,   03062021,   1208
104000095,  03,   03062021,   1209
107000118,  02,   03062021,   1216
107000118,  04,   03062021,   1216
101001320,  01,   03062021,   1217
000001809,  01,   03062021,   1219
000000000,  03,   03062021,   1221
000000000,  03,   03062021,   1221
107000118,  04,   03062021,   1225
000000000,  02,   03062021,   1225
104000046,  01,   03062021,   1234
000000000,  03,   03062021,   1235
000000000,  03,   03062021,   1235
000000000,  03,   03062021,   1236
000000000,  03,   03062021,   1237
104000041,  01,   03062021,   1237
000000000,  03,   03062021,   1237
000000000,  03,   03062021,   1238
000000000,  03,   03062021,   1238
000000000,  03,   03062021,   1238
000000000,  03,   03062021,   1239
000000000,  03,   03062021,   1239
104000046,  01,   03062021,   1240
000000000,  03,   03062021,   1240
000000000,  03,   03062021,   1240
104000467,  04,   03062021,   1241
000000000,  03,   03062021,   1241
000000000,  02,   03062021,   1242
104000467,  04,   03062021,   1243
104000467,  02,   03062021,   1243
104000047,  01,   03062021,   1243
000000000,  03,   03062021,   1243
104000006,  04,   03062021,   1244
104000006,  04,   03062021,   1244
000000000,  03,   03062021,   1246
104000041,  01,   03062021,   1246
104000047,  01,   03062021,   1250
000000000,  03,   03062021,   1250
000000000,  03,   03062021,   1252
104000006,  04,   03062021,   1252
104000047,  01,   03062021,   1256
104000095,  03,   03062021,   1258
101002738,  04,   03062021,   1300
000000000,  02,   03062021,   1301
101002738,  02,   03062021,   1301
101002738,  04,   03062021,   1302
000000000,  03,   03062021,   1302
104000043,  01,   03062021,   1306
104000047,  01,   03062021,   1306
000000000,  02,   03062021,   1307
107000118,  04,   03062021,   1308
000000000,  02,   03062021,   1308
000000000,  01,   03062021,   1309
104000043,  01,   03062021,   1311
000000000,  03,   03062021,   1311
101001320,  02,   03062021,   1312
101001320,  04,   03062021,   1313
000000000,  03,   03062021,   1317
101001320,  04,   03062021,   1317
101001320,  01,   03062021,   1319
104000046,  01,   03062021,   1327
104000046,  01,   03062021,   1339
104000043,  01,   03062021,   1339
000000000,  02,   03062021,   1340
104000043,  01,   03062021,   1341
000000000,  02,   03062021,   1341
000000000,  02,   03062021,   1341
000000000,  01,   03062021,   1342
000000000,  02,   03062021,   1342
106000013,  04,   03062021,   1402
103025488,  03,   03062021,   1403
101001321,  01,   03062021,   1405
106000013,  01,   03062021,   1405
000000000,  01,   03062021,   1417
106000128,  02,   03062021,   1418
104000041,  01,   03062021,   1419
000000000,  02,   03062021,   1421
101001321,  01,   03062021,   1422
104000043,  01,   03062021,   1426
000000000,  01,   03062021,   1427
110001870,  01,   03062021,   1429
000000000,  01,   03062021,   1437
110004004,  01,   03062021,   1439
104000467,  03,   03062021,   1439
104000006,  04,   03062021,   1445
000000017,  04,   03062021,   1446
000000017,  04,   03062021,   1446
000000000,  02,   03062021,   1447
000000000,  02,   03062021,   1447
110004004,  01,   03062021,   1449
104000285,  01,   03062021,   1449
104000272,  03,   03062021,   1450
107000157,  02,   03062021,   1450
104000006,  04,   03062021,   1450
000000000,  03,   03062021,   1459
104000272,  03,   03062021,   1500
000000000,  03,   03062021,   1503
000000000,  01,   03062021,   1504
106000013,  04,   03062021,   1505
104000043,  01,   03062021,   1505
106000013,  01,   03062021,   1505
000000000,  03,   03062021,   1507
000000000,  03,   03062021,   1509
104000360,  01,   03062021,   1513
000000000,  03,   03062021,   1517
000000000,  03,   03062021,   1518
000000000,  03,   03062021,   1519
104000467,  03,   03062021,   1521
106000013,  04,   03062021,   1524
104000222,  01,   03062021,   1525
104000360,  01,   03062021,   1525
106000013,  01,   03062021,   1527
110003994,  01,   03062021,   1532
106000013,  01,   03062021,   1532
110003994,  01,   03062021,   1535
000000000,  01,   03062021,   1545
000000000,  01,   03062021,   1545
000000000,  01,   03062021,   1546
104000006,  04,   03062021,   1548
104000006,  04,   03062021,   1552
106000013,  03,   03062021,   1558
104000338,  04,   03062021,   1604
104000338,  04,   03062021,   1604
104000338,  04,   03062021,   1605
104000338,  04,   03062021,   1607
107000197,  02,   03062021,   1609
107000197,  04,   03062021,   1609
107000197,  01,   03062021,   1614
107000197,  01,   03062021,   1615
101001320,  01,   03062021,   1618
104000334,  01,   03062021,   1633
104000343,  01,   03062021,   1639
104000334,  01,   03062021,   1640
104000360,  01,   03062021,   1645
000000000,  01,   03062021,   1645
104000334,  01,   03062021,   1700
104000334,  01,   03062021,   1700
104000042,  01,   03062021,   1704
000000000,  04,   03062021,   1706
000000000,  04,   03062021,   1706
000000000,  01,   03062021,   1707
000000000,  01,   03062021,   1707
104000343,  04,   03062021,   1711
110003994,  01,   03062021,   1712
104000043,  01,   03062021,   1723
110003994,  01,   03062021,   1727
000000000,  01,   03062021,   1728
104000360,  01,   03062021,   1728
000000000,  01,   03062021,   1729
101001320,  01,   03062021,   1729
104000046,  01,   03062021,   1731
000000000,  01,   03062021,   1731
000000000,  01,   03062021,   1734
000000000,  01,   03062021,   1736
104000343,  01,   03062021,   1737
104000273,  03,   03062021,   1737
104000222,  01,   03062021,   1737
101001320,  01,   03062021,   1739
000000000,  01,   03062021,   1742
104000274,  03,   03062021,   1746
110003994,  01,   03062021,   1746
110003994,  01,   03062021,   1747
104000040,  01,   03062021,   1800
104000040,  02,   03062021,   1800
110004004,  01,   03062021,   1800
104000358,  01,   03062021,   1801
104000111,  01,   03062021,   1801
104000111,  01,   03062021,   1802
104000270,  03,   03062021,   1802
104000358,  01,   03062021,   1802
104000244,  03,   03062021,   1803
104000006,  03,   03062021,   1803
104000244,  03,   03062021,   1804
104000098,  03,   03062021,   1804
104000099,  03,   03062021,   1804
104000239,  03,   03062021,   1805
104000338,  03,   03062021,   1805
104000270,  03,   03062021,   1805
104000009,  03,   03062021,   1805
104000004,  03,   03062021,   1805
104000272,  03,   03062021,   1805
104000011,  03,   03062021,   1805
104000008,  03,   03062021,   1806
103025488,  03,   03062021,   1812
103025488,  03,   03062021,   1813
103025488,  03,   03062021,   1813
101002738,  04,   03062021,   1828
104000297,  03,   03062021,   1828
101002738,  01,   03062021,   1831
104000349,  01,   03062021,   1834
104000343,  01,   03062021,   1834
104000349,  01,   03062021,   1835
104000047,  01,   03062021,   1839
104000360,  01,   03062021,   1840
104000048,  01,   03062021,   1840
104000112,  01,   03062021,   1841
101002738,  01,   03062021,   1841
101002738,  04,   03062021,   1843
104000467,  03,   03062021,   1849
104000277,  03,   03062021,   1932
110001868,  03,   03062021,   1933
104000237,  03,   03062021,   1933
103025489,  03,   03062021,   1937
000000000,  03,   03062021,   1942
104000088,  03,   03062021,   1942
101002738,  04,   03062021,   1953
000000000,  03,   03062021,   2001
107000157,  02,   03062021,   2003
000000000,  03,   03062021,   2036
000000000,  03,   03062021,   2036
000000000,  03,   03062021,   2036
000000000,  03,   03062021,   2037
000000000,  03,   03062021,   2037
000000000,  03,   03062021,   2038
000000000,  03,   03062021,   2038
101002738,  03,   03062021,   2040
000000000,  03,   03062021,   2046
000000000,  03,   03062021,   2046
000000000,  03,   03062021,   2046
000000000,  03,   03062021,   2047
000000000,  03,   03062021,   2047
000000000,  03,   03062021,   2049
104000467,  03,   03062021,   2052
104000467,  03,   03062021,   2052
104000467,  03,   03062021,   2053
000000000,  03,   03062021,   2102
000000000,  03,   03062021,   2102
000000000,  03,   03062021,   2102
000000000,  03,   03062021,   2103
000000000,  03,   03062021,   2103
000000000,  03,   03062021,   2103
104000095,  03,   03062021,   2114
000000000,  03,   03062021,   2135
000000000,  03,   03062021,   2136
000000000,  03,   03062021,   2136
000000000,  03,   03062021,   2137
000000000,  03,   03062021,   2137
000000000,  03,   03062021,   2201
000000000,  03,   03062021,   2205
000000000,  03,   03062021,   2205
000000000,  03,   03062021,   2205
000000000,  03,   03062021,   2205
000000000,  03,   03062021,   2205
000000000,  03,   03062021,   2214
000000000,  03,   03062021,   2219
000000000,  03,   03062021,   2220
000000000,  03,   03062021,   2234
000000000,  03,   03062021,   2235
000000000,  03,   03062021,   2243
000000000,  03,   03062021,   2243
000000000,  03,   03062021,   2243
000000000,  03,   03062021,   2245
000000000,  03,   03062021,   2245
000000000,  03,   03062021,   2245
000000000,  03,   03062021,   2256
000000000,  03,   03062021,   2258
000000000,  03,   03062021,   2258
000000000,  03,   03062021,   2259
000000000,  03,   03062021,   2259
000000000,  03,   03062021,   2302
000000000,  03,   04062021,   0054
000000000,  03,   04062021,   0325
000000000,  03,   04062021,   0325
000000000,  03,   04062021,   0325
000000000,  03,   04062021,   0325
000000000,  03,   04062021,   0325
000000000,  03,   04062021,   0325
000000000,  03,   04062021,   0325
000000000,  03,   04062021,   0325
000000000,  03,   04062021,   0325
000000000,  03,   04062021,   0325
000000000,  03,   04062021,   0326
101002738,  04,   05062021,   0739
101002738,  03,   05062021,   0740
103025489,  03,   05062021,   0740
106000013,  03,   05062021,   0741
101002738,  05,   05062021,   0742
103025488,  03,   05062021,   0759
000000000,  02,   05062021,   0822
104000088,  03,   05062021,   0829
101001320,  01,   05062021,   0831
106000013,  04,   05062021,   0840
000000000,  01,   05062021,   0843
101001320,  01,   05062021,   0844
106000013,  01,   05062021,   0844
106000013,  01,   05062021,   0844
000000000,  01,   05062021,   0844
000000000,  01,   05062021,   0846
103025488,  04,   05062021,   0851
103025488,  04,   05062021,   0852
103025488,  05,   05062021,   0853
104000041,  01,   05062021,   0859
104000040,  01,   05062021,   0859
104000285,  01,   05062021,   0859
110004004,  01,   05062021,   0859
104000338,  03,   05062021,   0859
104000274,  03,   05062021,   0904
104000048,  01,   05062021,   0912
104000046,  01,   05062021,   0912
104000112,  01,   05062021,   0912
104000112,  01,   05062021,   0912
104000047,  01,   05062021,   0912
104000334,  01,   05062021,   0912
104000334,  01,   05062021,   0912
000000000,  01,   05062021,   0915
101001320,  01,   05062021,   0918
104000111,  01,   05062021,   0921
104000358,  01,   05062021,   0922
104000098,  03,   05062021,   0922
104000099,  03,   05062021,   0922
104000237,  03,   05062021,   0922
107000157,  02,   05062021,   0923
104000349,  01,   05062021,   0928
104000222,  01,   05062021,   0932
104000244,  03,   05062021,   0932
106000013,  04,   05062021,   0936
106000013,  01,   05062021,   0937
000000000,  03,   05062021,   0937
104000006,  03,   05062021,   0937
104000277,  03,   05062021,   0939
104000272,  03,   05062021,   0939
000000000,  03,   05062021,   0939
104000004,  03,   05062021,   0939
000000000,  03,   05062021,   0939
104000004,  03,   05062021,   0939
104000005,  03,   05062021,   0939
104000011,  03,   05062021,   0939
000000000,  03,   05062021,   0939
000000000,  03,   05062021,   0947
000000000,  03,   05062021,   0947
000000000,  03,   05062021,   0947
000000000,  03,   05062021,   0947
000000000,  03,   05062021,   0947
000000000,  03,   05062021,   0947
104000343,  01,   05062021,   0948
104000273,  03,   05062021,   0948
110001870,  01,   05062021,   0950
104000270,  03,   05062021,   0952
104000349,  01,   05062021,   0957
104000042,  01,   05062021,   0959
104000338,  03,   05062021,   1000
110001868,  03,   05062021,   1003
104000349,  01,   05062021,   1004
104000239,  03,   05062021,   1005
104000046,  01,   05062021,   1009
104000046,  01,   05062021,   1009
104000360,  01,   05062021,   1010
000000000,  02,   05062021,   1011
000000000,  02,   05062021,   1011
000000000,  02,   05062021,   1011
101002738,  04,   05062021,   1015
104000338,  03,   05062021,   1016
101002738,  01,   05062021,   1018
106000013,  04,   05062021,   1022
000000000,  02,   05062021,   1024
104000042,  01,   05062021,   1027
101002738,  04,   05062021,   1029
101002738,  01,   05062021,   1029
106000013,  02,   05062021,   1031
106000013,  04,   05062021,   1031
104000042,  01,   05062021,   1033
110004004,  01,   05062021,   1040
104000006,  04,   05062021,   1041
000000000,  03,   05062021,   1044
104000006,  04,   05062021,   1045
110004004,  01,   05062021,   1049
106000013,  04,   05062021,   1053
106000013,  01,   05062021,   1056
000000000,  03,   05062021,   1057
104000297,  03,   05062021,   1058
000001802,  01,   05062021,   1108
104000098,  03,   05062021,   1119
104000098,  03,   05062021,   1119
000000000,  01,   05062021,   1126
000001802,  04,   05062021,   1127
106000013,  04,   05062021,   1128
106000013,  01,   05062021,   1128
000000000,  01,   05062021,   1129
000000000,  03,   05062021,   1132
000000000,  01,   05062021,   1137
104000360,  01,   05062021,   1137
000000000,  01,   05062021,   1138
104000008,  03,   05062021,   1143
104000095,  03,   05062021,   1151
104000222,  01,   05062021,   1153
104000047,  01,   05062021,   1155
104000047,  01,   05062021,   1155
000000000,  01,   05062021,   1204
000000000,  01,   05062021,   1204
000001802,  04,   05062021,   1220
104000270,  04,   05062021,   1222
000001802,  01,   05062021,   1223
000000000,  03,   05062021,   1224
000000000,  03,   05062021,   1225
000000000,  03,   05062021,   1225
000000000,  03,   05062021,   1225
000000000,  03,   05062021,   1225
104000360,  01,   05062021,   1227
000000000,  01,   05062021,   1233
104000270,  04,   05062021,   1235
104000042,  01,   05062021,   1240
000000000,  02,   05062021,   1242
104000005,  03,   05062021,   1247
104000358,  01,   05062021,   1257
104000334,  01,   05062021,   1258
104000358,  01,   05062021,   1258
104000334,  01,   05062021,   1258
101001320,  04,   05062021,   1258
000000000,  01,   05062021,   1259
101001320,  04,   05062021,   1302
101001320,  01,   05062021,   1305
105000264,  02,   05062021,   1316
105000264,  04,   05062021,   1316
105000264,  04,   05062021,   1317
000000000,  03,   05062021,   1322
000000000,  03,   05062021,   1322
104000006,  04,   05062021,   1323
000000000,  01,   05062021,   1324
104000006,  04,   05062021,   1328
101001320,  04,   05062021,   1329
000000000,  01,   05062021,   1330
104000005,  03,   05062021,   1331
000000000,  02,   05062021,   1333
000000000,  02,   05062021,   1333
000000000,  02,   05062021,   1333
000000000,  02,   05062021,   1333
105000264,  02,   05062021,   1334
105000264,  04,   05062021,   1334
101001320,  01,   05062021,   1342
000000000,  03,   05062021,   1344
104000334,  01,   05062021,   1345
104000358,  01,   05062021,   1345
104000043,  01,   05062021,   1346
104000046,  01,   05062021,   1352
104000046,  01,   05062021,   1353
104000467,  03,   05062021,   1354
106000013,  04,   05062021,   1408
106000013,  01,   05062021,   1410
104000006,  04,   05062021,   1433
104000006,  04,   05062021,   1433
104000006,  04,   05062021,   1437
104000343,  01,   05062021,   1439
106000013,  01,   05062021,   1441
000000000,  03,   05062021,   1442
104000358,  01,   05062021,   1444
000000000,  04,   05062021,   1502
000000000,  01,   05062021,   1502
000000000,  01,   05062021,   1516
104000360,  01,   05062021,   1516
104000467,  04,   05062021,   1517
000000000,  02,   05062021,   1519
104000095,  03,   05062021,   1520
000000000,  03,   05062021,   1526
110004004,  01,   05062021,   1526
000000000,  01,   05062021,   1529
000000000,  03,   05062021,   1532
000000000,  03,   05062021,   1532
104000360,  01,   05062021,   1534
110004004,  01,   05062021,   1535
106000013,  04,   05062021,   1542
106000013,  01,   05062021,   1545
106000013,  01,   05062021,   1552
104000343,  01,   05062021,   1556
104000467,  02,   05062021,   1557
104000467,  04,   05062021,   1557
110001870,  01,   05062021,   1609
104000006,  04,   05062021,   1610
104000006,  04,   05062021,   1615
101002738,  04,   05062021,   1634
101002738,  01,   05062021,   1637
104000272,  03,   05062021,   1637
101002738,  04,   05062021,   1637
101002738,  01,   05062021,   1638
106000013,  03,   05062021,   1641
104000272,  03,   05062021,   1649
000000000,  01,   05062021,   1657
000000000,  01,   05062021,   1658
104000222,  01,   05062021,   1709
104000349,  01,   05062021,   1709
104000043,  01,   05062021,   1713
104000043,  01,   05062021,   1718
104000334,  01,   05062021,   1720
101001320,  01,   05062021,   1721
104000047,  01,   05062021,   1723
104000274,  03,   05062021,   1723
104000046,  01,   05062021,   1732
104000047,  01,   05062021,   1732
104000343,  01,   05062021,   1733
104000048,  01,   05062021,   1746
104000047,  01,   05062021,   1746
104000360,  01,   05062021,   1746
104000047,  01,   05062021,   1746
104000112,  01,   05062021,   1746
104000043,  01,   05062021,   1755
104000043,  01,   05062021,   1756
104000043,  01,   05062021,   1756
104000338,  03,   05062021,   1756
104000006,  03,   05062021,   1757
110001868,  03,   05062021,   1759
104000270,  03,   05062021,   1759
104000244,  03,   05062021,   1800
104000239,  03,   05062021,   1801
104000273,  03,   05062021,   1801
104000041,  01,   05062021,   1801
104000040,  01,   05062021,   1801
104000285,  01,   05062021,   1801
110004004,  01,   05062021,   1801
104000099,  03,   05062021,   1801
101002738,  04,   05062021,   1802
104000008,  03,   05062021,   1803
104000237,  03,   05062021,   1803
101002738,  01,   05062021,   1804
104000272,  03,   05062021,   1804
104000111,  01,   05062021,   1804
104000277,  03,   05062021,   1805
104000272,  03,   05062021,   1805
104000098,  03,   05062021,   1806
101002738,  01,   05062021,   1807
101002738,  01,   05062021,   1808
101002738,  01,   05062021,   1808
101002738,  04,   05062021,   1809
104000005,  03,   05062021,   1810
104000467,  03,   05062021,   1810
104000011,  03,   05062021,   1812
103025488,  03,   05062021,   1812
104000004,  03,   05062021,   1814
103025488,  03,   05062021,   1814
107000157,  02,   05062021,   1825
107000157,  02,   05062021,   1826
103025489,  03,   05062021,   1827
000000000,  03,   05062021,   1910
000000000,  03,   05062021,   1910
104000088,  03,   05062021,   1911
101002738,  04,   05062021,   1914
104000297,  03,   05062021,   1926
000000000,  03,   05062021,   2003
101002738,  03,   05062021,   2007
101002738,  04,   06062021,   0741
101002738,  03,   06062021,   0741
103025489,  03,   06062021,   0742
101002738,  05,   06062021,   0744
106000013,  03,   06062021,   0746
000000000,  03,   06062021,   0756
101001320,  04,   06062021,   0810
103025488,  03,   06062021,   0813
101001320,  01,   06062021,   0814
000000000,  01,   06062021,   0833
106000013,  04,   06062021,   0833
101001320,  04,   06062021,   0836
106000013,  01,   06062021,   0836
101001320,  01,   06062021,   0838
000000000,  02,   06062021,   0838
104000088,  03,   06062021,   0851
101001321,  01,   06062021,   0852
107000157,  02,   06062021,   0900
104000285,  01,   06062021,   0911
104000041,  01,   06062021,   0911
110004004,  01,   06062021,   0911
104000040,  01,   06062021,   0911
104000040,  01,   06062021,   0911
104000338,  03,   06062021,   0911
000000000,  03,   06062021,   0911
104000043,  01,   06062021,   0911
000000000,  03,   06062021,   0911
104000338,  05,   06062021,   0911
104000048,  01,   06062021,   0917
104000360,  01,   06062021,   0917
104000047,  01,   06062021,   0917
104000046,  01,   06062021,   0917
104000112,  01,   06062021,   0917
104000112,  01,   06062021,   0917
104000334,  01,   06062021,   0917
104000334,  01,   06062021,   0917
104000222,  01,   06062021,   0918
104000349,  01,   06062021,   0918
104000111,  01,   06062021,   0920
104000358,  01,   06062021,   0920
104000237,  03,   06062021,   0920
104000099,  03,   06062021,   0920
104000098,  03,   06062021,   0920
104000008,  03,   06062021,   0925
104000239,  03,   06062021,   0925
104000244,  03,   06062021,   0925
000000000,  03,   06062021,   0928
106000013,  04,   06062021,   0929
106000013,  01,   06062021,   0929
101001321,  01,   06062021,   0930
000000000,  01,   06062021,   0930
000000000,  03,   06062021,   0931
104000006,  03,   06062021,   0933
101001321,  01,   06062021,   0935
104000274,  03,   06062021,   0937
104000272,  03,   06062021,   0942
104000277,  03,   06062021,   0942
104000009,  03,   06062021,   0942
104000004,  03,   06062021,   0942
104000005,  03,   06062021,   0942
104000011,  03,   06062021,   0942
104000273,  03,   06062021,   0942
000000000,  03,   06062021,   0942
000000000,  03,   06062021,   0943
104000009,  05,   06062021,   0943
104000005,  05,   06062021,   0943
104000467,  03,   06062021,   0945
104000467,  03,   06062021,   0945
104000343,  01,   06062021,   0946
000000000,  01,   06062021,   0948
104000042,  01,   06062021,   0952
110001868,  03,   06062021,   0953
101001320,  04,   06062021,   0954
101001320,  01,   06062021,   0956
101001320,  01,   06062021,   1010
110001870,  01,   06062021,   1013
106000013,  04,   06062021,   1016
000000000,  02,   06062021,   1018
000000000,  02,   06062021,   1018
106000013,  02,   06062021,   1025
106000013,  02,   06062021,   1025
106000013,  04,   06062021,   1025
110004004,  01,   06062021,   1032
110004004,  01,   06062021,   1032
000000000,  01,   06062021,   1034
000000000,  01,   06062021,   1038
104000467,  03,   06062021,   1041
110004004,  01,   06062021,   1043
000000000,  03,   06062021,   1056
000000000,  03,   06062021,   1056
000000000,  03,   06062021,   1056
000001809,  01,   06062021,   1058
104000270,  03,   06062021,   1058
104000006,  04,   06062021,   1102
106000013,  04,   06062021,   1103
000000000,  03,   06062021,   1104
106000013,  01,   06062021,   1105
104000338,  03,   06062021,   1106
104000467,  03,   06062021,   1106
104000338,  03,   06062021,   1107
104000006,  04,   06062021,   1107
104000297,  03,   06062021,   1118
000000000,  01,   06062021,   1124
105000082,  02,   06062021,   1125
105000082,  04,   06062021,   1125
106000013,  04,   06062021,   1131
106000013,  01,   06062021,   1131
105000082,  04,   06062021,   1135
000000000,  02,   06062021,   1136
104000008,  03,   06062021,   1141
000000000,  01,   06062021,   1147
104000095,  03,   06062021,   1151
104000338,  03,   06062021,   1151
000000000,  03,   06062021,   1151
000000000,  03,   06062021,   1151
101002738,  04,   06062021,   1152
104000358,  01,   06062021,   1153
101002738,  04,   06062021,   1154
000000000,  01,   06062021,   1155
101002738,  01,   06062021,   1155
000001809,  01,   06062021,   1156
101002737,  02,   06062021,   1159
101002737,  04,   06062021,   1200
101002738,  04,   06062021,   1202
103025487,  01,   06062021,   1203
000000000,  02,   06062021,   1203
101002738,  02,   06062021,   1204
101002738,  04,   06062021,   1204
104000358,  01,   06062021,   1204
101002738,  04,   06062021,   1210
101002737,  04,   06062021,   1211
104000272,  04,   06062021,   1212
000000000,  02,   06062021,   1213
101002738,  01,   06062021,   1213
000001809,  04,   06062021,   1214
000001809,  01,   06062021,   1216
000000000,  03,   06062021,   1216
000000000,  03,   06062021,   1217
000000000,  03,   06062021,   1217
000000000,  03,   06062021,   1217
000000000,  03,   06062021,   1217
000000000,  03,   06062021,   1217
000000000,  03,   06062021,   1217
000000000,  03,   06062021,   1217
104000272,  04,   06062021,   1217
000000000,  01,   06062021,   1218
101002738,  04,   06062021,   1219
101002738,  01,   06062021,   1220
104000285,  01,   06062021,   1221
104000272,  03,   06062021,   1224
000000000,  02,   06062021,   1227
105000021,  02,   06062021,   1228
105000021,  02,   06062021,   1228
104000272,  03,   06062021,   1230
000000000,  01,   06062021,   1231
000001809,  04,   06062021,   1232
000001809,  01,   06062021,   1232
107000197,  02,   06062021,   1232
107000197,  04,   06062021,   1233
000000000,  02,   06062021,   1234
107000197,  01,   06062021,   1238
107000197,  01,   06062021,   1239
104000338,  04,   06062021,   1244
104000338,  04,   06062021,   1245
000001809,  04,   06062021,   1251
104000222,  01,   06062021,   1251
107000197,  01,   06062021,   1252
107000197,  01,   06062021,   1253
000001809,  01,   06062021,   1253
000001809,  01,   06062021,   1253
104000222,  01,   06062021,   1253
110004004,  01,   06062021,   1256
110004004,  01,   06062021,   1257
110004004,  01,   06062021,   1257
104000040,  01,   06062021,   1313
104000343,  01,   06062021,   1314
104000358,  04,   06062021,   1318
104000358,  01,   06062021,   1319
104000047,  01,   06062021,   1320
104000358,  04,   06062021,   1322
000001809,  04,   06062021,   1323
104000358,  01,   06062021,   1324
104000272,  03,   06062021,   1324
104000040,  01,   06062021,   1326
104000047,  01,   06062021,   1330
110004004,  01,   06062021,   1334
110004004,  01,   06062021,   1337
104000006,  04,   06062021,   1342
104000244,  05,   06062021,   1342
104000237,  05,   06062021,   1342
104000237,  05,   06062021,   1342
104000006,  05,   06062021,   1343
104000467,  03,   06062021,   1345
104000006,  04,   06062021,   1347
101002737,  02,   06062021,   1347
101002737,  04,   06062021,   1347
104000047,  01,   06062021,   1351
104000047,  01,   06062021,   1353
101002737,  04,   06062021,   1354
000000000,  02,   06062021,   1355
000000000,  02,   06062021,   1355
000000000,  02,   06062021,   1355
104000047,  01,   06062021,   1357
103025488,  05,   06062021,   1400
106000013,  04,   06062021,   1401
106000013,  01,   06062021,   1403
107000197,  02,   06062021,   1405
107000197,  04,   06062021,   1405
000000000,  01,   06062021,   1406
000000000,  01,   06062021,   1406
104000047,  01,   06062021,   1408
105000021,  02,   06062021,   1411
101001321,  01,   06062021,   1411
000000000,  02,   06062021,   1421
101001320,  01,   06062021,   1421
104000285,  01,   06062021,   1425
104000358,  01,   06062021,   1432
110001870,  01,   06062021,   1433
104000098,  03,   06062021,   1439
000000000,  01,   06062021,   1446
104000043,  01,   06062021,   1448
104000043,  01,   06062021,   1452
101001321,  01,   06062021,   1455
104000272,  03,   06062021,   1456
110000828,  03,   06062021,   1457
110004004,  01,   06062021,   1458
110000828,  03,   06062021,   1459
000000000,  01,   06062021,   1508
106000013,  01,   06062021,   1510
106000013,  04,   06062021,   1511
104000467,  03,   06062021,   1512
101001321,  01,   06062021,   1514
104000006,  04,   06062021,   1515
110004004,  01,   06062021,   1516
104000006,  01,   06062021,   1517
104000006,  01,   06062021,   1519
104000006,  04,   06062021,   1522
000000000,  01,   06062021,   1528
104000222,  01,   06062021,   1537
104000008,  03,   06062021,   1538
000000000,  04,   06062021,   1542
000000000,  04,   06062021,   1544
000000000,  04,   06062021,   1544
000000000,  04,   06062021,   1545
000000000,  04,   06062021,   1546
000000000,  01,   06062021,   1546
000000000,  01,   06062021,   1547
000000000,  01,   06062021,   1547
000000000,  01,   06062021,   1548
104000041,  01,   06062021,   1554
104000041,  01,   06062021,   1557
106000013,  04,   06062021,   1559
106000013,  01,   06062021,   1601
106000013,  01,   06062021,   1606
101002738,  04,   06062021,   1608
101002738,  01,   06062021,   1610
101002738,  01,   06062021,   1611
000000000,  01,   06062021,   1615
101001320,  01,   06062021,   1622
000000000,  01,   06062021,   1630
000000000,  01,   06062021,   1632
107000197,  04,   06062021,   1636
104000343,  01,   06062021,   1638
104000272,  03,   06062021,   1645
106000013,  03,   06062021,   1647
104000272,  03,   06062021,   1654
104000343,  01,   06062021,   1657
104000006,  04,   06062021,   1658
101002738,  04,   06062021,   1700
104000006,  04,   06062021,   1702
104000343,  04,   06062021,   1703
000000000,  01,   06062021,   1704
104000222,  01,   06062021,   1706
104000349,  01,   06062021,   1706
104000343,  01,   06062021,   1706
104000042,  01,   06062021,   1712
104000008,  03,   06062021,   1720
104000343,  01,   06062021,   1742
104000360,  01,   06062021,   1744
110004004,  01,   06062021,   1756
101002738,  04,   06062021,   1756
104000043,  01,   06062021,   1757
104000041,  01,   06062021,   1757
104000040,  01,   06062021,   1757
101001320,  01,   06062021,   1758
101002738,  01,   06062021,   1759
104000047,  01,   06062021,   1759
000000000,  01,   06062021,   1800
104000274,  03,   06062021,   1800
104000270,  04,   06062021,   1802
104000047,  01,   06062021,   1802
104000334,  01,   06062021,   1802
104000048,  01,   06062021,   1802
104000111,  01,   06062021,   1802
104000046,  01,   06062021,   1802
104000338,  03,   06062021,   1802
104000270,  03,   06062021,   1802
104000112,  01,   06062021,   1802
104000270,  03,   06062021,   1802
104000099,  03,   06062021,   1802
101002738,  01,   06062021,   1803
104000270,  03,   06062021,   1804
104000237,  03,   06062021,   1804
110001868,  03,   06062021,   1805
101002738,  01,   06062021,   1805
101002738,  04,   06062021,   1806
104000467,  03,   06062021,   1808
104000004,  03,   06062021,   1808
104000272,  03,   06062021,   1808
104000277,  03,   06062021,   1808
104000005,  03,   06062021,   1808
104000006,  03,   06062021,   1809
104000273,  03,   06062021,   1809
104000009,  03,   06062021,   1811
104000239,  03,   06062021,   1822
104000244,  03,   06062021,   1825
104000008,  03,   06062021,   1827
103025488,  03,   06062021,   1831
104000088,  03,   06062021,   1848
103025489,  03,   06062021,   1854
000000000,  03,   06062021,   1907
101002738,  03,   06062021,   1907
000000000,  03,   06062021,   1914
101002738,  04,   06062021,   1924
103025489,  03,   06062021,   1928
000000000,  03,   06062021,   2011
104000297,  03,   06062021,   2023
000000000,  03,   06062021,   2046
000000000,  03,   06062021,   2050
000000000,  03,   06062021,   2102
000000000,  03,   06062021,   2130
000000000,  03,   06062021,   2135
000000000,  03,   06062021,   2137
000000000,  03,   06062021,   2141
000000000,  03,   06062021,   2141
000000000,  03,   06062021,   2142
000000000,  03,   06062021,   2142
000000000,  03,   06062021,   2142
000000000,  03,   06062021,   2142
000000000,  03,   06062021,   2142
000000000,  03,   06062021,   2142
000000000,  03,   06062021,   2142
000000000,  03,   06062021,   2143
000000000,  03,   06062021,   2143
000000000,  03,   06062021,   2143
000000000,  03,   06062021,   2143
000000000,  03,   06062021,   2143
000000000,  03,   06062021,   2143
000000000,  03,   06062021,   2143
000000000,  03,   06062021,   2146
000000000,  03,   06062021,   2146
000000000,  03,   06062021,   2157
000000000,  03,   06062021,   2157
000000000,  03,   06062021,   2158
000000000,  03,   06062021,   2158
000000000,  03,   06062021,   2158
000000000,  03,   06062021,   2158
000000000,  03,   06062021,   2158
000000000,  03,   06062021,   2159
000000000,  03,   06062021,   2159
000000000,  03,   06062021,   2159
000000000,  03,   06062021,   2201
104000095,  03,   06062021,   2206
104000095,  03,   06062021,   2207
101002738,  03,   06062021,   2208
000000000,  03,   06062021,   2305
000000000,  03,   06062021,   2305
000000000,  03,   06062021,   2305
000000000,  03,   06062021,   2305
000000000,  03,   06062021,   2316
000000000,  03,   06062021,   2317
000000000,  03,   06062021,   2317
000000000,  03,   06062021,   2317
000000000,  03,   06062021,   2318
000000000,  03,   06062021,   2318
101002738,  04,   07062021,   0740
101002738,  03,   07062021,   0740
106000013,  03,   07062021,   0742
106000013,  03,   07062021,   0742
101002738,  05,   07062021,   0743
103025489,  03,   07062021,   0745
103024303,  03,   07062021,   0806
103024303,  04,   07062021,   0806
103025488,  03,   07062021,   0809
103024303,  01,   07062021,   0809
101001321,  01,   07062021,   0810
000000000,  03,   07062021,   0813
000000000,  03,   07062021,   0819
106000013,  04,   07062021,   0835
106000013,  01,   07062021,   0837
000000000,  01,   07062021,   0859
101001320,  01,   07062021,   0900
101001320,  01,   07062021,   0900
104000360,  01,   07062021,   0912
000000000,  01,   07062021,   0918
000000000,  03,   07062021,   0919
104000042,  01,   07062021,   0921
104000274,  03,   07062021,   0922
000000000,  03,   07062021,   0922
000000000,  03,   07062021,   0922
000000000,  03,   07062021,   0922
104000088,  03,   07062021,   0923
000000000,  03,   07062021,   0923
110001870,  01,   07062021,   0928
110001870,  01,   07062021,   0928
104000467,  03,   07062021,   0928
104000111,  01,   07062021,   0929
104000358,  01,   07062021,   0930
104000098,  03,   07062021,   0930
104000099,  03,   07062021,   0930
000000000,  03,   07062021,   0930
000000000,  03,   07062021,   0931
104000343,  01,   07062021,   0931
104000008,  03,   07062021,   0933
104000239,  03,   07062021,   0933
104000237,  03,   07062021,   0933
104000244,  03,   07062021,   0933
110004004,  01,   07062021,   0934
104000040,  01,   07062021,   0934
104000285,  01,   07062021,   0934
104000041,  01,   07062021,   0934
104000043,  01,   07062021,   0934
104000273,  03,   07062021,   0935
000000000,  03,   07062021,   0935
104000338,  03,   07062021,   0935
000000000,  03,   07062021,   0935
106000013,  04,   07062021,   0936
106000013,  01,   07062021,   0937
104000006,  03,   07062021,   0938
104000272,  03,   07062021,   0947
104000277,  03,   07062021,   0947
104000005,  03,   07062021,   0947
104000005,  03,   07062021,   0947
104000011,  03,   07062021,   0947
104000005,  05,   07062021,   0948
104000009,  03,   07062021,   0948
000000000,  03,   07062021,   0948
104000004,  03,   07062021,   0948
110001868,  03,   07062021,   0948
104000009,  05,   07062021,   0948
000000000,  01,   07062021,   0950
104000270,  03,   07062021,   0952
000000000,  03,   07062021,   0952
000000000,  03,   07062021,   0953
000000000,  03,   07062021,   0953
000000000,  03,   07062021,   0953
000000000,  03,   07062021,   0954
000000000,  03,   07062021,   0954
110004004,  01,   07062021,   1006
000000000,  01,   07062021,   1011
110004004,  01,   07062021,   1015
104000349,  01,   07062021,   1016
000000000,  01,   07062021,   1016
106000013,  04,   07062021,   1018
000000000,  01,   07062021,   1019
101001320,  01,   07062021,   1025
103024303,  04,   07062021,   1028
103024303,  01,   07062021,   1031
110003994,  01,   07062021,   1034
101001321,  01,   07062021,   1043
104000285,  01,   07062021,   1046
101002738,  04,   07062021,   1047
101001321,  04,   07062021,   1047
104000048,  01,   07062021,   1047
104000047,  01,   07062021,   1048
104000046,  01,   07062021,   1048
104000112,  01,   07062021,   1048
104000334,  01,   07062021,   1048
104000334,  01,   07062021,   1048
101002738,  04,   07062021,   1049
101001321,  01,   07062021,   1050
000000000,  01,   07062021,   1053
104000467,  03,   07062021,   1057
000000000,  01,   07062021,   1057
104000006,  04,   07062021,   1058
104000006,  04,   07062021,   1101
000000000,  01,   07062021,   1106
104000040,  01,   07062021,   1107
106000013,  04,   07062021,   1108
104000040,  01,   07062021,   1108
106000013,  01,   07062021,   1112
110001870,  01,   07062021,   1112
104000467,  03,   07062021,   1113
000000000,  03,   07062021,   1113
104000297,  03,   07062021,   1116
104000040,  01,   07062021,   1119
000000000,  03,   07062021,   1120
000000000,  03,   07062021,   1121
000000000,  03,   07062021,   1121
104000285,  01,   07062021,   1123
110001870,  01,   07062021,   1123
106000013,  04,   07062021,   1125
106000013,  01,   07062021,   1126
104000285,  01,   07062021,   1128
000000000,  03,   07062021,   1141
103025488,  03,   07062021,   1146
104000360,  01,   07062021,   1149
104000043,  01,   07062021,   1150
104000040,  01,   07062021,   1154
104000047,  01,   07062021,   1155
