101002738,  04,   07032021,   0744
101002738,  03,   07032021,   0745
103025489,  03,   07032021,   0745
000000000,  02,   07032021,   0746
101002738,  05,   07032021,   0747
000000000,  03,   07032021,   0754
103025488,  03,   07032021,   0814
103024303,  03,   07032021,   0816
103024303,  01,   07032021,   0818
107000157,  02,   07032021,   0823
104000088,  03,   07032021,   0843
104000041,  01,   07032021,   0850
110004004,  01,   07032021,   0850
104000040,  01,   07032021,   0851
104000043,  01,   07032021,   0853
101001320,  01,   07032021,   0856
106000128,  02,   07032021,   0901
000000000,  01,   07032021,   0901
106000128,  02,   07032021,   0903
103024303,  01,   07032021,   0905
104000099,  03,   07032021,   0906
104000098,  03,   07032021,   0906
107000231,  03,   07032021,   0907
104000111,  01,   07032021,   0907
104000358,  01,   07032021,   0907
104000098,  05,   07032021,   0907
000000000,  01,   07032021,   0912
104000274,  03,   07032021,   0912
110001868,  03,   07032021,   0912
104000274,  05,   07032021,   0913
110001868,  05,   07032021,   0913
104000272,  03,   07032021,   0916
104000277,  03,   07032021,   0916
104000011,  03,   07032021,   0916
104000005,  03,   07032021,   0916
104000009,  03,   07032021,   0916
104000004,  05,   07032021,   0917
104000005,  05,   07032021,   0917
104000009,  05,   07032021,   0917
104000343,  01,   07032021,   0918
104000343,  01,   07032021,   0918
104000343,  01,   07032021,   0918
103024303,  04,   07032021,   0918
104000222,  01,   07032021,   0919
104000008,  03,   07032021,   0920
104000239,  03,   07032021,   0920
104000244,  03,   07032021,   0920
104000006,  03,   07032021,   0924
104000349,  01,   07032021,   0924
000000000,  01,   07032021,   0931
104000273,  03,   07032021,   0937
104000270,  03,   07032021,   0943
104000047,  01,   07032021,   0944
104000046,  01,   07032021,   0944
104000048,  01,   07032021,   0944
104000334,  01,   07032021,   0944
104000360,  01,   07032021,   0944
104000112,  01,   07032021,   0944
104000465,  03,   07032021,   0945
110001870,  01,   07032021,   0953
110001870,  01,   07032021,   0953
110001870,  01,   07032021,   0953
000000000,  02,   07032021,   0954
106000128,  02,   07032021,   0959
106000128,  02,   07032021,   0959
104000042,  01,   07032021,   1002
104000042,  01,   07032021,   1002
105000306,  02,   07032021,   1002
000000000,  04,   07032021,   1004
000000000,  04,   07032021,   1004
000000000,  04,   07032021,   1004
104000274,  05,   07032021,   1006
104000343,  01,   07032021,   1013
110003994,  01,   07032021,   1016
101002738,  01,   07032021,   1019
110001870,  01,   07032021,   1019
110001870,  04,   07032021,   1019
101002738,  04,   07032021,   1020
101002738,  01,   07032021,   1021
110001870,  01,   07032021,   1022
103024303,  04,   07032021,   1032
103024303,  02,   07032021,   1032
105000306,  02,   07032021,   1034
110001870,  01,   07032021,   1034
103024303,  01,   07032021,   1035
107000231,  04,   07032021,   1035
107000231,  02,   07032021,   1036
110001870,  01,   07032021,   1039
104000052,  01,   07032021,   1041
101001321,  01,   07032021,   1041
000000000,  02,   07032021,   1042
104000006,  04,   07032021,   1042
107000231,  02,   07032021,   1045
107000231,  02,   07032021,   1045
107000231,  04,   07032021,   1045
104000095,  03,   07032021,   1048
104000040,  01,   07032021,   1049
110001870,  01,   07032021,   1049
000000000,  01,   07032021,   1050
000000000,  01,   07032021,   1051
000000000,  01,   07032021,   1057
103025487,  01,   07032021,   1101
000000000,  01,   07032021,   1104
104000358,  01,   07032021,   1106
103024303,  01,   07032021,   1106
104000358,  01,   07032021,   1109
110003994,  04,   07032021,   1110
000000000,  01,   07032021,   1110
110003994,  01,   07032021,   1111
104000297,  03,   07032021,   1111
110003994,  04,   07032021,   1113
110003994,  01,   07032021,   1116
000000000,  01,   07032021,   1132
107000231,  03,   07032021,   1133
000000000,  01,   07032021,   1134
000000000,  01,   07032021,   1136
106000128,  02,   07032021,   1137
110003994,  01,   07032021,   1139
104000467,  03,   07032021,   1140
104000046,  01,   07032021,   1141
110004004,  01,   07032021,   1144
104000046,  01,   07032021,   1144
104000222,  01,   07032021,   1145
106000128,  02,   07032021,   1146
000000000,  02,   07032021,   1150
110003994,  01,   07032021,   1157
104000006,  04,   07032021,   1158
000000000,  01,   07032021,   1209
000000000,  01,   07032021,   1211
000001809,  01,   07032021,   1213
103025489,  01,   07032021,   1214
000000000,  01,   07032021,   1215
104000006,  04,   07032021,   1219
000000000,  01,   07032021,   1219
103025487,  01,   07032021,   1222
103025487,  01,   07032021,   1222
000000000,  01,   07032021,   1224
101002738,  04,   07032021,   1227
103025489,  02,   07032021,   1230
103025489,  04,   07032021,   1230
103024303,  04,   07032021,   1232
103024303,  04,   07032021,   1233
107000197,  04,   07032021,   1237
107000197,  02,   07032021,   1237
000001809,  04,   07032021,   1238
000000000,  02,   07032021,   1238
000000000,  02,   07032021,   1240
104000343,  01,   07032021,   1245
104000343,  01,   07032021,   1245
104000047,  01,   07032021,   1301
000001809,  04,   07032021,   1305
000001809,  01,   07032021,   1307
000000000,  01,   07032021,   1308
104000047,  01,   07032021,   1310
103025488,  04,   07032021,   1312
103025488,  01,   07032021,   1314
000000000,  04,   07032021,   1314
103025488,  04,   07032021,   1316
103025488,  01,   07032021,   1316
000000000,  01,   07032021,   1318
103024303,  01,   07032021,   1318
000000000,  01,   07032021,   1321
000000000,  01,   07032021,   1328
104000043,  01,   07032021,   1331
103024303,  01,   07032021,   1332
101001320,  04,   07032021,   1332
104000043,  01,   07032021,   1332
104000222,  01,   07032021,   1332
000000000,  01,   07032021,   1333
103025488,  04,   07032021,   1338
000000000,  01,   07032021,   1341
000000000,  01,   07032021,   1341
000001809,  04,   07032021,   1344
000001809,  04,   07032021,   1345
000001809,  01,   07032021,   1346
000000000,  01,   07032021,   1348
104000467,  03,   07032021,   1348
000000000,  01,   07032021,   1353
104000334,  01,   07032021,   1400
000000000,  04,   07032021,   1400
000000000,  01,   07032021,   1401
104000006,  04,   07032021,   1402
104000006,  04,   07032021,   1403
104000334,  01,   07032021,   1403
110003994,  01,   07032021,   1403
000001809,  01,   07032021,   1404
104000272,  04,   07032021,   1404
104000272,  04,   07032021,   1407
104000043,  01,   07032021,   1410
104000006,  04,   07032021,   1411
104000006,  04,   07032021,   1415
104000046,  01,   07032021,   1417
110003994,  01,   07032021,   1417
104000046,  01,   07032021,   1419
000000000,  04,   07032021,   1422
000000000,  04,   07032021,   1422
000000000,  04,   07032021,   1422
104000343,  01,   07032021,   1423
104000043,  01,   07032021,   1423
000001809,  04,   07032021,   1430
000001809,  01,   07032021,   1432
000001809,  01,   07032021,   1432
110003994,  01,   07032021,   1435
000001809,  04,   07032021,   1442
000000000,  02,   07032021,   1442
104000358,  01,   07032021,   1444
000001809,  01,   07032021,   1445
105000264,  02,   07032021,   1448
105000264,  04,   07032021,   1448
106000128,  02,   07032021,   1449
104000343,  04,   07032021,   1449
000000000,  01,   07032021,   1450
000000000,  02,   07032021,   1450
110003994,  04,   07032021,   1453
106000128,  02,   07032021,   1454
000000000,  02,   07032021,   1455
000000000,  02,   07032021,   1455
101002738,  02,   07032021,   1456
101002738,  04,   07032021,   1456
104000343,  01,   07032021,   1459
104000358,  01,   07032021,   1506
110003994,  01,   07032021,   1508
110003994,  01,   07032021,   1508
110003994,  01,   07032021,   1509
110003994,  01,   07032021,   1511
101001321,  01,   07032021,   1512
000001809,  01,   07032021,   1514
104000006,  04,   07032021,   1516
104000467,  03,   07032021,   1517
107000197,  04,   07032021,   1518
107000197,  02,   07032021,   1518
104000046,  01,   07032021,   1522
104000244,  04,   07032021,   1523
104000006,  04,   07032021,   1523
000000000,  01,   07032021,   1525
103024303,  01,   07032021,   1526
000000000,  01,   07032021,   1526
104000041,  01,   07032021,   1527
105000264,  02,   07032021,   1527
105000264,  02,   07032021,   1527
104000041,  01,   07032021,   1528
105000264,  04,   07032021,   1529
107000197,  02,   07032021,   1529
107000197,  04,   07032021,   1529
103024303,  01,   07032021,   1530
104000360,  01,   07032021,   1530
104000222,  01,   07032021,   1531
000001809,  01,   07032021,   1532
104000046,  01,   07032021,   1535
104000041,  01,   07032021,   1539
104000041,  01,   07032021,   1539
104000041,  01,   07032021,   1540
110004004,  01,   07032021,   1541
101002737,  04,   07032021,   1542
101002737,  02,   07032021,   1542
104000360,  01,   07032021,   1543
104000041,  01,   07032021,   1545
101002737,  04,   07032021,   1548
101002737,  02,   07032021,   1549
104000274,  03,   07032021,   1549
104000274,  03,   07032021,   1550
110003994,  01,   07032021,   1552
000000000,  01,   07032021,   1553
110004004,  01,   07032021,   1553
000000000,  01,   07032021,   1557
000000000,  01,   07032021,   1600
000001809,  01,   07032021,   1600
000000000,  01,   07032021,   1606
000000000,  01,   07032021,   1609
000000000,  04,   07032021,   1611
000000000,  04,   07032021,   1611
104000343,  01,   07032021,   1613
000000000,  01,   07032021,   1618
107000157,  04,   07032021,   1618
107000157,  02,   07032021,   1619
000000000,  01,   07032021,   1621
104000222,  01,   07032021,   1626
103025489,  01,   07032021,   1627
000000000,  01,   07032021,   1628
000000000,  01,   07032021,   1629
101001320,  01,   07032021,   1631
000000000,  01,   07032021,   1631
000000000,  01,   07032021,   1632
101001320,  01,   07032021,   1638
000000000,  01,   07032021,   1642
104000343,  04,   07032021,   1643
000000000,  01,   07032021,   1644
101002738,  02,   07032021,   1644
101002738,  04,   07032021,   1644
104000343,  01,   07032021,   1648
000000000,  01,   07032021,   1651
000000000,  01,   07032021,   1652
104000222,  01,   07032021,   1655
000000000,  02,   07032021,   1656
104000096,  04,   07032021,   1656
000000000,  01,   07032021,   1656
000000000,  01,   07032021,   1656
104000274,  03,   07032021,   1657
101001320,  01,   07032021,   1700
104000006,  04,   07032021,   1705
104000042,  01,   07032021,   1708
104000222,  01,   07032021,   1708
104000349,  01,   07032021,   1708
104000334,  01,   07032021,   1711
104000334,  01,   07032021,   1711
104000334,  01,   07032021,   1711
104000006,  04,   07032021,   1713
104000096,  04,   07032021,   1719
104000096,  02,   07032021,   1720
104000046,  01,   07032021,   1720
000000000,  01,   07032021,   1721
110004004,  01,   07032021,   1722
110004004,  01,   07032021,   1725
104000343,  01,   07032021,   1725
104000046,  01,   07032021,   1726
103028298,  01,   07032021,   1733
103028298,  01,   07032021,   1735
103024303,  01,   07032021,   1735
000000000,  02,   07032021,   1740
104000096,  04,   07032021,   1740
000000000,  01,   07032021,   1747
104000096,  04,   07032021,   1800
000000000,  02,   07032021,   1801
000000000,  02,   07032021,   1803
104000099,  03,   07032021,   1803
104000099,  03,   07032021,   1806
104000467,  03,   07032021,   1806
000000000,  01,   07032021,   1807
104000274,  04,   07032021,   1818
104000272,  03,   07032021,   1818
104000274,  04,   07032021,   1818
104000273,  03,   07032021,   1821
104000046,  01,   07032021,   1821
104000274,  03,   07032021,   1821
104000358,  01,   07032021,   1823
104000111,  01,   07032021,   1823
104000046,  01,   07032021,   1824
104000043,  01,   07032021,   1824
104000237,  03,   07032021,   1826
104000041,  01,   07032021,   1826
104000011,  03,   07032021,   1827
104000047,  01,   07032021,   1827
104000244,  03,   07032021,   1827
104000004,  03,   07032021,   1827
104000005,  03,   07032021,   1827
104000009,  03,   07032021,   1827
104000098,  03,   07032021,   1827
104000270,  03,   07032021,   1827
110004004,  01,   07032021,   1829
104000048,  01,   07032021,   1829
104000360,  01,   07032021,   1829
103025488,  03,   07032021,   1830
104000046,  01,   07032021,   1830
104000343,  01,   07032021,   1830
104000112,  01,   07032021,   1830
103025488,  03,   07032021,   1830
104000048,  01,   07032021,   1830
104000239,  03,   07032021,   1831
104000465,  03,   07032021,   1831
104000277,  03,   07032021,   1833
101002738,  04,   07032021,   1841
101002738,  02,   07032021,   1842
101002738,  02,   07032021,   1843
101002738,  04,   07032021,   1843
000000000,  01,   07032021,   1846
103024303,  01,   07032021,   1847
000000000,  01,   07032021,   1848
103024303,  01,   07032021,   1849
000000000,  02,   07032021,   1849
000000000,  02,   07032021,   1849
000000000,  02,   07032021,   1849
000000000,  02,   07032021,   1849
000000000,  03,   07032021,   1851
000000000,  03,   07032021,   1851
000000000,  03,   07032021,   1852
000000000,  03,   07032021,   1852
000000000,  03,   07032021,   1852
000000000,  03,   07032021,   1854
000000000,  03,   07032021,   1859
000000000,  03,   07032021,   1900
000000000,  03,   07032021,   1900
000000000,  03,   07032021,   1901
000000000,  02,   07032021,   2020
104000088,  03,   07032021,   2025
103025489,  03,   07032021,   2032
104000297,  03,   07032021,   2040
000000000,  03,   07032021,   2047
000000000,  03,   07032021,   2047
000000000,  03,   07032021,   2047
000000000,  03,   07032021,   2047
000000000,  03,   07032021,   2047
000000000,  03,   07032021,   2047
000000000,  03,   07032021,   2048
000000000,  03,   07032021,   2048
000000000,  03,   07032021,   2048
000000000,  03,   07032021,   2048
000000000,  03,   07032021,   2048
000000000,  03,   07032021,   2049
000000000,  03,   07032021,   2120
000000000,  03,   07032021,   2120
101002738,  03,   07032021,   2120
107000157,  03,   07032021,   2121
107000157,  03,   07032021,   2122
000000000,  02,   07032021,   2131
101002738,  03,   07032021,   2136
101002738,  04,   07032021,   2138
104000095,  03,   07032021,   2144
101002738,  03,   07032021,   2149
101002738,  03,   07032021,   2150
101002738,  04,   08032021,   0740
101002738,  03,   08032021,   0740
101002738,  05,   08032021,   0743
103025489,  03,   08032021,   0745
103025488,  03,   08032021,   0811
000000000,  02,   08032021,   0817
104000338,  03,   08032021,   0818
103024303,  03,   08032021,   0820
103024303,  01,   08032021,   0822
107000157,  02,   08032021,   0827
000001801,  01,   08032021,   0856
000000000,  01,   08032021,   0859
000001801,  04,   08032021,   0859
104000088,  03,   08032021,   0903
104000041,  01,   08032021,   0903
104000041,  01,   08032021,   0903
110004004,  01,   08032021,   0903
110004004,  01,   08032021,   0903
104000040,  01,   08032021,   0903
104000040,  01,   08032021,   0903
110001868,  03,   08032021,   0905
104000099,  03,   08032021,   0910
104000098,  03,   08032021,   0910
107000231,  03,   08032021,   0911
104000358,  01,   08032021,   0911
104000111,  01,   08032021,   0913
104000237,  03,   08032021,   0915
104000237,  03,   08032021,   0915
104000043,  01,   08032021,   0917
104000277,  03,   08032021,   0918
104000005,  03,   08032021,   0918
104000011,  03,   08032021,   0918
104000009,  03,   08032021,   0918
104000272,  03,   08032021,   0918
104000004,  05,   08032021,   0919
104000005,  05,   08032021,   0919
104000009,  05,   08032021,   0919
104000270,  03,   08032021,   0923
104000048,  01,   08032021,   0923
104000048,  01,   08032021,   0923
104000048,  01,   08032021,   0923
104000048,  01,   08032021,   0923
104000360,  01,   08032021,   0923
104000046,  01,   08032021,   0923
104000112,  01,   08032021,   0923
104000112,  01,   08032021,   0923
104000334,  01,   08032021,   0923
104000334,  01,   08032021,   0923
104000334,  01,   08032021,   0923
104000008,  03,   08032021,   0924
104000239,  03,   08032021,   0925
104000043,  01,   08032021,   0927
000000000,  03,   08032021,   0930
104000006,  03,   08032021,   0930
104000244,  03,   08032021,   0930
000000000,  02,   08032021,   0933
104000273,  03,   08032021,   0936
104000046,  01,   08032021,   0938
104000046,  01,   08032021,   0939
104000046,  01,   08032021,   0939
000000000,  03,   08032021,   0943
000000000,  03,   08032021,   0943
000000000,  03,   08032021,   0943
000000000,  03,   08032021,   0944
000000000,  03,   08032021,   0944
000000000,  03,   08032021,   0944
104000046,  01,   08032021,   0946
000000000,  03,   08032021,   0948
000000000,  03,   08032021,   0951
000000000,  03,   08032021,   0951
000000000,  03,   08032021,   0951
000000000,  03,   08032021,   0952
000000000,  03,   08032021,   0952
000000000,  03,   08032021,   0952
000000000,  03,   08032021,   0952
000000000,  03,   08032021,   0953
000000000,  03,   08032021,   0953
000000000,  03,   08032021,   0954
000000000,  03,   08032021,   0954
000000000,  03,   08032021,   0954
000000000,  03,   08032021,   0954
000000000,  03,   08032021,   0955
000000000,  03,   08032021,   0955
000000000,  03,   08032021,   0955
000000000,  03,   08032021,   0955
000000000,  03,   08032021,   0955
000000000,  03,   08032021,   0955
000000000,  03,   08032021,   0955
000000000,  03,   08032021,   0955
000000000,  03,   08032021,   0955
000000000,  03,   08032021,   0955
000000000,  03,   08032021,   0955
000000000,  03,   08032021,   0955
000000000,  03,   08032021,   0955
000000000,  03,   08032021,   0955
000000000,  03,   08032021,   0956
106000128,  02,   08032021,   0956
104000052,  01,   08032021,   0958
106000128,  02,   08032021,   1003
104000349,  01,   08032021,   1005
104000465,  03,   08032021,   1007
104000467,  03,   08032021,   1010
104000343,  01,   08032021,   1012
101001321,  01,   08032021,   1017
101001320,  04,   08032021,   1020
000000000,  01,   08032021,   1021
106000128,  02,   08032021,   1022
106000128,  02,   08032021,   1023
000001802,  01,   08032021,   1024
106000008,  02,   08032021,   1024
106000008,  04,   08032021,   1024
101001320,  04,   08032021,   1026
101001320,  01,   08032021,   1029
000000000,  01,   08032021,   1031
104000042,  01,   08032021,   1031
104000095,  03,   08032021,   1033
104000338,  04,   08032021,   1035
000000000,  02,   08032021,   1037
104000338,  01,   08032021,   1038
104000343,  04,   08032021,   1038
104000338,  04,   08032021,   1040
000000000,  01,   08032021,   1040
104000338,  01,   08032021,   1041
104000343,  04,   08032021,   1042
103024303,  01,   08032021,   1043
104000343,  01,   08032021,   1045
104000338,  04,   08032021,   1045
106000008,  02,   08032021,   1046
106000008,  02,   08032021,   1046
000000000,  01,   08032021,   1047
104000338,  01,   08032021,   1048
104000006,  04,   08032021,   1051
104000052,  01,   08032021,   1052
101001320,  01,   08032021,   1053
106000008,  02,   08032021,   1055
104000006,  04,   08032021,   1056
000000000,  03,   08032021,   1102
000000000,  03,   08032021,   1104
104000343,  01,   08032021,   1104
104000338,  04,   08032021,   1105
000000000,  03,   08032021,   1106
000000000,  01,   08032021,   1106
000000000,  03,   08032021,   1107
000000000,  03,   08032021,   1107
000000000,  03,   08032021,   1108
107000231,  04,   08032021,   1111
104000052,  01,   08032021,   1113
000000000,  01,   08032021,   1114
000000000,  03,   08032021,   1115
104000297,  03,   08032021,   1116
000000000,  03,   08032021,   1117
000000000,  03,   08032021,   1117
000000000,  03,   08032021,   1118
107000231,  04,   08032021,   1118
000000000,  03,   08032021,   1120
000000000,  03,   08032021,   1120
000000000,  03,   08032021,   1121
104000272,  03,   08032021,   1124
000001802,  04,   08032021,   1125
000000000,  03,   08032021,   1126
000000000,  03,   08032021,   1126
000000000,  03,   08032021,   1126
000000000,  03,   08032021,   1127
000000000,  03,   08032021,   1127
000000000,  03,   08032021,   1127
000000000,  03,   08032021,   1127
000000000,  03,   08032021,   1127
000000000,  03,   08032021,   1127
000000000,  03,   08032021,   1127
000000000,  03,   08032021,   1127
000000000,  03,   08032021,   1127
000001802,  01,   08032021,   1128
000000000,  01,   08032021,   1129
104000040,  01,   08032021,   1130
000000000,  03,   08032021,   1130
000000000,  03,   08032021,   1130
000000000,  03,   08032021,   1130
000000000,  03,   08032021,   1130
104000467,  03,   08032021,   1131
000000000,  03,   08032021,   1133
000000000,  03,   08032021,   1133
000000000,  03,   08032021,   1133
000000000,  03,   08032021,   1133
103024303,  01,   08032021,   1135
000000000,  03,   08032021,   1138
000000000,  03,   08032021,   1138
000000000,  03,   08032021,   1138
000000000,  03,   08032021,   1138
000000000,  03,   08032021,   1139
000000000,  03,   08032021,   1139
000000000,  03,   08032021,   1139
000000000,  03,   08032021,   1140
000000000,  03,   08032021,   1140
000000000,  03,   08032021,   1140
000000000,  03,   08032021,   1140
000000000,  03,   08032021,   1140
000000000,  03,   08032021,   1140
000000000,  03,   08032021,   1140
000000000,  03,   08032021,   1140
000000000,  03,   08032021,   1140
000000000,  03,   08032021,   1140
000000000,  03,   08032021,   1140
000000000,  03,   08032021,   1140
000000000,  03,   08032021,   1144
000000000,  03,   08032021,   1144
000000000,  03,   08032021,   1144
000000000,  03,   08032021,   1144
000000000,  03,   08032021,   1144
106000008,  02,   08032021,   1150
106000008,  04,   08032021,   1151
101002737,  02,   08032021,   1151
101002737,  04,   08032021,   1151
104000043,  01,   08032021,   1151
000000000,  03,   08032021,   1152
000000000,  03,   08032021,   1154
000000000,  03,   08032021,   1154
107000197,  04,   08032021,   1155
107000197,  02,   08032021,   1155
000000000,  03,   08032021,   1155
000000000,  03,   08032021,   1155
000000000,  03,   08032021,   1155
104000467,  03,   08032021,   1156
000000000,  03,   08032021,   1156
000000000,  03,   08032021,   1156
000000000,  03,   08032021,   1156
101002737,  04,   08032021,   1203
101002737,  02,   08032021,   1205
107000231,  04,   08032021,   1205
000000000,  01,   08032021,   1205
000000000,  03,   08032021,   1206
107000231,  02,   08032021,   1206
000000000,  03,   08032021,   1207
000000000,  03,   08032021,   1207
000000000,  03,   08032021,   1207
000000000,  03,   08032021,   1207
000000000,  03,   08032021,   1207
000000000,  03,   08032021,   1207
000000000,  03,   08032021,   1207
000000000,  03,   08032021,   1207
000000000,  03,   08032021,   1207
000000000,  03,   08032021,   1207
000000000,  03,   08032021,   1207
000000000,  03,   08032021,   1207
000000000,  03,   08032021,   1207
000000000,  03,   08032021,   1208
000000000,  03,   08032021,   1208
000000000,  03,   08032021,   1208
000000000,  03,   08032021,   1208
000000000,  03,   08032021,   1208
104000040,  01,   08032021,   1208
106000128,  02,   08032021,   1209
000000000,  03,   08032021,   1210
000000000,  03,   08032021,   1210
000000000,  03,   08032021,   1210
106000128,  02,   08032021,   1210
000000000,  03,   08032021,   1210
000000000,  03,   08032021,   1210
000000000,  03,   08032021,   1210
000000000,  03,   08032021,   1211
000000000,  03,   08032021,   1211
104000043,  01,   08032021,   1211
104000043,  04,   08032021,   1212
101002738,  01,   08032021,   1212
104000043,  01,   08032021,   1215
104000006,  04,   08032021,   1215
101002738,  04,   08032021,   1216
000000000,  01,   08032021,   1216
103024303,  01,   08032021,   1217
000000000,  01,   08032021,   1218
110004004,  01,   08032021,   1219
000000000,  01,   08032021,   1221
103024303,  02,   08032021,   1223
107000197,  02,   08032021,   1224
107000197,  04,   08032021,   1224
104000040,  04,   08032021,   1225
104000040,  01,   08032021,   1225
103024303,  01,   08032021,   1225
104000040,  01,   08032021,   1226
104000006,  04,   08032021,   1227
104000040,  04,   08032021,   1229
104000272,  03,   08032021,   1232
000001802,  01,   08032021,   1232
104000040,  01,   08032021,   1232
103025488,  03,   08032021,   1232
104000008,  03,   08032021,   1232
000000000,  03,   08032021,   1233
000000000,  03,   08032021,   1234
000000000,  03,   08032021,   1234
000000000,  03,   08032021,   1235
000000000,  03,   08032021,   1235
000000000,  03,   08032021,   1235
000000000,  03,   08032021,   1235
000000000,  03,   08032021,   1235
000000000,  03,   08032021,   1235
000000000,  03,   08032021,   1235
000000000,  03,   08032021,   1235
000000000,  03,   08032021,   1236
000000000,  03,   08032021,   1236
000000000,  03,   08032021,   1236
000000000,  03,   08032021,   1236
000000000,  03,   08032021,   1237
000000000,  03,   08032021,   1238
000000000,  03,   08032021,   1238
000000000,  03,   08032021,   1238
000000000,  03,   08032021,   1238
110004004,  01,   08032021,   1239
000000000,  03,   08032021,   1239
000000000,  03,   08032021,   1239
000000000,  03,   08032021,   1240
104000040,  04,   08032021,   1240
104000040,  01,   08032021,   1241
000000000,  03,   08032021,   1242
000000000,  03,   08032021,   1242
000000000,  03,   08032021,   1242
104000047,  01,   08032021,   1244
104000040,  04,   08032021,   1245
104000040,  04,   08032021,   1245
106000008,  04,   08032021,   1246
107000197,  02,   08032021,   1247
104000272,  03,   08032021,   1247
107000197,  04,   08032021,   1247
106000008,  02,   08032021,   1248
107000197,  04,   08032021,   1248
104000040,  01,   08032021,   1249
107000197,  02,   08032021,   1249
101001320,  01,   08032021,   1252
000000000,  02,   08032021,   1255
107000197,  02,   08032021,   1255
107000197,  04,   08032021,   1256
104000270,  04,   08032021,   1300
104000270,  01,   08032021,   1302
104000343,  01,   08032021,   1304
104000270,  04,   08032021,   1305
104000270,  01,   08032021,   1306
107000231,  02,   08032021,   1306
107000231,  04,   08032021,   1307
104000043,  01,   08032021,   1308
104000043,  01,   08032021,   1311
104000046,  01,   08032021,   1314
104000046,  01,   08032021,   1316
000000000,  01,   08032021,   1318
105000021,  02,   08032021,   1319
105000021,  02,   08032021,   1321
000000000,  01,   08032021,   1322
104000272,  03,   08032021,   1325
104000008,  03,   08032021,   1326
110004004,  04,   08032021,   1327
110004004,  01,   08032021,   1328
107000231,  02,   08032021,   1329
000000000,  03,   08032021,   1330
103024303,  01,   08032021,   1331
000000000,  01,   08032021,   1334
104000006,  04,   08032021,   1338
104000006,  04,   08032021,   1345
103024303,  01,   08032021,   1345
107000231,  02,   08032021,   1351
106000128,  02,   08032021,   1353
107000231,  04,   08032021,   1355
000000000,  03,   08032021,   1356
110004004,  04,   08032021,   1357
106000128,  02,   08032021,   1357
110004004,  01,   08032021,   1359
104000006,  04,   08032021,   1403
000000000,  03,   08032021,   1404
104000006,  04,   08032021,   1407
000000000,  01,   08032021,   1411
105000021,  02,   08032021,   1413
105000082,  04,   08032021,   1415
105000082,  02,   08032021,   1416
106000128,  02,   08032021,   1416
106000128,  02,   08032021,   1416
105000021,  02,   08032021,   1417
106000008,  02,   08032021,   1422
104000043,  01,   08032021,   1424
000001802,  01,   08032021,   1427
000000000,  03,   08032021,   1427
000000000,  03,   08032021,   1427
104000043,  01,   08032021,   1428
000000000,  03,   08032021,   1430
104000046,  01,   08032021,   1432
000000000,  03,   08032021,   1432
104000343,  01,   08032021,   1434
107000231,  03,   08032021,   1435
000000000,  03,   08032021,   1435
000000000,  03,   08032021,   1435
000000000,  03,   08032021,   1436
000000000,  03,   08032021,   1436
103025488,  04,   08032021,   1436
000000000,  03,   08032021,   1436
103025488,  01,   08032021,   1438
106000008,  02,   08032021,   1439
105000082,  04,   08032021,   1444
000000000,  01,   08032021,   1445
105000082,  02,   08032021,   1445
103024303,  04,   08032021,   1447
104000046,  01,   08032021,   1447
000000000,  01,   08032021,   1447
103024303,  01,   08032021,   1449
000000000,  01,   08032021,   1450
000000000,  01,   08032021,   1451
104000343,  01,   08032021,   1454
104000006,  04,   08032021,   1457
105000264,  02,   08032021,   1500
105000264,  04,   08032021,   1500
104000358,  01,   08032021,   1501
104000006,  04,   08032021,   1503
000000000,  04,   08032021,   1504
000000000,  02,   08032021,   1505
104000360,  01,   08032021,   1508
107000231,  03,   08032021,   1514
104000360,  01,   08032021,   1518
110003994,  01,   08032021,   1524
000001802,  04,   08032021,   1527
000000000,  01,   08032021,   1528
107000197,  04,   08032021,   1532
107000197,  02,   08032021,   1533
000000000,  01,   08032021,   1545
101001321,  04,   08032021,   1546
101001321,  01,   08032021,   1549
000000000,  01,   08032021,   1554
103024303,  01,   08032021,   1554
104000272,  03,   08032021,   1554
000000000,  01,   08032021,   1554
104000338,  03,   08032021,   1556
110004004,  01,   08032021,   1557
103024303,  02,   08032021,   1557
103024303,  04,   08032021,   1558
103024303,  02,   08032021,   1558
103024303,  04,   08032021,   1559
104000095,  03,   08032021,   1600
104000343,  01,   08032021,   1601
103024303,  01,   08032021,   1602
110004004,  01,   08032021,   1609
000000000,  01,   08032021,   1615
104000006,  04,   08032021,   1617
101002738,  02,   08032021,   1619
101002738,  04,   08032021,   1619
104000358,  01,   08032021,   1619
110003994,  04,   08032021,   1620
110003994,  01,   08032021,   1621
000000000,  01,   08032021,   1623
000000000,  01,   08032021,   1624
104000006,  04,   08032021,   1624
000000000,  01,   08032021,   1624
000000000,  01,   08032021,   1630
110003994,  04,   08032021,   1630
110003994,  01,   08032021,   1633
101001320,  01,   08032021,   1637
000000000,  01,   08032021,   1637
103024303,  01,   08032021,   1641
000000000,  01,   08032021,   1648
107000231,  04,   08032021,   1649
107000231,  04,   08032021,   1655
101002737,  02,   08032021,   1657
101002737,  04,   08032021,   1657
000000000,  01,   08032021,   1658
000000017,  04,   08032021,   1658
000000000,  01,   08032021,   1659
000000017,  02,   08032021,   1659
101001321,  04,   08032021,   1700
101001321,  01,   08032021,   1701
104000042,  01,   08032021,   1701
101002737,  04,   08032021,   1701
101002737,  02,   08032021,   1702
103024303,  01,   08032021,   1705
104000358,  01,   08032021,   1706
000000000,  01,   08032021,   1707
104000338,  03,   08032021,   1708
000000000,  01,   08032021,   1709
104000358,  01,   08032021,   1710
101001321,  04,   08032021,   1712
101001321,  01,   08032021,   1715
104000047,  01,   08032021,   1716
104000272,  03,   08032021,   1720
104000334,  01,   08032021,   1720
104000047,  01,   08032021,   1722
000000000,  01,   08032021,   1726
104000006,  04,   08032021,   1736
000000000,  01,   08032021,   1737
104000006,  04,   08032021,   1742
104000244,  05,   08032021,   1751
103025489,  01,   08032021,   1752
000000000,  01,   08032021,   1755
103024303,  04,   08032021,   1757
000000000,  01,   08032021,   1757
000000000,  01,   08032021,   1759
103024303,  04,   08032021,   1801
103024303,  01,   08032021,   1804
107000157,  02,   08032021,   1804
104000467,  03,   08032021,   1808
104000465,  03,   08032021,   1808
104000343,  01,   08032021,   1815
104000338,  03,   08032021,   1816
104000272,  03,   08032021,   1816
105000064,  04,   08032021,   1816
105000064,  02,   08032021,   1816
105000064,  04,   08032021,   1816
105000064,  02,   08032021,   1817
104000273,  03,   08032021,   1822
104000004,  03,   08032021,   1822
104000006,  03,   08032021,   1823
104000046,  01,   08032021,   1823
107000231,  03,   08032021,   1824
110003994,  01,   08032021,   1826
104000237,  03,   08032021,   1826
104000277,  03,   08032021,   1826
104000270,  03,   08032021,   1826
104000099,  03,   08032021,   1826
104000098,  03,   08032021,   1826
110004004,  01,   08032021,   1827
104000358,  01,   08032021,   1827
101001320,  01,   08032021,   1828
104000040,  01,   08032021,   1828
104000041,  01,   08032021,   1828
104000111,  01,   08032021,   1828
101001320,  01,   08032021,   1828
104000349,  01,   08032021,   1828
000000000,  01,   08032021,   1828
104000011,  03,   08032021,   1829
104000043,  01,   08032021,   1830
104000043,  01,   08032021,   1830
104000043,  01,   08032021,   1831
104000005,  03,   08032021,   1831
103025488,  03,   08032021,   1831
103025488,  03,   08032021,   1831
104000009,  03,   08032021,   1831
104000360,  01,   08032021,   1831
104000047,  01,   08032021,   1831
104000048,  01,   08032021,   1831
104000112,  01,   08032021,   1832
104000046,  01,   08032021,   1832
104000239,  03,   08032021,   1834
104000244,  03,   08032021,   1834
104000008,  03,   08032021,   1837
104000274,  04,   08032021,   1839
000000000,  02,   08032021,   1839
104000274,  04,   08032021,   1840
104000274,  03,   08032021,   1843
104000274,  03,   08032021,   1843
107000157,  02,   08032021,   1846
107000157,  02,   08032021,   1858
000000000,  01,   08032021,   1859
103024303,  01,   08032021,   1900
103024303,  01,   08032021,   1901
103025489,  03,   08032021,   1916
103025489,  03,   08032021,   1916
104000297,  03,   08032021,   1932
104000088,  03,   08032021,   1944
110001868,  03,   08032021,   2004
101002738,  04,   08032021,   2004
000000000,  03,   08032021,   2006
101002738,  03,   08032021,   2014
000000000,  03,   08032021,   2021
000000000,  03,   08032021,   2021
000000000,  03,   08032021,   2021
000000000,  03,   08032021,   2021
000000000,  03,   08032021,   2022
000000000,  03,   08032021,   2022
000000000,  03,   08032021,   2022
000000000,  03,   08032021,   2022
000000000,  03,   08032021,   2022
000000000,  03,   08032021,   2022
000000000,  03,   08032021,   2022
000000000,  03,   08032021,   2022
000000000,  03,   08032021,   2030
000000000,  03,   08032021,   2030
000000000,  03,   08032021,   2030
000000000,  03,   08032021,   2030
000000000,  03,   08032021,   2030
000000000,  03,   08032021,   2030
000000000,  03,   08032021,   2031
000000000,  03,   08032021,   2031
000000000,  03,   08032021,   2031
000000000,  03,   08032021,   2031
000000000,  03,   08032021,   2031
000000000,  03,   08032021,   2032
000000000,  03,   08032021,   2032
000000000,  03,   08032021,   2033
000000000,  03,   08032021,   2035
000000000,  03,   08032021,   2105
000000000,  03,   08032021,   2113
000000000,  03,   08032021,   2115
000000000,  03,   08032021,   2218
000000000,  03,   08032021,   2218
000000000,  03,   08032021,   2218
000000000,  03,   08032021,   2218
000000000,  03,   08032021,   2218
000000000,  03,   08032021,   2219
000000000,  03,   08032021,   2219
000000000,  03,   08032021,   2219
000000000,  03,   08032021,   2220
000000000,  03,   08032021,   2220
000000000,  03,   08032021,   2220
000000000,  03,   08032021,   2220
000000000,  03,   08032021,   2221
000000000,  03,   08032021,   2221
000000000,  03,   08032021,   2226
000000000,  03,   08032021,   2228
000000000,  03,   08032021,   2231
000000000,  03,   08032021,   2231
000000000,  03,   08032021,   2234
000000000,  03,   08032021,   2234
000000000,  03,   08032021,   2235
000000000,  03,   08032021,   2235
000000000,  03,   08032021,   2236
000000000,  03,   08032021,   2236
000000000,  03,   08032021,   2237
000000000,  03,   08032021,   2237
000000000,  03,   08032021,   2237
000000000,  03,   08032021,   2237
000000000,  03,   08032021,   2237
000000000,  03,   08032021,   2237
000000000,  03,   08032021,   2242
000000000,  03,   08032021,   2242
000000000,  03,   08032021,   2242
000000000,  03,   08032021,   2242
000000000,  03,   08032021,   2242
000000000,  03,   08032021,   2257
000000000,  03,   08032021,   2257
000000000,  03,   08032021,   2257
000000000,  03,   08032021,   2257
000000000,  03,   08032021,   2257
000000000,  03,   08032021,   2257
000000000,  03,   08032021,   2257
000000000,  03,   08032021,   2257
000000000,  03,   08032021,   2257
000000000,  03,   08032021,   2257
000000000,  03,   08032021,   2257
000000000,  03,   08032021,   2257
000000000,  03,   08032021,   2257
000000000,  03,   09032021,   0045
000000000,  03,   09032021,   0054
000000000,  03,   09032021,   0059
000000000,  03,   09032021,   0102
000000000,  03,   09032021,   0102
000000000,  03,   09032021,   0102
000000000,  03,   09032021,   0102
000000000,  03,   09032021,   0102
000000000,  03,   09032021,   0102
000000000,  03,   09032021,   0102
000000000,  03,   09032021,   0103
000000000,  03,   09032021,   0103
000000000,  03,   09032021,   0103
000000000,  03,   09032021,   0103
000000000,  03,   09032021,   0104
000000000,  03,   09032021,   0120
000000000,  03,   09032021,   0120
000000000,  03,   09032021,   0121
000000000,  03,   09032021,   0123
000000000,  03,   09032021,   0124
000000000,  03,   09032021,   0124
000000000,  03,   09032021,   0125
000000000,  03,   09032021,   0125
000000000,  03,   09032021,   0125
000000000,  03,   09032021,   0125
000000000,  03,   09032021,   0126
000000000,  03,   09032021,   0126
000000000,  03,   09032021,   0130
000000000,  03,   09032021,   0130
000000000,  03,   09032021,   0130
000000000,  03,   09032021,   0132
000000000,  03,   09032021,   0132
000000000,  03,   09032021,   0133
000000000,  03,   09032021,   0133
000000000,  03,   09032021,   0134
000000000,  03,   09032021,   0142
000000000,  03,   09032021,   0155
000000000,  03,   09032021,   0155
000000000,  03,   09032021,   0243
000000000,  03,   09032021,   0243
000000000,  03,   09032021,   0244
000000000,  03,   09032021,   0244
000000000,  03,   09032021,   0244
000000000,  03,   09032021,   0247
000000000,  03,   09032021,   0248
000000000,  03,   09032021,   0248
000000000,  03,   09032021,   0248
000000000,  03,   09032021,   0248
000000000,  03,   09032021,   0306
000000000,  03,   09032021,   0311
000000000,  03,   09032021,   0314
000000000,  03,   09032021,   0315
000000000,  03,   09032021,   0316
000000000,  03,   09032021,   0317
000000000,  03,   09032021,   0320
000000000,  03,   09032021,   0322
000000000,  03,   09032021,   0344
000000000,  03,   09032021,   0344
000000000,  03,   09032021,   0349
000000000,  03,   09032021,   0349
000000000,  03,   09032021,   0349
000000000,  03,   09032021,   0349
000000000,  03,   09032021,   0351
000000000,  03,   09032021,   0405
000000000,  03,   09032021,   0420
000000000,  03,   09032021,   0428
000000000,  03,   09032021,   0438
000000000,  03,   09032021,   0447
000000000,  03,   09032021,   0448
000000000,  03,   09032021,   0451
000000000,  03,   09032021,   0453
000000000,  03,   09032021,   0453
000000000,  03,   09032021,   0453
000000000,  03,   09032021,   0454
000000000,  03,   09032021,   0455
000000000,  03,   09032021,   0455
000000000,  03,   09032021,   0455
000000000,  03,   09032021,   0456
000000000,  03,   09032021,   0501
000000000,  03,   09032021,   0502
000000000,  03,   09032021,   0510
000000000,  03,   09032021,   0514
000000000,  03,   09032021,   0526
000000000,  03,   09032021,   0528
000000000,  03,   09032021,   0528
000000000,  03,   09032021,   0528
000000000,  03,   09032021,   0528
000000000,  03,   09032021,   0529
000000000,  03,   09032021,   0529
000000000,  03,   09032021,   0529
000000000,  03,   09032021,   0529
000000000,  03,   09032021,   0529
000000000,  03,   09032021,   0529
000000000,  03,   09032021,   0530
000000000,  03,   09032021,   0530
000000000,  03,   09032021,   0530
000000000,  03,   09032021,   0530
000000000,  03,   09032021,   0531
000000000,  03,   09032021,   0531
000000000,  03,   09032021,   0531
000000000,  03,   09032021,   0531
000000000,  03,   09032021,   0531
000000000,  03,   09032021,   0531
000000000,  03,   09032021,   0531
000000000,  03,   09032021,   0531
000000000,  03,   09032021,   0531
000000000,  03,   09032021,   0531
000000000,  03,   09032021,   0532
000000000,  03,   09032021,   0532
000000000,  03,   09032021,   0534
000000000,  03,   09032021,   0534
000000000,  03,   09032021,   0534
000000000,  03,   09032021,   0535
000000000,  03,   09032021,   0535
000000000,  03,   09032021,   0535
000000000,  03,   09032021,   0535
000000000,  03,   09032021,   0535
000000000,  03,   09032021,   0535
000000000,  03,   09032021,   0536
000000000,  03,   09032021,   0536
000000000,  03,   09032021,   0536
000000000,  03,   09032021,   0536
000000000,  03,   09032021,   0536
000000000,  03,   09032021,   0537
000000000,  03,   09032021,   0537
000000000,  03,   09032021,   0537
000000000,  03,   09032021,   0537
000000000,  03,   09032021,   0538
000000000,  03,   09032021,   0538
000000000,  03,   09032021,   0538
000000000,  03,   09032021,   0541
000000000,  03,   09032021,   0542
000000000,  03,   09032021,   0542
000000000,  03,   09032021,   0543
000000000,  03,   09032021,   0543
000000000,  03,   09032021,   0622
000000000,  03,   09032021,   0623
000000000,  03,   09032021,   0623
000000000,  03,   09032021,   0624
000000000,  03,   09032021,   0713
000000000,  03,   09032021,   0715
000000000,  03,   09032021,   0716
000000000,  03,   09032021,   0717
000000000,  03,   09032021,   0718
000000000,  03,   09032021,   0718
101002738,  04,   09032021,   0740
101002738,  03,   09032021,   0740
101002738,  04,   09032021,   0740
000000000,  03,   09032021,   0742
101002738,  05,   09032021,   0743
103025489,  03,   09032021,   0758
103025488,  03,   09032021,   0804
000000000,  03,   09032021,   0813
000000000,  02,   09032021,   0817
103024303,  03,   09032021,   0821
103024303,  01,   09032021,   0823
107000157,  02,   09032021,   0824
000000000,  01,   09032021,   0840
104000041,  01,   09032021,   0901
104000041,  01,   09032021,   0901
104000285,  01,   09032021,   0901
104000285,  01,   09032021,   0901
104000040,  01,   09032021,   0901
104000040,  01,   09032021,   0901
110004004,  01,   09032021,   0901
101001321,  01,   09032021,   0907
104000099,  03,   09032021,   0907
104000098,  03,   09032021,   0907
104000111,  01,   09032021,   0907
104000358,  01,   09032021,   0908
104000358,  01,   09032021,   0908
104000358,  01,   09032021,   0908
000000000,  03,   09032021,   0910
104000043,  01,   09032021,   0911
104000277,  03,   09032021,   0911
104000011,  03,   09032021,   0911
104000005,  03,   09032021,   0911
104000009,  03,   09032021,   0911
000000000,  03,   09032021,   0911
104000237,  03,   09032021,   0911
000000000,  03,   09032021,   0911
000000000,  03,   09032021,   0911
000000000,  03,   09032021,   0911
000000000,  03,   09032021,   0911
000000000,  03,   09032021,   0911
000000000,  03,   09032021,   0911
000000000,  03,   09032021,   0911
000000000,  03,   09032021,   0911
000000000,  03,   09032021,   0911
000000000,  03,   09032021,   0911
000000000,  03,   09032021,   0911
104000004,  05,   09032021,   0912
000000000,  03,   09032021,   0912
104000005,  05,   09032021,   0912
104000009,  05,   09032021,   0912
104000272,  03,   09032021,   0912
104000008,  03,   09032021,   0912
104000244,  03,   09032021,   0912
104000239,  03,   09032021,   0912
104000088,  03,   09032021,   0912
000000000,  03,   09032021,   0912
104000222,  01,   09032021,   0918
104000006,  03,   09032021,   0920
104000349,  01,   09032021,   0922
104000349,  01,   09032021,   0922
104000338,  03,   09032021,   0922
104000270,  03,   09032021,   0924
104000048,  01,   09032021,   0924
104000048,  01,   09032021,   0924
104000047,  01,   09032021,   0924
104000360,  01,   09032021,   0924
104000334,  01,   09032021,   0924
104000112,  01,   09032021,   0924
104000112,  01,   09032021,   0924
104000274,  03,   09032021,   0927
104000343,  01,   09032021,   0929
104000343,  01,   09032021,   0929
104000343,  01,   09032021,   0929
104000343,  01,   09032021,   0929
000000000,  02,   09032021,   0932
110001868,  03,   09032021,   0938
000000000,  02,   09032021,   0941
104000273,  03,   09032021,   0944
104000041,  01,   09032021,   0944
110001870,  01,   09032021,   0944
110001870,  01,   09032021,   0944
110001870,  01,   09032021,   0944
110001870,  01,   09032021,   0944
000000000,  01,   09032021,   0948
000000000,  02,   09032021,   0948
110004004,  01,   09032021,   0953
104000467,  03,   09032021,   0958
104000043,  01,   09032021,   1002
104000048,  01,   09032021,   1002
104000046,  01,   09032021,   1002
000000000,  02,   09032021,   1005
104000042,  01,   09032021,   1006
106000128,  02,   09032021,   1016
000000000,  01,   09032021,   1017
103024303,  04,   09032021,   1021
103024303,  04,   09032021,   1022
000000000,  01,   09032021,   1022
103024303,  01,   09032021,   1024
000000000,  01,   09032021,   1025
106000128,  02,   09032021,   1026
000000000,  01,   09032021,   1030
101001321,  04,   09032021,   1031
103024303,  02,   09032021,   1031
000000000,  01,   09032021,   1032
000000000,  01,   09032021,   1032
000000000,  03,   09032021,   1033
101001321,  01,   09032021,   1035
110003994,  01,   09032021,   1035
000000000,  01,   09032021,   1035
000000000,  01,   09032021,   1037
000000000,  01,   09032021,   1037
104000006,  04,   09032021,   1038
104000222,  01,   09032021,   1038
000000000,  01,   09032021,   1038
104000006,  04,   09032021,   1039
104000006,  04,   09032021,   1039
000000000,  03,   09032021,   1041
000000000,  02,   09032021,   1041
104000006,  04,   09032021,   1041
107000197,  04,   09032021,   1042
107000197,  02,   09032021,   1042
103024303,  04,   09032021,   1043
000000000,  01,   09032021,   1044
000000000,  02,   09032021,   1044
000000000,  01,   09032021,   1045
000000000,  03,   09032021,   1045
000000000,  03,   09032021,   1045
000000000,  03,   09032021,   1045
000000000,  03,   09032021,   1046
000000000,  03,   09032021,   1046
104000006,  04,   09032021,   1051
000000000,  03,   09032021,   1052
104000040,  04,   09032021,   1052
107000197,  02,   09032021,   1053
000000000,  03,   09032021,   1053
000000000,  03,   09032021,   1053
000000000,  03,   09032021,   1053
000000000,  03,   09032021,   1053
000000000,  03,   09032021,   1053
104000040,  01,   09032021,   1053
103024303,  04,   09032021,   1054
000000000,  03,   09032021,   1054
000000000,  03,   09032021,   1055
000000000,  03,   09032021,   1055
000000000,  03,   09032021,   1055
000000000,  01,   09032021,   1055
000000000,  01,   09032021,   1056
101001320,  01,   09032021,   1056
000000000,  03,   09032021,   1056
104000048,  01,   09032021,   1057
104000048,  01,   09032021,   1057
000000000,  03,   09032021,   1057
000000000,  03,   09032021,   1057
000000000,  03,   09032021,   1057
000000000,  03,   09032021,   1057
000000000,  03,   09032021,   1057
000000000,  03,   09032021,   1058
000000000,  03,   09032021,   1058
000000000,  03,   09032021,   1058
000000000,  03,   09032021,   1058
101002738,  04,   09032021,   1058
000000000,  03,   09032021,   1059
000000000,  03,   09032021,   1059
000000000,  03,   09032021,   1059
000000000,  03,   09032021,   1059
000000000,  03,   09032021,   1100
104000046,  01,   09032021,   1101
104000043,  01,   09032021,   1101
104000040,  04,   09032021,   1101
000000000,  03,   09032021,   1104
000000000,  03,   09032021,   1104
000000000,  03,   09032021,   1104
000000000,  03,   09032021,   1105
000000000,  03,   09032021,   1106
000000000,  03,   09032021,   1106
101002738,  04,   09032021,   1107
000000000,  03,   09032021,   1108
000000000,  03,   09032021,   1108
000000000,  03,   09032021,   1115
000000000,  03,   09032021,   1115
000000000,  03,   09032021,   1116
000000000,  03,   09032021,   1116
000000000,  03,   09032021,   1116
000000000,  03,   09032021,   1116
000000000,  03,   09032021,   1116
000000000,  03,   09032021,   1116
000000000,  03,   09032021,   1116
000000000,  03,   09032021,   1116
000000000,  03,   09032021,   1116
000000000,  03,   09032021,   1117
000000000,  03,   09032021,   1117
000000000,  03,   09032021,   1117
000000000,  03,   09032021,   1117
000000000,  03,   09032021,   1117
000000000,  03,   09032021,   1117
000000000,  03,   09032021,   1117
000000000,  03,   09032021,   1118
000000000,  03,   09032021,   1118
000000000,  03,   09032021,   1118
000000000,  03,   09032021,   1118
000000000,  03,   09032021,   1118
000000000,  03,   09032021,   1120
000000000,  03,   09032021,   1120
106000008,  04,   09032021,   1121
000000000,  03,   09032021,   1122
106000008,  02,   09032021,   1122
000000000,  03,   09032021,   1122
000000000,  03,   09032021,   1125
000000000,  03,   09032021,   1125
000000000,  03,   09032021,   1125
000000000,  03,   09032021,   1128
000000000,  03,   09032021,   1128
000000000,  03,   09032021,   1129
000000000,  03,   09032021,   1130
000000000,  03,   09032021,   1131
000000000,  03,   09032021,   1132
000000000,  03,   09032021,   1132
000000000,  03,   09032021,   1132
000000000,  03,   09032021,   1132
000000000,  03,   09032021,   1133
106000008,  02,   09032021,   1133
106000008,  04,   09032021,   1135
106000128,  02,   09032021,   1139
000001809,  04,   09032021,   1140
106000128,  02,   09032021,   1142
106000128,  02,   09032021,   1147
106000128,  02,   09032021,   1148
000001809,  04,   09032021,   1149
000000000,  03,   09032021,   1151
000000000,  03,   09032021,   1151
000000000,  03,   09032021,   1151
000000000,  03,   09032021,   1151
000000000,  03,   09032021,   1151
000000000,  03,   09032021,   1151
000000000,  03,   09032021,   1151
000000000,  03,   09032021,   1151
000000000,  03,   09032021,   1151
000000000,  03,   09032021,   1151
000000000,  03,   09032021,   1151
000000000,  03,   09032021,   1151
000000000,  03,   09032021,   1151
000000000,  03,   09032021,   1151
000000000,  03,   09032021,   1151
000000000,  03,   09032021,   1151
000000000,  03,   09032021,   1151
000000000,  03,   09032021,   1152
000000000,  03,   09032021,   1152
000000000,  03,   09032021,   1152
000000000,  03,   09032021,   1152
103024303,  04,   09032021,   1153
103024303,  04,   09032021,   1154
