101002738,  04,   10072021,   0743
103025489,  03,   10072021,   0744
101002738,  03,   10072021,   0744
101002738,  05,   10072021,   0746
106000013,  03,   10072021,   0752
103024303,  03,   10072021,   0759
103024303,  03,   10072021,   0800
103024303,  01,   10072021,   0802
103025488,  03,   10072021,   0813
104000047,  01,   10072021,   0814
104000048,  01,   10072021,   0815
104000334,  01,   10072021,   0815
104000046,  01,   10072021,   0815
000000000,  03,   10072021,   0821
000000000,  01,   10072021,   0821
000000000,  01,   10072021,   0827
103024303,  01,   10072021,   0830
106000013,  04,   10072021,   0834
106000013,  04,   10072021,   0834
106000013,  01,   10072021,   0836
104000088,  03,   10072021,   0847
104000041,  01,   10072021,   0855
104000285,  01,   10072021,   0855
110004004,  01,   10072021,   0855
104000040,  01,   10072021,   0855
104000338,  03,   10072021,   0856
000000000,  03,   10072021,   0900
000000000,  03,   10072021,   0900
000000000,  03,   10072021,   0900
000000000,  01,   10072021,   0901
000000000,  03,   10072021,   0901
104000272,  03,   10072021,   0902
104000005,  03,   10072021,   0902
101002738,  04,   10072021,   0902
104000277,  03,   10072021,   0902
104000009,  03,   10072021,   0902
104000004,  03,   10072021,   0902
000000000,  03,   10072021,   0902
104000005,  05,   10072021,   0902
000000000,  03,   10072021,   0902
000000000,  03,   10072021,   0902
000000000,  03,   10072021,   0904
000000000,  03,   10072021,   0904
000000000,  03,   10072021,   0904
000000000,  03,   10072021,   0904
000000000,  03,   10072021,   0904
000000000,  03,   10072021,   0904
101002738,  01,   10072021,   0904
101002738,  04,   10072021,   0905
000000000,  01,   10072021,   0905
000000000,  03,   10072021,   0906
104000112,  01,   10072021,   0908
104000270,  03,   10072021,   0908
104000244,  03,   10072021,   0910
104000239,  03,   10072021,   0910
104000008,  03,   10072021,   0910
103024303,  01,   10072021,   0915
104000360,  01,   10072021,   0918
104000006,  03,   10072021,   0918
104000006,  03,   10072021,   0919
104000272,  04,   10072021,   0930
106000013,  04,   10072021,   0930
106000013,  01,   10072021,   0931
110001868,  03,   10072021,   0933
104000272,  04,   10072021,   0935
107000157,  02,   10072021,   0935
000000000,  03,   10072021,   0939
107000157,  02,   10072021,   0943
104000285,  01,   10072021,   0944
000000000,  03,   10072021,   0944
000000000,  03,   10072021,   0945
000000000,  03,   10072021,   0945
104000467,  03,   10072021,   0946
000000000,  03,   10072021,   0947
000000000,  03,   10072021,   0947
000000000,  03,   10072021,   0947
000000000,  03,   10072021,   0948
000000000,  03,   10072021,   0950
000000000,  03,   10072021,   0951
000000000,  03,   10072021,   0952
000000000,  03,   10072021,   0954
000000000,  03,   10072021,   0954
104000343,  01,   10072021,   0954
110004004,  01,   10072021,   0957
000000000,  01,   10072021,   0957
110004004,  01,   10072021,   1003
104000358,  01,   10072021,   1014
104000111,  01,   10072021,   1014
104000222,  01,   10072021,   1014
104000099,  03,   10072021,   1014
104000098,  03,   10072021,   1014
104000237,  03,   10072021,   1015
104000349,  01,   10072021,   1017
000001802,  01,   10072021,   1019
000000000,  04,   10072021,   1021
000000000,  04,   10072021,   1021
000000000,  04,   10072021,   1021
000000000,  04,   10072021,   1021
104000273,  03,   10072021,   1021
000000000,  04,   10072021,   1025
000000000,  04,   10072021,   1025
000000000,  04,   10072021,   1025
000000000,  04,   10072021,   1025
000000000,  01,   10072021,   1026
000000000,  01,   10072021,   1027
000001802,  04,   10072021,   1034
106000013,  04,   10072021,   1035
000000000,  01,   10072021,   1035
106000013,  02,   10072021,   1036
104000011,  03,   10072021,   1040
000000000,  01,   10072021,   1042
103024303,  01,   10072021,   1043
104000334,  01,   10072021,   1043
000000000,  01,   10072021,   1043
106000013,  02,   10072021,   1044
106000013,  04,   10072021,   1045
104000334,  01,   10072021,   1050
000000000,  01,   10072021,   1052
103024303,  01,   10072021,   1054
000000000,  01,   10072021,   1055
104000274,  03,   10072021,   1056
104000297,  03,   10072021,   1056
000000000,  02,   10072021,   1059
000000000,  01,   10072021,   1106
101002738,  02,   10072021,   1108
000000000,  01,   10072021,   1108
101002738,  04,   10072021,   1108
104000467,  03,   10072021,   1109
104000040,  01,   10072021,   1111
000001802,  04,   10072021,   1115
000001802,  04,   10072021,   1115
106000013,  04,   10072021,   1117
104000047,  01,   10072021,   1118
000001802,  04,   10072021,   1120
106000013,  01,   10072021,   1120
000001802,  01,   10072021,   1123
000001802,  01,   10072021,   1123
000000000,  01,   10072021,   1128
104000042,  01,   10072021,   1129
106000013,  01,   10072021,   1129
106000013,  04,   10072021,   1130
000001802,  01,   10072021,   1130
000000000,  01,   10072021,   1131
000000000,  01,   10072021,   1131
104000500,  01,   10072021,   1137
104000006,  04,   10072021,   1141
104000467,  03,   10072021,   1143
104000095,  03,   10072021,   1143
104000095,  03,   10072021,   1143
104000006,  04,   10072021,   1148
000000000,  01,   10072021,   1149
000000000,  01,   10072021,   1153
104000005,  03,   10072021,   1153
104000040,  01,   10072021,   1155
104000343,  01,   10072021,   1157
104000005,  03,   10072021,   1158
000000000,  03,   10072021,   1205
000000000,  03,   10072021,   1205
000000000,  03,   10072021,   1205
000000000,  03,   10072021,   1205
000000000,  03,   10072021,   1205
000000000,  03,   10072021,   1205
000000000,  03,   10072021,   1205
000000000,  03,   10072021,   1206
000000000,  03,   10072021,   1206
000000000,  03,   10072021,   1206
000000000,  03,   10072021,   1206
000000000,  03,   10072021,   1206
000000000,  03,   10072021,   1206
000000000,  03,   10072021,   1206
000000000,  03,   10072021,   1207
000000000,  03,   10072021,   1207
000000000,  03,   10072021,   1207
000000000,  03,   10072021,   1207
000000000,  03,   10072021,   1208
000000000,  03,   10072021,   1208
000000000,  03,   10072021,   1209
000000000,  03,   10072021,   1209
000000000,  03,   10072021,   1210
000000000,  03,   10072021,   1210
000000000,  01,   10072021,   1222
000000000,  03,   10072021,   1231
000000000,  03,   10072021,   1232
000000000,  03,   10072021,   1233
000000000,  03,   10072021,   1233
000000000,  03,   10072021,   1234
000000000,  03,   10072021,   1234
000000000,  03,   10072021,   1234
000000000,  03,   10072021,   1234
000000000,  03,   10072021,   1234
000000000,  03,   10072021,   1235
000000000,  03,   10072021,   1235
000000000,  03,   10072021,   1235
104000222,  01,   10072021,   1235
000000000,  03,   10072021,   1235
000000000,  03,   10072021,   1238
000000000,  03,   10072021,   1238
000000000,  03,   10072021,   1238
000000000,  03,   10072021,   1238
000000000,  03,   10072021,   1238
000000000,  03,   10072021,   1238
000000000,  03,   10072021,   1238
000000000,  03,   10072021,   1238
000000000,  03,   10072021,   1238
000000000,  03,   10072021,   1238
104000358,  01,   10072021,   1242
000000000,  01,   10072021,   1243
104000358,  01,   10072021,   1245
104000222,  01,   10072021,   1246
104000270,  05,   10072021,   1252
000000000,  02,   10072021,   1252
104000358,  01,   10072021,   1253
000000017,  05,   10072021,   1253
104000244,  05,   10072021,   1302
104000244,  05,   10072021,   1303
104000272,  05,   10072021,   1303
000000000,  01,   10072021,   1308
000000000,  02,   10072021,   1310
104000358,  01,   10072021,   1310
000000000,  02,   10072021,   1313
103024303,  01,   10072021,   1313
104000244,  05,   10072021,   1324
000000000,  03,   10072021,   1324
000000000,  03,   10072021,   1324
000000000,  03,   10072021,   1324
000000000,  03,   10072021,   1324
000000000,  03,   10072021,   1324
000000000,  03,   10072021,   1324
000000000,  03,   10072021,   1324
000000000,  03,   10072021,   1325
000000000,  03,   10072021,   1325
000000000,  03,   10072021,   1325
000000000,  03,   10072021,   1325
000000000,  03,   10072021,   1325
000000000,  03,   10072021,   1325
103024303,  04,   10072021,   1326
000000000,  01,   10072021,   1326
000000000,  03,   10072021,   1327
000000000,  03,   10072021,   1327
000000000,  03,   10072021,   1327
000000000,  03,   10072021,   1328
000000000,  01,   10072021,   1328
000000000,  03,   10072021,   1328
000000000,  03,   10072021,   1328
000000000,  03,   10072021,   1328
000000000,  03,   10072021,   1328
000000000,  03,   10072021,   1328
000000000,  03,   10072021,   1328
000000000,  01,   10072021,   1331
000000000,  03,   10072021,   1331
000000000,  03,   10072021,   1331
000000000,  03,   10072021,   1331
000000000,  03,   10072021,   1331
000000000,  03,   10072021,   1331
000000000,  03,   10072021,   1331
000000000,  03,   10072021,   1332
000000000,  03,   10072021,   1332
000000000,  03,   10072021,   1332
000000000,  03,   10072021,   1332
000000000,  03,   10072021,   1332
000000000,  03,   10072021,   1332
000000000,  03,   10072021,   1332
000000000,  03,   10072021,   1332
000000000,  03,   10072021,   1332
000000000,  03,   10072021,   1332
103024303,  04,   10072021,   1332
000000000,  03,   10072021,   1332
000000000,  03,   10072021,   1333
000000000,  03,   10072021,   1333
000000000,  03,   10072021,   1333
000000000,  03,   10072021,   1333
000000000,  03,   10072021,   1333
000000000,  03,   10072021,   1334
000000000,  03,   10072021,   1334
000000000,  03,   10072021,   1334
000000000,  03,   10072021,   1334
000000000,  03,   10072021,   1334
000000000,  03,   10072021,   1334
103024303,  01,   10072021,   1334
000000000,  03,   10072021,   1335
000000000,  03,   10072021,   1335
000000000,  03,   10072021,   1335
000000000,  03,   10072021,   1335
000000000,  03,   10072021,   1335
000000000,  03,   10072021,   1335
000000000,  03,   10072021,   1336
000000000,  03,   10072021,   1336
000000000,  03,   10072021,   1336
000000000,  03,   10072021,   1336
000000000,  03,   10072021,   1336
000000000,  03,   10072021,   1336
000000000,  03,   10072021,   1336
000000000,  03,   10072021,   1336
000000000,  03,   10072021,   1337
000000000,  03,   10072021,   1337
000000000,  03,   10072021,   1338
000000000,  03,   10072021,   1339
000000000,  03,   10072021,   1340
000000000,  03,   10072021,   1340
000000000,  03,   10072021,   1341
000000000,  03,   10072021,   1341
000000000,  03,   10072021,   1341
000000000,  03,   10072021,   1341
000000000,  03,   10072021,   1341
000000000,  03,   10072021,   1343
000000000,  03,   10072021,   1343
000000000,  03,   10072021,   1343
000000000,  03,   10072021,   1343
000000000,  03,   10072021,   1343
000000000,  03,   10072021,   1343
000000000,  03,   10072021,   1343
000000000,  03,   10072021,   1343
104000467,  03,   10072021,   1345
000000000,  01,   10072021,   1346
103024303,  01,   10072021,   1348
104000467,  03,   10072021,   1348
000000000,  03,   10072021,   1350
000000000,  03,   10072021,   1351
000000000,  03,   10072021,   1352
000000000,  03,   10072021,   1353
000000000,  03,   10072021,   1353
000000000,  03,   10072021,   1353
000000000,  03,   10072021,   1353
000000000,  03,   10072021,   1353
000000000,  03,   10072021,   1353
000000000,  03,   10072021,   1353
000000000,  03,   10072021,   1353
000000000,  03,   10072021,   1354
000000000,  03,   10072021,   1355
000000000,  03,   10072021,   1355
000000000,  03,   10072021,   1355
000000000,  03,   10072021,   1355
000000000,  03,   10072021,   1355
000000000,  03,   10072021,   1355
000000000,  03,   10072021,   1355
000000000,  03,   10072021,   1355
000000000,  03,   10072021,   1355
000000000,  03,   10072021,   1355
000000000,  03,   10072021,   1355
000000000,  03,   10072021,   1355
000000000,  03,   10072021,   1355
000000000,  03,   10072021,   1355
000000000,  03,   10072021,   1356
000000000,  03,   10072021,   1356
000000000,  03,   10072021,   1356
000000000,  03,   10072021,   1356
104000467,  03,   10072021,   1356
000000000,  03,   10072021,   1356
000000000,  03,   10072021,   1356
000000000,  02,   10072021,   1356
000000000,  02,   10072021,   1356
000000000,  02,   10072021,   1356
000000000,  02,   10072021,   1356
000000000,  02,   10072021,   1356
000000000,  02,   10072021,   1356
000000000,  02,   10072021,   1356
000000000,  02,   10072021,   1356
000000000,  03,   10072021,   1356
000000000,  03,   10072021,   1359
000000000,  03,   10072021,   1359
000000000,  03,   10072021,   1359
000000000,  03,   10072021,   1400
000000000,  03,   10072021,   1400
000000000,  03,   10072021,   1400
000000000,  03,   10072021,   1400
000000000,  02,   10072021,   1401
000000000,  02,   10072021,   1401
000000000,  02,   10072021,   1401
000000000,  02,   10072021,   1401
000000000,  03,   10072021,   1401
000000000,  03,   10072021,   1406
000000000,  03,   10072021,   1406
000000000,  03,   10072021,   1406
106000013,  04,   10072021,   1406
000000000,  03,   10072021,   1406
000000000,  03,   10072021,   1406
000000000,  03,   10072021,   1406
000000000,  03,   10072021,   1406
106000013,  01,   10072021,   1409
000000000,  03,   10072021,   1414
000000000,  03,   10072021,   1414
000000000,  03,   10072021,   1414
000000000,  03,   10072021,   1414
000000000,  03,   10072021,   1415
000000000,  03,   10072021,   1415
000000000,  03,   10072021,   1415
000000000,  03,   10072021,   1415
000000000,  03,   10072021,   1415
000000000,  03,   10072021,   1415
000000000,  03,   10072021,   1417
000000000,  03,   10072021,   1417
000000000,  03,   10072021,   1417
110004004,  01,   10072021,   1423
104000343,  01,   10072021,   1426
000000000,  01,   10072021,   1426
110004004,  01,   10072021,   1431
107000197,  02,   10072021,   1438
107000197,  04,   10072021,   1438
104000006,  04,   10072021,   1441
104000006,  04,   10072021,   1444
000000000,  01,   10072021,   1448
105000306,  02,   10072021,   1456
105000306,  02,   10072021,   1456
105000306,  04,   10072021,   1456
000000000,  01,   10072021,   1459
000000000,  05,   10072021,   1500
000000000,  01,   10072021,   1500
106000013,  04,   10072021,   1506
106000013,  01,   10072021,   1506
110000828,  04,   10072021,   1512
110000828,  01,   10072021,   1514
110000828,  04,   10072021,   1519
110000828,  01,   10072021,   1520
000000000,  01,   10072021,   1521
104000467,  03,   10072021,   1528
104000222,  01,   10072021,   1530
106000013,  04,   10072021,   1533
106000013,  01,   10072021,   1535
106000013,  01,   10072021,   1539
000000000,  01,   10072021,   1540
104000343,  01,   10072021,   1543
000000000,  01,   10072021,   1547
104000040,  01,   10072021,   1547
104000041,  01,   10072021,   1547
104000500,  01,   10072021,   1551
104000041,  01,   10072021,   1556
104000467,  03,   10072021,   1601
000000000,  02,   10072021,   1604
104000273,  03,   10072021,   1611
106000013,  03,   10072021,   1612
104000111,  01,   10072021,   1612
104000040,  01,   10072021,   1612
104000222,  01,   10072021,   1614
104000349,  01,   10072021,   1614
000000000,  03,   10072021,   1618
000000000,  03,   10072021,   1618
000000000,  03,   10072021,   1618
101002738,  05,   10072021,   1619
000000000,  01,   10072021,   1627
104000006,  04,   10072021,   1629
104000046,  01,   10072021,   1632
107000197,  02,   10072021,   1633
104000358,  01,   10072021,   1633
107000197,  04,   10072021,   1633
104000006,  04,   10072021,   1635
101002738,  04,   10072021,   1636
101002738,  01,   10072021,   1638
104000358,  01,   10072021,   1638
000000000,  01,   10072021,   1644
101002738,  04,   10072021,   1647
101002738,  01,   10072021,   1648
104000046,  01,   10072021,   1650
000000000,  03,   10072021,   1653
104000047,  01,   10072021,   1710
104000360,  01,   10072021,   1710
104000042,  01,   10072021,   1710
104000270,  03,   10072021,   1711
104000048,  01,   10072021,   1712
000000000,  01,   10072021,   1718
104000343,  01,   10072021,   1731
000000000,  01,   10072021,   1748
104000046,  01,   10072021,   1754
104000338,  03,   10072021,   1758
104000099,  03,   10072021,   1759
104000006,  03,   10072021,   1759
104000005,  03,   10072021,   1759
104000004,  03,   10072021,   1800
104000040,  01,   10072021,   1802
104000041,  01,   10072021,   1802
110004004,  01,   10072021,   1802
104000358,  01,   10072021,   1802
104000237,  03,   10072021,   1802
104000111,  01,   10072021,   1802
104000467,  03,   10072021,   1803
104000244,  03,   10072021,   1803
104000009,  03,   10072021,   1803
104000008,  03,   10072021,   1804
104000011,  03,   10072021,   1804
104000272,  03,   10072021,   1805
104000277,  03,   10072021,   1805
104000277,  03,   10072021,   1805
104000334,  01,   10072021,   1808
104000046,  01,   10072021,   1809
103025488,  03,   10072021,   1809
104000112,  01,   10072021,   1812
104000088,  03,   10072021,   1817
000000000,  01,   10072021,   1822
103024303,  01,   10072021,   1823
103025489,  03,   10072021,   1823
103024303,  01,   10072021,   1827
103024303,  03,   10072021,   1829
000000000,  02,   10072021,   1859
000000000,  02,   10072021,   1859
000000000,  02,   10072021,   1859
000000000,  02,   10072021,   1859
104000274,  03,   10072021,   1902
104000297,  03,   10072021,   1905
110000828,  03,   10072021,   1913
110000828,  03,   10072021,   1923
101002738,  04,   10072021,   1924
000000000,  03,   10072021,   2037
101002738,  03,   10072021,   2038
104000095,  03,   10072021,   2054
110001868,  03,   10072021,   2103
101002738,  03,   10072021,   2105
000000000,  05,   11072021,   0212
000000000,  05,   11072021,   0212
000000000,  05,   11072021,   0212
000000000,  05,   11072021,   0212
000000000,  05,   11072021,   0212
000000000,  05,   11072021,   0213
000000000,  05,   11072021,   0213
000000000,  05,   11072021,   0213
000000000,  05,   11072021,   0213
000000000,  05,   11072021,   0214
000000000,  05,   11072021,   0216
000000000,  05,   11072021,   0217
000000000,  05,   11072021,   0217
000000000,  05,   11072021,   0218
000000000,  05,   11072021,   0219
000000000,  05,   11072021,   0219
000000000,  05,   11072021,   0219
000000000,  05,   11072021,   0219
000000000,  05,   11072021,   0219
000000000,  05,   11072021,   0220
000000000,  05,   11072021,   0220
000000000,  05,   11072021,   0220
000000000,  05,   11072021,   0220
000000000,  05,   11072021,   0221
000000000,  05,   11072021,   0222
000000000,  05,   11072021,   0222
000000000,  05,   11072021,   0224
000000000,  05,   11072021,   0225
000000000,  05,   11072021,   0226
000000000,  05,   11072021,   0226
000000000,  05,   11072021,   0227
000000000,  05,   11072021,   0227
000000000,  05,   11072021,   0227
000000000,  05,   11072021,   0228
000000000,  05,   11072021,   0241
000000000,  05,   11072021,   0241
000000000,  05,   11072021,   0241
000000000,  05,   11072021,   0242
101002738,  03,   11072021,   0740
101002738,  04,   11072021,   0740
101002738,  05,   11072021,   0743
106000013,  03,   11072021,   0758
106000013,  03,   11072021,   0758
106000013,  03,   11072021,   0758
000000000,  03,   11072021,   0809
103025488,  03,   11072021,   0810
101001321,  04,   11072021,   0819
104000048,  01,   11072021,   0820
104000046,  01,   11072021,   0820
104000334,  01,   11072021,   0820
104000047,  01,   11072021,   0820
101001321,  03,   11072021,   0821
104000046,  01,   11072021,   0821
101001321,  01,   11072021,   0823
000000000,  03,   11072021,   0828
103024303,  01,   11072021,   0834
106000013,  04,   11072021,   0837
103025489,  03,   11072021,   0837
106000013,  01,   11072021,   0839
104000088,  03,   11072021,   0851
104000285,  01,   11072021,   0858
110004004,  01,   11072021,   0859
104000041,  01,   11072021,   0859
104000040,  01,   11072021,   0859
104000338,  03,   11072021,   0859
104000272,  03,   11072021,   0907
104000004,  03,   11072021,   0907
104000009,  03,   11072021,   0907
104000005,  03,   11072021,   0908
104000011,  03,   11072021,   0908
104000009,  05,   11072021,   0908
104000005,  05,   11072021,   0908
107000157,  03,   11072021,   0909
104000008,  03,   11072021,   0913
104000270,  03,   11072021,   0913
000000000,  03,   11072021,   0913
104000270,  03,   11072021,   0913
104000239,  03,   11072021,   0913
104000112,  01,   11072021,   0914
000001809,  01,   11072021,   0920
104000360,  01,   11072021,   0920
104000244,  03,   11072021,   0921
000000000,  02,   11072021,   0921
104000006,  03,   11072021,   0921
107000157,  02,   11072021,   0927
106000013,  04,   11072021,   0929
106000013,  01,   11072021,   0929
104000467,  03,   11072021,   0937
000000000,  01,   11072021,   0937
104000273,  03,   11072021,   0939
000000000,  01,   11072021,   0941
103025488,  01,   11072021,   0942
000001809,  04,   11072021,   0943
000001809,  01,   11072021,   0944
110004004,  01,   11072021,   0945
110001868,  03,   11072021,   0948
110001868,  05,   11072021,   0948
000001809,  04,   11072021,   0948
106000013,  03,   11072021,   0952
000001809,  01,   11072021,   1001
000000000,  01,   11072021,   1006
104000008,  05,   11072021,   1008
103025488,  05,   11072021,   1009
104000222,  01,   11072021,   1011
104000349,  01,   11072021,   1013
104000244,  05,   11072021,   1014
104000008,  05,   11072021,   1015
104000004,  05,   11072021,   1016
104000274,  03,   11072021,   1020
104000297,  03,   11072021,   1020
104000285,  01,   11072021,   1029
104000111,  01,   11072021,   1030
104000358,  01,   11072021,   1030
104000099,  03,   11072021,   1031
104000098,  03,   11072021,   1031
104000237,  03,   11072021,   1031
104000285,  01,   11072021,   1038
104000343,  01,   11072021,   1038
104000343,  01,   11072021,   1038
103024303,  04,   11072021,   1041
000000000,  01,   11072021,   1042
000000000,  02,   11072021,   1045
000000000,  01,   11072021,   1045
103024303,  04,   11072021,   1046
103024303,  01,   11072021,   1048
000000000,  01,   11072021,   1051
104000467,  03,   11072021,   1055
101001321,  01,   11072021,   1059
110004004,  04,   11072021,   1105
110004004,  01,   11072021,   1105
104000467,  03,   11072021,   1110
110004004,  04,   11072021,   1110
000000000,  01,   11072021,   1111
000000000,  01,   11072021,   1113
104000277,  03,   11072021,   1114
000000000,  01,   11072021,   1114
110004004,  01,   11072021,   1122
104000343,  01,   11072021,   1122
101001321,  04,   11072021,   1123
104000343,  01,   11072021,   1124
000001809,  04,   11072021,   1124
104000042,  01,   11072021,   1125
000001809,  01,   11072021,   1125
000000000,  04,   11072021,   1129
000000000,  04,   11072021,   1129
000000000,  04,   11072021,   1129
000000000,  04,   11072021,   1129
000000000,  04,   11072021,   1129
000000000,  04,   11072021,   1129
000000000,  04,   11072021,   1129
000000000,  04,   11072021,   1129
000000000,  04,   11072021,   1129
000000000,  01,   11072021,   1133
000000000,  04,   11072021,   1135
000000000,  04,   11072021,   1135
000000000,  01,   11072021,   1138
000001809,  04,   11072021,   1139
000001809,  01,   11072021,   1141
000000000,  03,   11072021,   1143
000000000,  03,   11072021,   1143
000000000,  03,   11072021,   1143
000000000,  03,   11072021,   1143
000000000,  03,   11072021,   1144
104000047,  01,   11072021,   1144
104000500,  01,   11072021,   1148
110003994,  01,   11072021,   1150
000001809,  04,   11072021,   1151
000001809,  01,   11072021,   1152
000000000,  03,   11072021,   1154
103024303,  04,   11072021,   1157
000000000,  01,   11072021,   1157
104000052,  01,   11072021,   1158
103024303,  01,   11072021,   1159
000000000,  01,   11072021,   1200
000000000,  02,   11072021,   1201
000000000,  02,   11072021,   1201
000000000,  01,   11072021,   1203
104000239,  05,   11072021,   1203
000001809,  04,   11072021,   1203
104000004,  05,   11072021,   1204
110001868,  05,   11072021,   1204
104000005,  05,   11072021,   1205
000001809,  05,   11072021,   1205
000001809,  01,   11072021,   1206
000001809,  01,   11072021,   1207
000000000,  01,   11072021,   1209
104000270,  05,   11072021,   1209
101002737,  02,   11072021,   1214
101002737,  04,   11072021,   1214
101002737,  04,   11072021,   1230
101002737,  02,   11072021,   1231
000000000,  01,   11072021,   1231
000000000,  01,   11072021,   1237
000000000,  05,   11072021,   1239
104000040,  04,   11072021,   1247
104000040,  01,   11072021,   1247
101001321,  01,   11072021,   1253
104000005,  05,   11072021,   1253
104000004,  05,   11072021,   1254
000000000,  03,   11072021,   1307
000000000,  03,   11072021,   1307
000000000,  03,   11072021,   1308
104000046,  01,   11072021,   1308
000000000,  03,   11072021,   1309
104000040,  04,   11072021,   1310
104000040,  01,   11072021,   1313
107000185,  02,   11072021,   1318
107000185,  04,   11072021,   1318
107000185,  04,   11072021,   1321
107000185,  02,   11072021,   1322
000000000,  01,   11072021,   1322
000000000,  01,   11072021,   1323
107000185,  02,   11072021,   1324
104000046,  01,   11072021,   1328
107000185,  02,   11072021,   1328
104000343,  01,   11072021,   1331
103025489,  05,   11072021,   1335
104000467,  03,   11072021,   1335
104000358,  01,   11072021,   1349
104000006,  04,   11072021,   1350
104000358,  01,   11072021,   1351
104000006,  04,   11072021,   1352
104000006,  04,   11072021,   1357
000000000,  01,   11072021,   1359
104000046,  01,   11072021,   1413
000000000,  01,   11072021,   1415
104000046,  01,   11072021,   1416
000000000,  01,   11072021,   1420
000000000,  01,   11072021,   1431
103024303,  01,   11072021,   1440
104000008,  05,   11072021,   1440
000000000,  01,   11072021,   1440
103025489,  05,   11072021,   1441
104000338,  05,   11072021,   1441
104000273,  05,   11072021,   1443
104000239,  05,   11072021,   1447
104000239,  05,   11072021,   1447
104000239,  05,   11072021,   1448
110001868,  05,   11072021,   1450
104000239,  05,   11072021,   1450
104000273,  05,   11072021,   1453
104000467,  03,   11072021,   1453
110001868,  05,   11072021,   1454
104000237,  05,   11072021,   1455
104000237,  05,   11072021,   1455
000000000,  05,   11072021,   1455
104000005,  05,   11072021,   1455
104000005,  05,   11072021,   1455
104000237,  05,   11072021,   1456
103025488,  05,   11072021,   1458
104000272,  05,   11072021,   1500
103025488,  05,   11072021,   1500
104000005,  05,   11072021,   1502
000000000,  01,   11072021,   1502
104000239,  05,   11072021,   1502
000000000,  01,   11072021,   1503
103024303,  01,   11072021,   1504
104000343,  01,   11072021,   1508
000000000,  01,   11072021,   1511
000000000,  01,   11072021,   1516
110001868,  03,   11072021,   1516
110004004,  01,   11072021,   1526
110004004,  01,   11072021,   1526
104000358,  01,   11072021,   1531
104000360,  01,   11072021,   1531
104000334,  01,   11072021,   1532
000000000,  01,   11072021,   1538
103024303,  04,   11072021,   1539
103024303,  01,   11072021,   1541
104000006,  04,   11072021,   1542
000000000,  01,   11072021,   1543
101002738,  01,   11072021,   1545
104000006,  04,   11072021,   1547
104000222,  01,   11072021,   1550
104000467,  03,   11072021,   1552
101002738,  04,   11072021,   1552
101002738,  01,   11072021,   1552
104000041,  01,   11072021,   1558
000000000,  01,   11072021,   1600
104000041,  01,   11072021,   1601
104000360,  01,   11072021,   1604
104000358,  01,   11072021,   1604
104000334,  01,   11072021,   1604
000000000,  01,   11072021,   1606
104000467,  02,   11072021,   1607
104000467,  02,   11072021,   1607
104000095,  03,   11072021,   1608
104000467,  03,   11072021,   1610
000000000,  01,   11072021,   1614
000000000,  04,   11072021,   1615
000000000,  01,   11072021,   1619
103024303,  04,   11072021,   1620
000000000,  01,   11072021,   1621
103024303,  04,   11072021,   1621
103024303,  04,   11072021,   1621
104000222,  01,   11072021,   1622
104000349,  01,   11072021,   1622
101001321,  01,   11072021,   1622
000000000,  01,   11072021,   1624
104000343,  01,   11072021,   1624
000000000,  01,   11072021,   1625
103024303,  01,   11072021,   1628
103025489,  01,   11072021,   1629
104000500,  01,   11072021,   1630
000000000,  01,   11072021,   1637
104000358,  01,   11072021,   1641
104000006,  04,   11072021,   1642
104000358,  01,   11072021,   1643
104000006,  04,   11072021,   1648
104000047,  01,   11072021,   1704
104000042,  01,   11072021,   1704
104000360,  01,   11072021,   1704
104000360,  01,   11072021,   1705
104000270,  03,   11072021,   1705
104000047,  01,   11072021,   1705
104000048,  01,   11072021,   1706
000000000,  01,   11072021,   1707
104000046,  01,   11072021,   1710
104000239,  05,   11072021,   1724
000000000,  01,   11072021,   1726
000000000,  01,   11072021,   1734
104000334,  01,   11072021,   1737
110003994,  01,   11072021,   1738
110003994,  01,   11072021,   1738
110003994,  01,   11072021,   1739
110003994,  01,   11072021,   1739
110003994,  01,   11072021,   1740
110003994,  01,   11072021,   1740
110003994,  01,   11072021,   1740
110003994,  01,   11072021,   1740
104000334,  01,   11072021,   1743
110003994,  01,   11072021,   1746
101001321,  01,   11072021,   1755
104000041,  01,   11072021,   1757
104000285,  01,   11072021,   1757
110004004,  01,   11072021,   1757
000000000,  01,   11072021,   1758
104000338,  03,   11072021,   1759
104000358,  01,   11072021,   1800
000000000,  01,   11072021,   1802
104000358,  01,   11072021,   1802
104000099,  03,   11072021,   1803
104000005,  03,   11072021,   1803
104000011,  03,   11072021,   1803
104000239,  03,   11072021,   1803
104000004,  03,   11072021,   1803
104000009,  03,   11072021,   1803
104000467,  03,   11072021,   1803
104000111,  01,   11072021,   1803
104000358,  01,   11072021,   1804
104000046,  01,   11072021,   1805
104000006,  03,   11072021,   1806
104000008,  03,   11072021,   1806
104000273,  03,   11072021,   1806
104000272,  03,   11072021,   1806
107000157,  02,   11072021,   1808
104000244,  03,   11072021,   1808
104000237,  03,   11072021,   1808
104000098,  03,   11072021,   1809
104000277,  03,   11072021,   1809
103025488,  03,   11072021,   1814
103025488,  03,   11072021,   1814
103025488,  03,   11072021,   1814
104000343,  01,   11072021,   1820
104000334,  01,   11072021,   1824
104000046,  01,   11072021,   1824
101001321,  01,   11072021,   1825
104000112,  01,   11072021,   1826
000000000,  01,   11072021,   1830
103024303,  01,   11072021,   1832
103025489,  03,   11072021,   1835
104000088,  03,   11072021,   1836
103024303,  01,   11072021,   1837
104000297,  03,   11072021,   1839
104000274,  03,   11072021,   1840
000000000,  03,   11072021,   1901
101002738,  04,   11072021,   1946
000000000,  03,   11072021,   2106
000000000,  03,   11072021,   2106
104000095,  03,   11072021,   2247
101002738,  04,   12072021,   0741
101002738,  03,   12072021,   0741
103025489,  03,   12072021,   0743
000000000,  03,   12072021,   0743
000000000,  03,   12072021,   0744
101002738,  05,   12072021,   0744
104000088,  03,   12072021,   0746
000000000,  03,   12072021,   0746
000000000,  03,   12072021,   0749
106000013,  03,   12072021,   0750
106000013,  03,   12072021,   0750
000000000,  03,   12072021,   0752
000000000,  03,   12072021,   0753
103025488,  03,   12072021,   0815
000000000,  03,   12072021,   0820
104000048,  01,   12072021,   0824
104000046,  01,   12072021,   0824
104000047,  01,   12072021,   0824
101001321,  01,   12072021,   0824
104000334,  01,   12072021,   0824
103024303,  03,   12072021,   0825
103024303,  01,   12072021,   0827
103024303,  01,   12072021,   0828
106000013,  04,   12072021,   0835
106000013,  01,   12072021,   0837
000000000,  01,   12072021,   0837
104000046,  01,   12072021,   0850
104000285,  01,   12072021,   0906
104000041,  01,   12072021,   0906
110004004,  01,   12072021,   0906
110004004,  01,   12072021,   0906
104000040,  01,   12072021,   0906
104000338,  03,   12072021,   0906
104000338,  05,   12072021,   0906
104000043,  01,   12072021,   0909
000000000,  01,   12072021,   0912
103024303,  01,   12072021,   0912
000000000,  02,   12072021,   0917
000000000,  02,   12072021,   0917
104000112,  01,   12072021,   0919
104000270,  03,   12072021,   0919
104000277,  03,   12072021,   0921
104000005,  03,   12072021,   0921
104000011,  03,   12072021,   0921
104000272,  03,   12072021,   0921
106000013,  04,   12072021,   0921
106000013,  04,   12072021,   0921
104000004,  03,   12072021,   0921
104000009,  03,   12072021,   0921
106000013,  01,   12072021,   0922
104000009,  05,   12072021,   0922
107000157,  02,   12072021,   0923
000001809,  01,   12072021,   0924
104000360,  01,   12072021,   0924
104000008,  03,   12072021,   0925
104000244,  03,   12072021,   0925
101001321,  01,   12072021,   0925
104000239,  03,   12072021,   0925
104000343,  01,   12072021,   0926
110001870,  01,   12072021,   0927
101001321,  01,   12072021,   0930
000000000,  01,   12072021,   0931
110001868,  03,   12072021,   0941
110001868,  05,   12072021,   0942
104000273,  03,   12072021,   0945
000001809,  01,   12072021,   0949
000000000,  01,   12072021,   0951
104000285,  01,   12072021,   0956
000000000,  01,   12072021,   0957
104000467,  03,   12072021,   0957
104000285,  01,   12072021,   1009
110001870,  01,   12072021,   1014
000000000,  01,   12072021,   1023
104000358,  01,   12072021,   1027
104000099,  03,   12072021,   1027
104000237,  03,   12072021,   1027
104000098,  03,   12072021,   1027
110001870,  01,   12072021,   1029
000001809,  04,   12072021,   1032
000001809,  01,   12072021,   1033
000000000,  01,   12072021,   1033
104000358,  01,   12072021,   1041
000000000,  01,   12072021,   1042
000000000,  01,   12072021,   1044
000000000,  01,   12072021,   1045
104000358,  01,   12072021,   1047
000000000,  02,   12072021,   1051
104000274,  03,   12072021,   1052
104000297,  03,   12072021,   1053
000000000,  01,   12072021,   1054
000001809,  04,   12072021,   1059
000001809,  01,   12072021,   1101
104000095,  03,   12072021,   1102
104000095,  03,   12072021,   1102
000001809,  01,   12072021,   1102
104000042,  01,   12072021,   1109
110004004,  01,   12072021,   1113
000000000,  01,   12072021,   1116
000000000,  01,   12072021,   1117
110004004,  01,   12072021,   1123
104000349,  01,   12072021,   1131
000001809,  04,   12072021,   1141
104000006,  04,   12072021,   1142
000000000,  01,   12072021,   1146
000000000,  01,   12072021,   1147
104000006,  04,   12072021,   1148
104000467,  03,   12072021,   1150
101002738,  04,   12072021,   1152
104000043,  01,   12072021,   1154
110000828,  01,   12072021,   1155
101002738,  04,   12072021,   1156
101002738,  01,   12072021,   1156
110003994,  01,   12072021,   1158
110001870,  01,   12072021,   1204
101002738,  04,   12072021,   1206
000000000,  01,   12072021,   1208
104000285,  01,   12072021,   1215
110000828,  01,   12072021,   1215
101002738,  04,   12072021,   1215
101002738,  01,   12072021,   1216
000000000,  01,   12072021,   1216
000000000,  01,   12072021,   1218
104000043,  01,   12072021,   1219
104000338,  03,   12072021,   1223
104000285,  01,   12072021,   1223
104000500,  01,   12072021,   1224
104000274,  04,   12072021,   1224
105000264,  02,   12072021,   1226
105000264,  04,   12072021,   1226
104000274,  03,   12072021,   1226
000001809,  04,   12072021,   1228
104000467,  03,   12072021,   1230
000001809,  01,   12072021,   1231
107000197,  02,   12072021,   1233
107000197,  04,   12072021,   1233
000001809,  04,   12072021,   1235
000001809,  01,   12072021,   1236
000000000,  01,   12072021,   1240
104000274,  03,   12072021,   1241
000000000,  01,   12072021,   1242
104000046,  01,   12072021,   1246
000000000,  01,   12072021,   1247
000000000,  01,   12072021,   1248
000000000,  02,   12072021,   1250
000000000,  02,   12072021,   1250
103024303,  01,   12072021,   1251
000000000,  01,   12072021,   1254
104000046,  01,   12072021,   1259
000001809,  04,   12072021,   1308
000001809,  04,   12072021,   1309
000001809,  01,   12072021,   1311
000001809,  04,   12072021,   1313
000001809,  01,   12072021,   1314
101001321,  01,   12072021,   1319
000000000,  01,   12072021,   1320
000000000,  01,   12072021,   1321
103025488,  01,   12072021,   1323
000000000,  01,   12072021,   1326
000000000,  01,   12072021,   1326
000000000,  01,   12072021,   1328
000000000,  01,   12072021,   1329
104000047,  01,   12072021,   1329
110003994,  01,   12072021,   1331
000000000,  01,   12072021,   1333
103024303,  02,   12072021,   1338
103024303,  02,   12072021,   1338
104000358,  01,   12072021,   1339
104000338,  03,   12072021,   1339
103024303,  01,   12072021,   1340
104000006,  04,   12072021,   1343
104000006,  04,   12072021,   1343
110003994,  01,   12072021,   1343
104000006,  05,   12072021,   1343
101001321,  01,   12072021,   1346
104000467,  03,   12072021,   1347
104000006,  04,   12072021,   1349
105000082,  02,   12072021,   1350
105000082,  04,   12072021,   1350
101001321,  01,   12072021,   1355
101001321,  01,   12072021,   1355
106000013,  04,   12072021,   1403
106000013,  01,   12072021,   1406
103025489,  01,   12072021,   1413
000000000,  01,   12072021,   1415
101001321,  01,   12072021,   1421
105000082,  04,   12072021,   1424
105000082,  02,   12072021,   1425
104000343,  01,   12072021,   1430
101001321,  04,   12072021,   1433
107000197,  02,   12072021,   1434
107000197,  02,   12072021,   1434
107000197,  04,   12072021,   1434
101001321,  01,   12072021,   1436
101001321,  01,   12072021,   1438
101001321,  01,   12072021,   1442
000000000,  01,   12072021,   1444
110004004,  01,   12072021,   1445
106000013,  04,   12072021,   1448
106000013,  01,   12072021,   1449
000000000,  01,   12072021,   1453
110004004,  01,   12072021,   1455
103024303,  01,   12072021,   1456
106000013,  04,   12072021,   1505
107000157,  02,   12072021,   1505
107000157,  04,   12072021,   1505
106000013,  01,   12072021,   1507
104000467,  03,   12072021,   1510
000000000,  01,   12072021,   1511
106000013,  01,   12072021,   1514
000000000,  01,   12072021,   1521
104000343,  01,   12072021,   1523
107000157,  02,   12072021,   1524
107000157,  04,   12072021,   1525
000000000,  01,   12072021,   1526
104000006,  04,   12072021,   1528
104000006,  04,   12072021,   1533
104000043,  01,   12072021,   1534
104000343,  01,   12072021,   1540
104000043,  01,   12072021,   1540
000000000,  01,   12072021,   1552
101002737,  02,   12072021,   1554
101002737,  04,   12072021,   1554
104000334,  01,   12072021,   1556
103024303,  04,   12072021,   1556
104000358,  01,   12072021,   1557
101002738,  04,   12072021,   1558
103024303,  01,   12072021,   1558
101002738,  02,   12072021,   1559
104000343,  01,   12072021,   1559
101002738,  02,   12072021,   1601
101002738,  04,   12072021,   1601
104000358,  01,   12072021,   1605
101001321,  01,   12072021,   1609
101002738,  02,   12072021,   1612
104000334,  01,   12072021,   1612
101002738,  04,   12072021,   1613
000000000,  01,   12072021,   1615
101002737,  04,   12072021,   1618
101002737,  04,   12072021,   1618
101002737,  02,   12072021,   1619
106000013,  03,   12072021,   1626
104000349,  01,   12072021,   1631
104000270,  03,   12072021,   1635
104000042,  01,   12072021,   1637
104000360,  01,   12072021,   1637
104000048,  01,   12072021,   1637
104000047,  01,   12072021,   1637
104000040,  01,   12072021,   1637
000000000,  01,   12072021,   1638
104000285,  01,   12072021,   1638
000000000,  01,   12072021,   1640
104000343,  01,   12072021,   1642
104000008,  05,   12072021,   1651
104000052,  05,   12072021,   1656
104000004,  05,   12072021,   1657
104000004,  05,   12072021,   1657
110003994,  01,   12072021,   1703
000000000,  01,   12072021,   1709
104000040,  01,   12072021,   1715
104000006,  04,   12072021,   1715
104000006,  04,   12072021,   1719
000000000,  01,   12072021,   1719
000000000,  01,   12072021,   1721
103024303,  01,   12072021,   1729
000000000,  01,   12072021,   1731
000000000,  01,   12072021,   1734
104000358,  01,   12072021,   1734
104000046,  01,   12072021,   1738
103025488,  01,   12072021,   1743
000000000,  01,   12072021,   1746
104000040,  01,   12072021,   1749
103024303,  01,   12072021,   1750
104000043,  01,   12072021,   1754
104000285,  01,   12072021,   1756
104000041,  01,   12072021,   1757
110004004,  01,   12072021,   1758
104000338,  03,   12072021,   1759
104000358,  01,   12072021,   1802
104000467,  03,   12072021,   1807
104000099,  03,   12072021,   1809
104000237,  03,   12072021,   1809
104000098,  03,   12072021,   1809
104000237,  03,   12072021,   1809
104000011,  03,   12072021,   1809
104000004,  03,   12072021,   1809
104000273,  03,   12072021,   1811
104000005,  03,   12072021,   1812
104000272,  03,   12072021,   1812
104000277,  03,   12072021,   1812
104000009,  03,   12072021,   1814
103025488,  03,   12072021,   1815
104000046,  01,   12072021,   1819
104000334,  01,   12072021,   1819
101001321,  01,   12072021,   1820
104000112,  01,   12072021,   1822
104000239,  03,   12072021,   1827
104000244,  03,   12072021,   1828
104000008,  03,   12072021,   1828
000000000,  01,   12072021,   1830
103024303,  01,   12072021,   1831
103024303,  01,   12072021,   1833
000000000,  01,   12072021,   1833
104000088,  03,   12072021,   1853
110001868,  03,   12072021,   1910
107000157,  02,   12072021,   1919
107000157,  02,   12072021,   1919
110001868,  03,   12072021,   1938
103025489,  03,   12072021,   1950
103025489,  03,   12072021,   1951
104000274,  03,   12072021,   1959
104000297,  03,   12072021,   2000
107000157,  02,   12072021,   2058
000000000,  05,   12072021,   2101
000000000,  05,   12072021,   2101
101002738,  05,   12072021,   2109
107000157,  03,   12072021,   2109
101002738,  04,   12072021,   2118
000000000,  03,   12072021,   2121
000000000,  03,   12072021,   2121
000000000,  03,   12072021,   2137
000000000,  03,   12072021,   2137
000000000,  03,   12072021,   2154
000000000,  03,   12072021,   2154
000000000,  03,   12072021,   2156
000000000,  03,   12072021,   2156
000000000,  03,   12072021,   2158
000000000,  03,   12072021,   2159
000000000,  03,   12072021,   2200
000000000,  03,   12072021,   2200
000000000,  03,   12072021,   2200
000000000,  03,   12072021,   2200
000000000,  03,   12072021,   2200
000000000,  03,   12072021,   2200
000000000,  03,   12072021,   2201
000000000,  03,   12072021,   2201
000000000,  03,   12072021,   2201
000000000,  03,   12072021,   2201
000000000,  03,   12072021,   2201
000000000,  03,   12072021,   2201
000000000,  03,   12072021,   2201
000000000,  03,   12072021,   2201
000000000,  03,   12072021,   2201
000000000,  03,   12072021,   2202
000000000,  03,   12072021,   2202
000000000,  03,   12072021,   2202
000000000,  03,   12072021,   2202
000000000,  03,   12072021,   2202
000000000,  03,   12072021,   2203
000000000,  03,   12072021,   2203
000000000,  03,   12072021,   2203
000000000,  03,   12072021,   2203
000000000,  03,   12072021,   2203
000000000,  03,   12072021,   2203
000000000,  03,   12072021,   2203
000000000,  03,   12072021,   2203
000000000,  03,   12072021,   2203
000000000,  03,   12072021,   2203
000000000,  03,   12072021,   2203
000000000,  03,   12072021,   2203
000000000,  03,   12072021,   2203
000000000,  03,   12072021,   2204
000000000,  03,   12072021,   2204
000000000,  03,   12072021,   2204
000000000,  03,   12072021,   2204
000000000,  03,   12072021,   2204
000000000,  03,   12072021,   2204
000000000,  03,   12072021,   2204
000000000,  03,   12072021,   2205
000000000,  03,   12072021,   2205
000000000,  03,   12072021,   2205
000000000,  03,   12072021,   2205
000000000,  03,   12072021,   2205
000000000,  03,   12072021,   2205
000000000,  03,   12072021,   2205
000000000,  03,   12072021,   2206
000000000,  03,   12072021,   2206
000000000,  03,   12072021,   2206
000000000,  03,   12072021,   2206
000000000,  03,   12072021,   2206
000000000,  03,   12072021,   2206
000000000,  03,   12072021,   2206
000000000,  03,   12072021,   2206
000000000,  03,   12072021,   2206
000000000,  03,   12072021,   2206
000000000,  03,   12072021,   2206
000000000,  03,   12072021,   2206
000000000,  03,   12072021,   2206
000000000,  03,   12072021,   2206
000000000,  03,   12072021,   2206
000000000,  03,   12072021,   2206
000000000,  03,   12072021,   2207
000000000,  03,   12072021,   2207
000000000,  03,   12072021,   2208
000000000,  03,   12072021,   2208
000000000,  03,   12072021,   2208
000000000,  03,   12072021,   2209
000000000,  03,   12072021,   2209
000000000,  03,   12072021,   2210
000000000,  03,   12072021,   2210
000000000,  03,   12072021,   2210
000000000,  03,   12072021,   2211
000000000,  03,   12072021,   2212
000000000,  03,   12072021,   2212
000000000,  03,   12072021,   2212
000000000,  03,   12072021,   2213
000000000,  03,   12072021,   2214
000000000,  03,   12072021,   2214
000000000,  03,   12072021,   2214
000000000,  03,   12072021,   2215
000000000,  03,   12072021,   2215
000000000,  03,   12072021,   2215
000000000,  03,   12072021,   2215
000000000,  03,   12072021,   2215
000000000,  03,   12072021,   2215
000000000,  03,   12072021,   2216
000000000,  03,   12072021,   2216
000000000,  03,   12072021,   2216
000000000,  03,   12072021,   2216
000000000,  03,   12072021,   2216
000000000,  03,   12072021,   2216
000000000,  03,   12072021,   2216
000000000,  03,   12072021,   2216
000000000,  03,   12072021,   2217
000000000,  03,   12072021,   2217
000000000,  03,   12072021,   2217
000000000,  03,   12072021,   2217
000000000,  03,   12072021,   2217
000000000,  03,   12072021,   2217
000000000,  03,   12072021,   2217
000000000,  03,   12072021,   2217
000000000,  03,   12072021,   2217
000000000,  03,   12072021,   2217
000000000,  03,   12072021,   2217
000000000,  03,   12072021,   2217
000000000,  03,   12072021,   2217
000000000,  03,   12072021,   2217
000000000,  03,   12072021,   2217
000000000,  03,   12072021,   2217
000000000,  03,   12072021,   2217
000000000,  03,   12072021,   2217
000000000,  03,   12072021,   2217
000000000,  03,   12072021,   2217
000000000,  03,   12072021,   2218
000000000,  03,   12072021,   2218
000000000,  03,   12072021,   2218
000000000,  03,   12072021,   2218
000000000,  03,   12072021,   2218
000000000,  03,   12072021,   2218
000000000,  03,   12072021,   2218
000000000,  03,   12072021,   2218
000000000,  03,   12072021,   2218
000000000,  03,   12072021,   2218
000000000,  03,   12072021,   2218
000000000,  03,   12072021,   2218
000000000,  03,   12072021,   2218
000000000,  03,   12072021,   2218
000000000,  03,   12072021,   2218
000000000,  03,   12072021,   2218
000000000,  03,   12072021,   2218
000000000,  03,   12072021,   2218
000000000,  03,   12072021,   2218
000000000,  03,   12072021,   2219
000000000,  03,   12072021,   2219
000000000,  03,   12072021,   2219
000000000,  03,   12072021,   2219
000000000,  03,   12072021,   2219
000000000,  03,   12072021,   2219
000000000,  03,   12072021,   2219
000000000,  03,   12072021,   2220
000000000,  03,   12072021,   2220
000000000,  03,   12072021,   2220
000000000,  03,   12072021,   2220
000000000,  03,   12072021,   2220
000000000,  03,   12072021,   2220
000000000,  03,   12072021,   2220
000000000,  03,   12072021,   2220
000000000,  03,   12072021,   2220
000000000,  03,   12072021,   2220
000000000,  03,   12072021,   2220
000000000,  03,   12072021,   2221
000000000,  03,   12072021,   2221
000000000,  03,   12072021,   2221
000000000,  03,   12072021,   2221
000000000,  03,   12072021,   2221
000000000,  03,   12072021,   2221
000000000,  03,   12072021,   2221
000000000,  03,   12072021,   2221
000000000,  03,   12072021,   2221
000000000,  03,   12072021,   2221
000000000,  03,   12072021,   2221
000000000,  03,   12072021,   2223
000000000,  03,   12072021,   2223
000000000,  03,   12072021,   2223
000000000,  03,   12072021,   2223
000000000,  03,   12072021,   2223
000000000,  03,   12072021,   2223
000000000,  03,   12072021,   2223
000000000,  03,   12072021,   2223
000000000,  03,   12072021,   2223
000000000,  03,   12072021,   2223
000000000,  03,   12072021,   2223
000000000,  03,   12072021,   2223
000000000,  03,   12072021,   2223
000000000,  03,   12072021,   2228
000000000,  03,   12072021,   2228
000000000,  03,   12072021,   2228
000000000,  03,   12072021,   2228
000000000,  03,   12072021,   2228
000000000,  03,   12072021,   2228
000000000,  03,   12072021,   2229
000000000,  03,   12072021,   2229
000000000,  03,   12072021,   2229
000000000,  03,   12072021,   2230
000000000,  03,   12072021,   2230
000000000,  03,   12072021,   2230
000000000,  03,   12072021,   2230
000000000,  03,   12072021,   2230
000000000,  03,   12072021,   2230
000000000,  03,   12072021,   2230
101002738,  05,   12072021,   2233
000000000,  03,   12072021,   2246
000000000,  03,   12072021,   2247
000000000,  03,   12072021,   2248
000000000,  03,   12072021,   2248
000000000,  03,   12072021,   2248
000000000,  03,   12072021,   2248
000000000,  03,   12072021,   2248
000000000,  03,   12072021,   2248
000000000,  03,   12072021,   2248
000000000,  03,   12072021,   2248
000000000,  03,   12072021,   2248
000000000,  03,   12072021,   2248
000000000,  03,   12072021,   2248
000000000,  03,   12072021,   2249
000000000,  03,   12072021,   2249
000000000,  03,   12072021,   2249
000000000,  03,   12072021,   2249
000000000,  03,   12072021,   2249
000000000,  03,   12072021,   2249
000000000,  03,   12072021,   2249
000000000,  03,   12072021,   2250
000000000,  03,   12072021,   2250
000000000,  03,   12072021,   2250
000000000,  03,   12072021,   2250
000000000,  03,   12072021,   2250
000000000,  03,   12072021,   2250
000000000,  03,   12072021,   2253
000000000,  03,   12072021,   2257
000000000,  03,   12072021,   2257
000000000,  03,   12072021,   2257
000000000,  03,   12072021,   2257
000000000,  03,   12072021,   2257
000000000,  03,   12072021,   2257
000000000,  03,   12072021,   2257
000000000,  03,   12072021,   2257
000000000,  03,   12072021,   2257
000000000,  03,   12072021,   2258
000000000,  03,   12072021,   2258
000000000,  03,   12072021,   2258
000000000,  03,   12072021,   2258
000000000,  03,   12072021,   2258
000000000,  03,   12072021,   2259
000000000,  03,   12072021,   2259
000000000,  03,   12072021,   2259
000000000,  03,   12072021,   2259
000000000,  03,   12072021,   2300
000000000,  03,   12072021,   2301
000000000,  03,   12072021,   2301
000000000,  03,   12072021,   2318
000000000,  03,   12072021,   2318
000000000,  03,   12072021,   2318
000000000,  03,   12072021,   2318
000000000,  03,   12072021,   2318
000000000,  03,   12072021,   2318
000000000,  03,   12072021,   2318
000000000,  03,   12072021,   2318
000000000,  03,   12072021,   2318
000000000,  03,   12072021,   2318
104000095,  03,   12072021,   2319
101002738,  03,   12072021,   2320
000000000,  03,   12072021,   2328
000000000,  03,   12072021,   2329
000000000,  03,   12072021,   2329
000000000,  03,   12072021,   2329
000000000,  03,   12072021,   2329
000000000,  03,   12072021,   2330
000000000,  03,   12072021,   2330
000000000,  03,   12072021,   2331
000000000,  03,   12072021,   2331
000000000,  03,   12072021,   2331
000000000,  03,   12072021,   2331
000000000,  03,   12072021,   2331
000000000,  03,   12072021,   2331
000000000,  03,   12072021,   2333
000000000,  03,   12072021,   2333
000000000,  03,   12072021,   2333
000000000,  03,   12072021,   2333
000000000,  03,   12072021,   2333
000000000,  03,   12072021,   2334
000000000,  03,   12072021,   2335
000000000,  03,   12072021,   2335
000000000,  03,   12072021,   2335
000000000,  03,   12072021,   2335
000000000,  03,   12072021,   2343
000000000,  03,   12072021,   2343
000000000,  03,   12072021,   2343
000000000,  03,   12072021,   2343
000000000,  03,   12072021,   2343
000000000,  03,   12072021,   2344
000000000,  03,   12072021,   2344
000000000,  03,   12072021,   2344
000000000,  03,   12072021,   2345
000000000,  03,   12072021,   2347
000000000,  03,   12072021,   2347
000000000,  03,   13072021,   0000
000000000,  03,   13072021,   0001
000000000,  03,   13072021,   0001
000000000,  03,   13072021,   0001
000000000,  03,   13072021,   0001
000000000,  03,   13072021,   0003
000000000,  03,   13072021,   0003
000000000,  03,   13072021,   0004
000000000,  03,   13072021,   0004
000000000,  03,   13072021,   0004
000000000,  03,   13072021,   0004
000000000,  03,   13072021,   0004
000000000,  03,   13072021,   0122
000000000,  03,   13072021,   0122
000000000,  03,   13072021,   0122
000000000,  03,   13072021,   0122
000000000,  03,   13072021,   0122
000000000,  03,   13072021,   0122
000000000,  03,   13072021,   0152
000000000,  03,   13072021,   0152
000000000,  03,   13072021,   0152
000000000,  03,   13072021,   0152
000000000,  03,   13072021,   0152
000000000,  03,   13072021,   0152
000000000,  03,   13072021,   0152
000000000,  03,   13072021,   0152
000000000,  03,   13072021,   0152
000000000,  03,   13072021,   0152
000000000,  03,   13072021,   0153
000000000,  03,   13072021,   0153
000000000,  03,   13072021,   0153
000000000,  03,   13072021,   0153
000000000,  03,   13072021,   0153
000000000,  03,   13072021,   0153
000000000,  03,   13072021,   0153
000000000,  03,   13072021,   0153
000000000,  03,   13072021,   0153
000000000,  03,   13072021,   0153
000000000,  03,   13072021,   0154
000000000,  03,   13072021,   0154
000000000,  03,   13072021,   0154
000000000,  03,   13072021,   0154
000000000,  03,   13072021,   0154
000000000,  03,   13072021,   0155
000000000,  03,   13072021,   0155
000000000,  03,   13072021,   0155
000000000,  03,   13072021,   0156
000000000,  03,   13072021,   0156
000000000,  03,   13072021,   0157
000000000,  03,   13072021,   0157
000000000,  03,   13072021,   0157
000000000,  03,   13072021,   0158
000000000,  03,   13072021,   0158
000000000,  03,   13072021,   0200
000000000,  03,   13072021,   0201
000000000,  03,   13072021,   0202
000000000,  03,   13072021,   0202
000000000,  03,   13072021,   0202
000000000,  03,   13072021,   0202
000000000,  03,   13072021,   0202
000000000,  03,   13072021,   0204
000000000,  03,   13072021,   0204
000000000,  03,   13072021,   0204
000000000,  03,   13072021,   0204
000000000,  03,   13072021,   0205
000000000,  03,   13072021,   0205
000000000,  03,   13072021,   0205
000000000,  03,   13072021,   0205
000000000,  03,   13072021,   0205
000000000,  03,   13072021,   0206
000000000,  03,   13072021,   0206
000000000,  03,   13072021,   0207
000000000,  03,   13072021,   0226
000000000,  03,   13072021,   0227
000000000,  03,   13072021,   0227
000000000,  03,   13072021,   0227
000000000,  03,   13072021,   0227
000000000,  03,   13072021,   0227
000000000,  03,   13072021,   0227
000000000,  03,   13072021,   0228
000000000,  03,   13072021,   0228
000000000,  03,   13072021,   0228
000000000,  03,   13072021,   0229
000000000,  03,   13072021,   0230
000000000,  03,   13072021,   0231
000000000,  03,   13072021,   0234
000000000,  03,   13072021,   0236
000000000,  03,   13072021,   0236
000000000,  03,   13072021,   0238
000000000,  03,   13072021,   0239
000000000,  03,   13072021,   0252
000000000,  03,   13072021,   0253
000000000,  03,   13072021,   0253
000000000,  03,   13072021,   0255
000000000,  03,   13072021,   0256
000000000,  03,   13072021,   0256
000000000,  03,   13072021,   0256
000000000,  03,   13072021,   0259
000000000,  03,   13072021,   0259
000000000,  03,   13072021,   0442
000000000,  03,   13072021,   0443
000000000,  03,   13072021,   0443
000000000,  03,   13072021,   0445
000000000,  03,   13072021,   0445
000000000,  03,   13072021,   0446
000000000,  03,   13072021,   0446
000000000,  03,   13072021,   0447
000000000,  03,   13072021,   0447
000000000,  03,   13072021,   0448
000000000,  03,   13072021,   0448
000000000,  03,   13072021,   0448
000000000,  03,   13072021,   0448
000000000,  03,   13072021,   0448
000000000,  03,   13072021,   0448
000000000,  03,   13072021,   0448
000000000,  03,   13072021,   0448
000000000,  03,   13072021,   0449
000000000,  03,   13072021,   0449
000000000,  03,   13072021,   0449
000000000,  03,   13072021,   0451
000000000,  03,   13072021,   0451
000000000,  03,   13072021,   0451
000000000,  03,   13072021,   0451
000000000,  03,   13072021,   0454
000000000,  03,   13072021,   0454
000000000,  03,   13072021,   0454
000000000,  03,   13072021,   0455
000000000,  03,   13072021,   0455
000000000,  03,   13072021,   0455
000000000,  03,   13072021,   0455
000000000,  03,   13072021,   0456
000000000,  03,   13072021,   0457
000000000,  03,   13072021,   0457
000000000,  03,   13072021,   0457
000000000,  03,   13072021,   0457
000000000,  03,   13072021,   0457
000000000,  03,   13072021,   0457
000000000,  03,   13072021,   0457
000000000,  03,   13072021,   0457
000000000,  03,   13072021,   0457
000000000,  03,   13072021,   0457
000000000,  03,   13072021,   0531
000000000,  03,   13072021,   0541
101002738,  04,   13072021,   0746
101002738,  03,   13072021,   0747
104000088,  03,   13072021,   0747
103025489,  03,   13072021,   0747
103025489,  03,   13072021,   0747
101002738,  05,   13072021,   0749
106000013,  03,   13072021,   0749
106000013,  03,   13072021,   0749
106000013,  03,   13072021,   0749
103024303,  03,   13072021,   0755
103024303,  04,   13072021,   0755
103024303,  01,   13072021,   0758
103025488,  03,   13072021,   0801
104000334,  01,   13072021,   0815
104000046,  01,   13072021,   0815
104000046,  01,   13072021,   0815
104000048,  01,   13072021,   0815
104000047,  01,   13072021,   0815
101001321,  01,   13072021,   0815
104000277,  03,   13072021,   0832
104000011,  03,   13072021,   0832
104000005,  03,   13072021,   0832
104000272,  03,   13072021,   0832
104000004,  03,   13072021,   0832
106000013,  04,   13072021,   0832
106000013,  01,   13072021,   0835
000000000,  03,   13072021,   0836
000000000,  03,   13072021,   0838
000000000,  03,   13072021,   0838
000000000,  03,   13072021,   0838
000000000,  03,   13072021,   0839
000000000,  03,   13072021,   0839
000000000,  03,   13072021,   0841
000000000,  03,   13072021,   0842
000000000,  03,   13072021,   0843
000000000,  03,   13072021,   0843
000000000,  03,   13072021,   0846
000000000,  03,   13072021,   0847
000000000,  03,   13072021,   0848
000000000,  03,   13072021,   0850
000000000,  03,   13072021,   0852
000000000,  03,   13072021,   0852
000000000,  03,   13072021,   0857
000000000,  03,   13072021,   0901
000000000,  03,   13072021,   0901
000000000,  03,   13072021,   0901
000000000,  03,   13072021,   0902
000000000,  03,   13072021,   0902
000000000,  03,   13072021,   0902
000000000,  03,   13072021,   0902
000000000,  03,   13072021,   0902
000000000,  03,   13072021,   0902
110001868,  03,   13072021,   0903
110001868,  05,   13072021,   0903
104000008,  03,   13072021,   0905
104000239,  03,   13072021,   0905
104000244,  03,   13072021,   0905
000000000,  03,   13072021,   0905
104000285,  01,   13072021,   0905
000000000,  03,   13072021,   0905
110004004,  01,   13072021,   0905
104000041,  01,   13072021,   0905
104000040,  01,   13072021,   0906
104000338,  03,   13072021,   0906
000000000,  03,   13072021,   0907
000000000,  03,   13072021,   0907
000000000,  03,   13072021,   0907
000000000,  03,   13072021,   0907
000000000,  03,   13072021,   0907
104000006,  03,   13072021,   0908
104000273,  03,   13072021,   0909
000000000,  03,   13072021,   0909
000000000,  03,   13072021,   0909
000000000,  03,   13072021,   0909
000000000,  03,   13072021,   0910
000000000,  03,   13072021,   0910
000000000,  03,   13072021,   0910
000000000,  03,   13072021,   0911
000000000,  03,   13072021,   0912
104000239,  03,   13072021,   0915
107000157,  02,   13072021,   0915
104000272,  03,   13072021,   0917
104000112,  01,   13072021,   0917
104000008,  03,   13072021,   0917
104000338,  03,   13072021,   0917
104000270,  03,   13072021,   0918
107000157,  02,   13072021,   0921
000000000,  03,   13072021,   0922
000000000,  03,   13072021,   0923
104000360,  01,   13072021,   0923
000001809,  01,   13072021,   0923
000000000,  03,   13072021,   0923
000000000,  03,   13072021,   0923
000000000,  03,   13072021,   0923
000000000,  03,   13072021,   0924
000000000,  01,   13072021,   0926
000000000,  03,   13072021,   0926
000000000,  03,   13072021,   0927
000000000,  03,   13072021,   0927
000000000,  03,   13072021,   0927
000000000,  03,   13072021,   0927
000000000,  03,   13072021,   0928
106000013,  04,   13072021,   0928
106000013,  01,   13072021,   0928
000000000,  03,   13072021,   0928
110001870,  01,   13072021,   0928
000000000,  03,   13072021,   0928
000000000,  03,   13072021,   0928
000000000,  03,   13072021,   0929
000000000,  03,   13072021,   0929
000000000,  03,   13072021,   0929
000000000,  03,   13072021,   0929
000000000,  03,   13072021,   0929
000000000,  03,   13072021,   0930
000000000,  03,   13072021,   0930
000000000,  03,   13072021,   0930
000000000,  03,   13072021,   0930
000000000,  03,   13072021,   0931
000000000,  03,   13072021,   0931
000000000,  03,   13072021,   0932
000000000,  03,   13072021,   0932
000000000,  03,   13072021,   0932
000000000,  03,   13072021,   0932
000000000,  03,   13072021,   0932
000000000,  03,   13072021,   0932
000000000,  03,   13072021,   0932
000000000,  03,   13072021,   0932
000000000,  03,   13072021,   0933
000000000,  03,   13072021,   0933
000000000,  03,   13072021,   0933
000000000,  03,   13072021,   0933
000000000,  03,   13072021,   0933
000000000,  03,   13072021,   0933
104000043,  01,   13072021,   0934
000000000,  03,   13072021,   0934
000000000,  03,   13072021,   0934
000000000,  03,   13072021,   0934
000000000,  01,   13072021,   0934
000000000,  03,   13072021,   0934
000000000,  03,   13072021,   0934
000000000,  03,   13072021,   0935
000000000,  03,   13072021,   0937
000000000,  03,   13072021,   0938
000000000,  03,   13072021,   0938
000000000,  03,   13072021,   0939
000000000,  03,   13072021,   0939
000000000,  03,   13072021,   0939
000000000,  03,   13072021,   0939
101001321,  01,   13072021,   0939
000000000,  03,   13072021,   0940
000000000,  03,   13072021,   0940
000000000,  03,   13072021,   0940
000000000,  03,   13072021,   0942
000000000,  03,   13072021,   0942
000000000,  01,   13072021,   0942
104000343,  01,   13072021,   0945
104000467,  03,   13072021,   0945
101001321,  01,   13072021,   0949
000000000,  03,   13072021,   0953
000000000,  03,   13072021,   0953
000000000,  03,   13072021,   0953
000000000,  01,   13072021,   0954
000000000,  03,   13072021,   0954
000000000,  03,   13072021,   0955
101001321,  01,   13072021,   0955
000000000,  01,   13072021,   0955
000000000,  03,   13072021,   0955
106000013,  04,   13072021,   0956
000000000,  03,   13072021,   0956
000000000,  03,   13072021,   0958
000000000,  03,   13072021,   0958
000000000,  03,   13072021,   0959
000000000,  03,   13072021,   0959
000000000,  03,   13072021,   1000
000000000,  03,   13072021,   1000
000000000,  03,   13072021,   1000
000000000,  03,   13072021,   1000
000000000,  03,   13072021,   1000
000000000,  03,   13072021,   1000
000000000,  03,   13072021,   1000
000000000,  03,   13072021,   1000
000000000,  03,   13072021,   1000
000000000,  03,   13072021,   1000
000000000,  03,   13072021,   1000
000000000,  03,   13072021,   1000
000000000,  03,   13072021,   1000
000000000,  03,   13072021,   1000
000000000,  03,   13072021,   1001
000000000,  03,   13072021,   1001
000000000,  03,   13072021,   1001
000000000,  03,   13072021,   1002
000000000,  03,   13072021,   1002
000000000,  03,   13072021,   1002
000000000,  03,   13072021,   1003
000000000,  03,   13072021,   1003
000000000,  03,   13072021,   1004
000000000,  03,   13072021,   1004
000000000,  03,   13072021,   1006
000000000,  01,   13072021,   1009
106000013,  02,   13072021,   1011
106000013,  02,   13072021,   1014
106000013,  04,   13072021,   1014
000000000,  03,   13072021,   1016
000000000,  03,   13072021,   1018
000000000,  03,   13072021,   1018
000000000,  03,   13072021,   1018
000000000,  03,   13072021,   1018
000000000,  03,   13072021,   1018
000000000,  03,   13072021,   1020
000000000,  03,   13072021,   1020
106000013,  04,   13072021,   1020
000000000,  03,   13072021,   1021
000000000,  03,   13072021,   1022
000000000,  03,   13072021,   1022
000000000,  03,   13072021,   1022
000000000,  02,   13072021,   1022
104000222,  01,   13072021,   1024
000000000,  03,   13072021,   1025
104000349,  01,   13072021,   1026
000000000,  03,   13072021,   1026
000000000,  03,   13072021,   1027
000000000,  03,   13072021,   1030
000000000,  01,   13072021,   1032
000000000,  03,   13072021,   1032
000001809,  04,   13072021,   1033
000001809,  01,   13072021,   1033
000001809,  04,   13072021,   1034
000001809,  01,   13072021,   1037
104000358,  01,   13072021,   1039
104000111,  01,   13072021,   1039
104000111,  01,   13072021,   1039
104000099,  03,   13072021,   1039
104000098,  03,   13072021,   1039
000000000,  03,   13072021,   1040
110004004,  01,   13072021,   1041
000000000,  03,   13072021,   1042
000000000,  03,   13072021,   1042
000000000,  03,   13072021,   1042
104000237,  03,   13072021,   1043
000000000,  03,   13072021,   1044
000000000,  03,   13072021,   1045
000000000,  03,   13072021,   1045
000000000,  03,   13072021,   1046
000000000,  03,   13072021,   1049
000000000,  03,   13072021,   1050
000000000,  03,   13072021,   1050
000000000,  03,   13072021,   1050
000000000,  03,   13072021,   1050
000000000,  03,   13072021,   1050
000000000,  03,   13072021,   1050
000000000,  03,   13072021,   1050
000000000,  03,   13072021,   1050
000000000,  03,   13072021,   1050
000000000,  03,   13072021,   1050
104000277,  03,   13072021,   1050
000000000,  03,   13072021,   1051
000000000,  03,   13072021,   1051
000000000,  03,   13072021,   1051
000000000,  03,   13072021,   1051
000000000,  03,   13072021,   1051
000000000,  03,   13072021,   1051
000000000,  03,   13072021,   1051
000000000,  03,   13072021,   1051
000000000,  03,   13072021,   1051
000000000,  03,   13072021,   1051
000000000,  03,   13072021,   1051
000000000,  03,   13072021,   1051
000000000,  03,   13072021,   1051
000000000,  03,   13072021,   1051
104000297,  03,   13072021,   1052
104000297,  03,   13072021,   1052
104000274,  03,   13072021,   1052
000000000,  01,   13072021,   1052
000000000,  03,   13072021,   1052
000000000,  03,   13072021,   1052
000000000,  03,   13072021,   1053
000000000,  03,   13072021,   1053
000000000,  03,   13072021,   1053
000000000,  03,   13072021,   1053
000000000,  03,   13072021,   1054
106000013,  04,   13072021,   1054
000001809,  01,   13072021,   1056
000000000,  01,   13072021,   1103
110001870,  01,   13072021,   1104
106000013,  04,   13072021,   1104
106000013,  01,   13072021,   1106
101002737,  02,   13072021,   1107
101002737,  04,   13072021,   1108
104000277,  03,   13072021,   1109
101002737,  04,   13072021,   1110
106000013,  01,   13072021,   1110
104000343,  01,   13072021,   1112
000001809,  01,   13072021,   1112
103024303,  01,   13072021,   1112
101002737,  02,   13072021,   1113
107000185,  04,   13072021,   1118
107000185,  02,   13072021,   1121
000000000,  01,   13072021,   1124
104000500,  01,   13072021,   1124
000001809,  01,   13072021,   1125
104000343,  01,   13072021,   1125
104000042,  01,   13072021,   1129
110001870,  01,   13072021,   1132
000000000,  03,   13072021,   1137
104000040,  01,   13072021,   1138
000000000,  03,   13072021,   1138
000000000,  03,   13072021,   1138
000000000,  03,   13072021,   1138
000000000,  03,   13072021,   1139
000000000,  03,   13072021,   1139
104000040,  01,   13072021,   1143
000000000,  01,   13072021,   1149
104000046,  01,   13072021,   1150
000000000,  01,   13072021,   1150
104000047,  01,   13072021,   1156
110003994,  04,   13072021,   1158
