000000000,  03,   09032021,   0622
000000000,  03,   09032021,   0623
000000000,  03,   09032021,   0623
000000000,  03,   09032021,   0624
000000000,  03,   09032021,   0713
000000000,  03,   09032021,   0715
000000000,  03,   09032021,   0716
000000000,  03,   09032021,   0717
000000000,  03,   09032021,   0718
000000000,  03,   09032021,   0718
101002738,  04,   09032021,   0740
101002738,  03,   09032021,   0740
101002738,  04,   09032021,   0740
000000000,  03,   09032021,   0742
101002738,  05,   09032021,   0743
103025489,  03,   09032021,   0758
103025488,  03,   09032021,   0804
000000000,  03,   09032021,   0813
000000000,  02,   09032021,   0817
103024303,  03,   09032021,   0821
103024303,  01,   09032021,   0823
107000157,  02,   09032021,   0824
000000000,  01,   09032021,   0840
104000041,  01,   09032021,   0901
104000041,  01,   09032021,   0901
104000285,  01,   09032021,   0901
104000285,  01,   09032021,   0901
104000040,  01,   09032021,   0901
104000040,  01,   09032021,   0901
110004004,  01,   09032021,   0901
101001321,  01,   09032021,   0907
104000099,  03,   09032021,   0907
104000098,  03,   09032021,   0907
104000111,  01,   09032021,   0907
104000358,  01,   09032021,   0908
104000358,  01,   09032021,   0908
104000358,  01,   09032021,   0908
000000000,  03,   09032021,   0910
104000043,  01,   09032021,   0911
104000277,  03,   09032021,   0911
104000011,  03,   09032021,   0911
104000005,  03,   09032021,   0911
104000009,  03,   09032021,   0911
000000000,  03,   09032021,   0911
104000237,  03,   09032021,   0911
000000000,  03,   09032021,   0911
000000000,  03,   09032021,   0911
000000000,  03,   09032021,   0911
000000000,  03,   09032021,   0911
000000000,  03,   09032021,   0911
000000000,  03,   09032021,   0911
000000000,  03,   09032021,   0911
000000000,  03,   09032021,   0911
000000000,  03,   09032021,   0911
000000000,  03,   09032021,   0911
000000000,  03,   09032021,   0911
104000004,  05,   09032021,   0912
000000000,  03,   09032021,   0912
104000005,  05,   09032021,   0912
104000009,  05,   09032021,   0912
104000272,  03,   09032021,   0912
104000008,  03,   09032021,   0912
104000244,  03,   09032021,   0912
104000239,  03,   09032021,   0912
104000088,  03,   09032021,   0912
000000000,  03,   09032021,   0912
104000222,  01,   09032021,   0918
104000006,  03,   09032021,   0920
104000349,  01,   09032021,   0922
104000349,  01,   09032021,   0922
104000338,  03,   09032021,   0922
104000270,  03,   09032021,   0924
104000048,  01,   09032021,   0924
104000048,  01,   09032021,   0924
104000047,  01,   09032021,   0924
104000360,  01,   09032021,   0924
104000334,  01,   09032021,   0924
104000112,  01,   09032021,   0924
104000112,  01,   09032021,   0924
104000274,  03,   09032021,   0927
104000343,  01,   09032021,   0929
104000343,  01,   09032021,   0929
104000343,  01,   09032021,   0929
104000343,  01,   09032021,   0929
000000000,  02,   09032021,   0932
110001868,  03,   09032021,   0938
000000000,  02,   09032021,   0941
104000273,  03,   09032021,   0944
104000041,  01,   09032021,   0944
110001870,  01,   09032021,   0944
110001870,  01,   09032021,   0944
110001870,  01,   09032021,   0944
110001870,  01,   09032021,   0944
000000000,  01,   09032021,   0948
000000000,  02,   09032021,   0948
110004004,  01,   09032021,   0953
104000467,  03,   09032021,   0958
104000043,  01,   09032021,   1002
104000048,  01,   09032021,   1002
104000046,  01,   09032021,   1002
000000000,  02,   09032021,   1005
104000042,  01,   09032021,   1006
106000128,  02,   09032021,   1016
000000000,  01,   09032021,   1017
103024303,  04,   09032021,   1021
103024303,  04,   09032021,   1022
000000000,  01,   09032021,   1022
103024303,  01,   09032021,   1024
000000000,  01,   09032021,   1025
106000128,  02,   09032021,   1026
000000000,  01,   09032021,   1030
101001321,  04,   09032021,   1031
103024303,  02,   09032021,   1031
000000000,  01,   09032021,   1032
000000000,  01,   09032021,   1032
000000000,  03,   09032021,   1033
101001321,  01,   09032021,   1035
110003994,  01,   09032021,   1035
000000000,  01,   09032021,   1035
000000000,  01,   09032021,   1037
000000000,  01,   09032021,   1037
104000006,  04,   09032021,   1038
104000222,  01,   09032021,   1038
000000000,  01,   09032021,   1038
104000006,  04,   09032021,   1039
104000006,  04,   09032021,   1039
000000000,  03,   09032021,   1041
000000000,  02,   09032021,   1041
104000006,  04,   09032021,   1041
107000197,  04,   09032021,   1042
107000197,  02,   09032021,   1042
103024303,  04,   09032021,   1043
000000000,  01,   09032021,   1044
000000000,  02,   09032021,   1044
000000000,  01,   09032021,   1045
000000000,  03,   09032021,   1045
000000000,  03,   09032021,   1045
000000000,  03,   09032021,   1045
000000000,  03,   09032021,   1046
000000000,  03,   09032021,   1046
104000006,  04,   09032021,   1051
000000000,  03,   09032021,   1052
104000040,  04,   09032021,   1052
107000197,  02,   09032021,   1053
000000000,  03,   09032021,   1053
000000000,  03,   09032021,   1053
000000000,  03,   09032021,   1053
000000000,  03,   09032021,   1053
000000000,  03,   09032021,   1053
104000040,  01,   09032021,   1053
103024303,  04,   09032021,   1054
000000000,  03,   09032021,   1054
000000000,  03,   09032021,   1055
000000000,  03,   09032021,   1055
000000000,  03,   09032021,   1055
000000000,  01,   09032021,   1055
000000000,  01,   09032021,   1056
101001320,  01,   09032021,   1056
000000000,  03,   09032021,   1056
104000048,  01,   09032021,   1057
104000048,  01,   09032021,   1057
000000000,  03,   09032021,   1057
000000000,  03,   09032021,   1057
000000000,  03,   09032021,   1057
000000000,  03,   09032021,   1057
000000000,  03,   09032021,   1057
000000000,  03,   09032021,   1058
000000000,  03,   09032021,   1058
000000000,  03,   09032021,   1058
000000000,  03,   09032021,   1058
101002738,  04,   09032021,   1058
000000000,  03,   09032021,   1059
000000000,  03,   09032021,   1059
000000000,  03,   09032021,   1059
000000000,  03,   09032021,   1059
000000000,  03,   09032021,   1100
104000046,  01,   09032021,   1101
104000043,  01,   09032021,   1101
104000040,  04,   09032021,   1101
000000000,  03,   09032021,   1104
000000000,  03,   09032021,   1104
000000000,  03,   09032021,   1104
000000000,  03,   09032021,   1105
000000000,  03,   09032021,   1106
000000000,  03,   09032021,   1106
101002738,  04,   09032021,   1107
000000000,  03,   09032021,   1108
000000000,  03,   09032021,   1108
000000000,  03,   09032021,   1115
000000000,  03,   09032021,   1115
000000000,  03,   09032021,   1116
000000000,  03,   09032021,   1116
000000000,  03,   09032021,   1116
000000000,  03,   09032021,   1116
000000000,  03,   09032021,   1116
000000000,  03,   09032021,   1116
000000000,  03,   09032021,   1116
000000000,  03,   09032021,   1116
000000000,  03,   09032021,   1116
000000000,  03,   09032021,   1117
000000000,  03,   09032021,   1117
000000000,  03,   09032021,   1117
000000000,  03,   09032021,   1117
000000000,  03,   09032021,   1117
000000000,  03,   09032021,   1117
000000000,  03,   09032021,   1117
000000000,  03,   09032021,   1118
000000000,  03,   09032021,   1118
000000000,  03,   09032021,   1118
000000000,  03,   09032021,   1118
000000000,  03,   09032021,   1118
000000000,  03,   09032021,   1120
000000000,  03,   09032021,   1120
106000008,  04,   09032021,   1121
000000000,  03,   09032021,   1122
106000008,  02,   09032021,   1122
000000000,  03,   09032021,   1122
000000000,  03,   09032021,   1125
000000000,  03,   09032021,   1125
000000000,  03,   09032021,   1125
000000000,  03,   09032021,   1128
000000000,  03,   09032021,   1128
000000000,  03,   09032021,   1129
000000000,  03,   09032021,   1130
000000000,  03,   09032021,   1131
000000000,  03,   09032021,   1132
000000000,  03,   09032021,   1132
000000000,  03,   09032021,   1132
000000000,  03,   09032021,   1132
000000000,  03,   09032021,   1133
106000008,  02,   09032021,   1133
106000008,  04,   09032021,   1135
106000128,  02,   09032021,   1139
000001809,  04,   09032021,   1140
106000128,  02,   09032021,   1142
106000128,  02,   09032021,   1147
106000128,  02,   09032021,   1148
000001809,  04,   09032021,   1149
000000000,  03,   09032021,   1151
000000000,  03,   09032021,   1151
000000000,  03,   09032021,   1151
000000000,  03,   09032021,   1151
000000000,  03,   09032021,   1151
000000000,  03,   09032021,   1151
000000000,  03,   09032021,   1151
000000000,  03,   09032021,   1151
000000000,  03,   09032021,   1151
000000000,  03,   09032021,   1151
000000000,  03,   09032021,   1151
000000000,  03,   09032021,   1151
000000000,  03,   09032021,   1151
000000000,  03,   09032021,   1151
000000000,  03,   09032021,   1151
000000000,  03,   09032021,   1151
000000000,  03,   09032021,   1151
000000000,  03,   09032021,   1152
000000000,  03,   09032021,   1152
000000000,  03,   09032021,   1152
000000000,  03,   09032021,   1152
103024303,  04,   09032021,   1153
103024303,  04,   09032021,   1154
000000000,  02,   09032021,   1204
000000000,  03,   09032021,   1205
104000006,  04,   09032021,   1206
104000006,  04,   09032021,   1211
000000000,  03,   09032021,   1219
000000000,  03,   09032021,   1220
000000000,  03,   09032021,   1220
110001870,  01,   09032021,   1222
000000000,  03,   09032021,   1222
000000000,  03,   09032021,   1223
000000000,  03,   09032021,   1223
000000000,  03,   09032021,   1223
000000000,  03,   09032021,   1223
000000000,  03,   09032021,   1223
000000000,  03,   09032021,   1223
000000000,  03,   09032021,   1223
000000000,  03,   09032021,   1223
000000000,  03,   09032021,   1223
000000000,  03,   09032021,   1223
000000000,  03,   09032021,   1223
000000000,  03,   09032021,   1226
000000000,  03,   09032021,   1227
000000000,  03,   09032021,   1228
000000000,  03,   09032021,   1228
000000000,  03,   09032021,   1228
000000000,  03,   09032021,   1228
000000000,  03,   09032021,   1228
000000000,  03,   09032021,   1228
110003994,  01,   09032021,   1228
000000000,  03,   09032021,   1228
000000000,  03,   09032021,   1228
000000000,  03,   09032021,   1228
000000000,  03,   09032021,   1228
000000000,  03,   09032021,   1229
000000000,  03,   09032021,   1229
000000000,  03,   09032021,   1229
000000000,  03,   09032021,   1229
000000000,  03,   09032021,   1229
000000000,  03,   09032021,   1229
000000000,  03,   09032021,   1229
000000000,  03,   09032021,   1229
000000000,  03,   09032021,   1230
000000000,  03,   09032021,   1230
000000000,  03,   09032021,   1230
105000021,  02,   09032021,   1231
000000000,  03,   09032021,   1233
000000000,  03,   09032021,   1233
105000021,  02,   09032021,   1236
000000000,  03,   09032021,   1237
000000000,  03,   09032021,   1237
000000000,  03,   09032021,   1238
000000000,  03,   09032021,   1238
105000082,  04,   09032021,   1238
000000000,  02,   09032021,   1238
000000000,  03,   09032021,   1238
000000000,  03,   09032021,   1238
000000000,  03,   09032021,   1238
000000000,  03,   09032021,   1241
000000000,  03,   09032021,   1241
000000000,  03,   09032021,   1241
000000000,  03,   09032021,   1241
000000000,  03,   09032021,   1242
000000000,  03,   09032021,   1242
000000000,  03,   09032021,   1242
000000000,  03,   09032021,   1242
000000000,  03,   09032021,   1242
000000000,  03,   09032021,   1242
000000000,  03,   09032021,   1242
000000000,  03,   09032021,   1242
000000000,  03,   09032021,   1242
106000128,  02,   09032021,   1243
107000197,  02,   09032021,   1243
106000128,  02,   09032021,   1244
000000000,  03,   09032021,   1246
000000000,  03,   09032021,   1246
000000000,  03,   09032021,   1246
000000000,  03,   09032021,   1246
000000000,  03,   09032021,   1246
000000000,  03,   09032021,   1247
000000000,  03,   09032021,   1248
000000000,  03,   09032021,   1249
000000000,  03,   09032021,   1249
000000000,  03,   09032021,   1249
000000000,  03,   09032021,   1250
000000000,  03,   09032021,   1250
000000000,  03,   09032021,   1250
000000000,  03,   09032021,   1253
000000000,  03,   09032021,   1253
000000000,  03,   09032021,   1253
000000000,  03,   09032021,   1253
000000000,  03,   09032021,   1253
000000000,  03,   09032021,   1254
000000000,  03,   09032021,   1254
000000000,  03,   09032021,   1255
000000000,  03,   09032021,   1256
000000000,  03,   09032021,   1256
000000000,  03,   09032021,   1256
000000000,  03,   09032021,   1256
000000000,  03,   09032021,   1256
000000000,  03,   09032021,   1256
000000000,  03,   09032021,   1256
000000000,  03,   09032021,   1256
000000000,  03,   09032021,   1257
000000000,  03,   09032021,   1257
000000000,  03,   09032021,   1257
000000000,  03,   09032021,   1257
000000000,  03,   09032021,   1259
000000000,  03,   09032021,   1259
000000000,  03,   09032021,   1259
000000000,  03,   09032021,   1259
000000000,  03,   09032021,   1259
000000000,  03,   09032021,   1300
000000000,  03,   09032021,   1300
000000000,  03,   09032021,   1300
000000000,  03,   09032021,   1300
000000000,  03,   09032021,   1300
000000000,  03,   09032021,   1301
000000000,  03,   09032021,   1301
104000465,  03,   09032021,   1301
000000000,  03,   09032021,   1301
105000082,  04,   09032021,   1302
000000000,  03,   09032021,   1302
000000000,  03,   09032021,   1302
000000000,  03,   09032021,   1302
000000000,  03,   09032021,   1302
000000000,  03,   09032021,   1302
000000000,  03,   09032021,   1302
105000082,  02,   09032021,   1303
000000000,  03,   09032021,   1303
000000000,  03,   09032021,   1303
000000000,  03,   09032021,   1303
000000000,  03,   09032021,   1304
000000000,  03,   09032021,   1304
000000000,  03,   09032021,   1304
000000000,  03,   09032021,   1304
000000000,  03,   09032021,   1304
000000000,  03,   09032021,   1304
000000000,  03,   09032021,   1305
000000000,  03,   09032021,   1305
000000000,  03,   09032021,   1305
000000000,  03,   09032021,   1305
000000000,  03,   09032021,   1305
107000197,  02,   09032021,   1305
000000000,  03,   09032021,   1305
000000000,  03,   09032021,   1306
000000000,  03,   09032021,   1306
000000000,  03,   09032021,   1306
000000000,  03,   09032021,   1306
000000000,  03,   09032021,   1306
000000000,  03,   09032021,   1306
000000000,  03,   09032021,   1306
000000000,  03,   09032021,   1306
000000000,  03,   09032021,   1306
000000000,  03,   09032021,   1307
000000000,  03,   09032021,   1307
000000000,  03,   09032021,   1307
000000000,  03,   09032021,   1307
000000000,  01,   09032021,   1320
103024303,  01,   09032021,   1320
104000046,  01,   09032021,   1324
000000000,  01,   09032021,   1332
000000000,  01,   09032021,   1333
103024303,  02,   09032021,   1333
101001321,  01,   09032021,   1335
101001321,  01,   09032021,   1335
103024303,  04,   09032021,   1335
104000467,  03,   09032021,   1335
103024303,  04,   09032021,   1337
103024303,  01,   09032021,   1338
000000000,  01,   09032021,   1339
104000046,  01,   09032021,   1339
000001809,  04,   09032021,   1339
000001809,  01,   09032021,   1340
103024303,  04,   09032021,   1344
103024303,  01,   09032021,   1347
105000021,  02,   09032021,   1350
000000000,  01,   09032021,   1355
101001321,  01,   09032021,   1356
105000021,  02,   09032021,   1357
104000040,  01,   09032021,   1400
110001870,  01,   09032021,   1400
110001870,  01,   09032021,   1400
110001870,  01,   09032021,   1400
106000128,  02,   09032021,   1402
106000128,  02,   09032021,   1403
104000297,  03,   09032021,   1410
106000128,  02,   09032021,   1412
000001809,  01,   09032021,   1415
000001809,  01,   09032021,   1415
106000128,  02,   09032021,   1417
104000334,  01,   09032021,   1418
104000334,  01,   09032021,   1419
104000095,  03,   09032021,   1424
104000052,  01,   09032021,   1429
104000343,  01,   09032021,   1440
104000006,  04,   09032021,   1447
000000000,  01,   09032021,   1450
101002738,  01,   09032021,   1451
101002738,  04,   09032021,   1452
104000358,  01,   09032021,   1452
000000000,  01,   09032021,   1452
101002738,  01,   09032021,   1453
110004004,  01,   09032021,   1456
104000467,  03,   09032021,   1501
110004004,  01,   09032021,   1504
107000197,  02,   09032021,   1512
104000358,  01,   09032021,   1514
000000000,  01,   09032021,   1514
104000360,  01,   09032021,   1522
000000000,  01,   09032021,   1522
107000197,  02,   09032021,   1523
107000231,  03,   09032021,   1527
103024303,  04,   09032021,   1528
104000338,  03,   09032021,   1528
000000000,  01,   09032021,   1529
104000222,  01,   09032021,   1536
104000360,  01,   09032021,   1536
103025488,  04,   09032021,   1536
103025488,  01,   09032021,   1539
103025488,  01,   09032021,   1539
106000128,  04,   09032021,   1540
106000128,  02,   09032021,   1540
000000000,  01,   09032021,   1542
000000000,  01,   09032021,   1543
103024303,  01,   09032021,   1546
104000006,  04,   09032021,   1547
104000006,  04,   09032021,   1549
110003994,  01,   09032021,   1551
106000008,  02,   09032021,   1552
000000000,  01,   09032021,   1553
106000128,  04,   09032021,   1554
106000008,  02,   09032021,   1555
106000128,  02,   09032021,   1555
104000358,  01,   09032021,   1556
000000000,  04,   09032021,   1557
000000000,  02,   09032021,   1559
103024303,  04,   09032021,   1603
103024303,  04,   09032021,   1603
101001321,  01,   09032021,   1603
000000000,  01,   09032021,   1604
107000231,  04,   09032021,   1605
107000231,  02,   09032021,   1606
103024303,  01,   09032021,   1606
104000358,  01,   09032021,   1607
000001809,  04,   09032021,   1607
000001809,  01,   09032021,   1608
000000000,  04,   09032021,   1611
000000000,  02,   09032021,   1612
000000000,  02,   09032021,   1612
000000000,  02,   09032021,   1613
000001809,  04,   09032021,   1614
107000231,  02,   09032021,   1614
107000231,  04,   09032021,   1614
000000000,  01,   09032021,   1615
000001809,  01,   09032021,   1616
000001809,  04,   09032021,   1617
104000272,  04,   09032021,   1619
000001809,  01,   09032021,   1619
103024303,  01,   09032021,   1622
104000338,  03,   09032021,   1625
000000000,  01,   09032021,   1626
107000197,  02,   09032021,   1627
107000197,  02,   09032021,   1628
104000009,  03,   09032021,   1630
104000272,  04,   09032021,   1630
107000231,  03,   09032021,   1632
104000343,  01,   09032021,   1632
000001809,  04,   09032021,   1633
000001809,  01,   09032021,   1636
105000021,  02,   09032021,   1638
000001809,  01,   09032021,   1638
105000021,  02,   09032021,   1643
104000043,  01,   09032021,   1647
104000047,  01,   09032021,   1651
103024303,  04,   09032021,   1652
104000041,  01,   09032021,   1653
103024303,  01,   09032021,   1653
000000000,  01,   09032021,   1654
103024303,  04,   09032021,   1654
104000041,  01,   09032021,   1654
104000041,  01,   09032021,   1655
103024303,  01,   09032021,   1656
000000000,  04,   09032021,   1657
106000008,  02,   09032021,   1657
101002738,  04,   09032021,   1700
104000006,  04,   09032021,   1701
000000000,  03,   09032021,   1702
000000000,  04,   09032021,   1702
000000000,  04,   09032021,   1702
000000000,  04,   09032021,   1702
000000000,  04,   09032021,   1702
000000000,  04,   09032021,   1702
000000000,  04,   09032021,   1702
000000000,  04,   09032021,   1702
000000000,  04,   09032021,   1702
000000000,  04,   09032021,   1702
000000000,  04,   09032021,   1702
104000270,  04,   09032021,   1703
104000047,  01,   09032021,   1703
104000270,  01,   09032021,   1704
104000222,  01,   09032021,   1705
104000041,  01,   09032021,   1707
000000000,  01,   09032021,   1707
104000334,  01,   09032021,   1707
104000006,  04,   09032021,   1707
000000000,  04,   09032021,   1708
000000000,  04,   09032021,   1708
000000000,  01,   09032021,   1709
000000000,  01,   09032021,   1714
104000042,  01,   09032021,   1716
000000000,  03,   09032021,   1718
000000000,  03,   09032021,   1718
000000000,  03,   09032021,   1718
000000000,  03,   09032021,   1718
000000000,  03,   09032021,   1718
000000000,  03,   09032021,   1718
000000000,  03,   09032021,   1719
000000000,  03,   09032021,   1719
000000000,  03,   09032021,   1719
000000000,  03,   09032021,   1720
000000000,  03,   09032021,   1720
000000000,  01,   09032021,   1720
104000343,  01,   09032021,   1721
000000000,  01,   09032021,   1721
104000040,  01,   09032021,   1721
000000000,  03,   09032021,   1722
000000000,  03,   09032021,   1722
000000000,  03,   09032021,   1722
000000000,  03,   09032021,   1722
000000000,  03,   09032021,   1722
000000000,  03,   09032021,   1722
000000000,  03,   09032021,   1722
000000000,  03,   09032021,   1722
000000000,  03,   09032021,   1722
000000000,  03,   09032021,   1722
000000000,  03,   09032021,   1722
000000000,  03,   09032021,   1722
000000000,  03,   09032021,   1722
000000000,  03,   09032021,   1723
000000000,  03,   09032021,   1723
000000000,  03,   09032021,   1723
000000000,  03,   09032021,   1723
000000000,  03,   09032021,   1723
103024303,  01,   09032021,   1723
103024303,  04,   09032021,   1724
000000000,  01,   09032021,   1726
103025488,  04,   09032021,   1728
104000043,  01,   09032021,   1728
110001868,  03,   09032021,   1728
103025488,  01,   09032021,   1730
104000343,  01,   09032021,   1731
000000000,  01,   09032021,   1732
103024303,  04,   09032021,   1738
103024303,  01,   09032021,   1740
000000000,  03,   09032021,   1743
000000000,  03,   09032021,   1743
000000000,  03,   09032021,   1745
110003994,  01,   09032021,   1746
000000000,  03,   09032021,   1748
000000000,  03,   09032021,   1748
000000000,  03,   09032021,   1749
000000000,  03,   09032021,   1750
000000000,  03,   09032021,   1750
000000000,  03,   09032021,   1750
000000000,  03,   09032021,   1750
000000000,  03,   09032021,   1750
000000000,  03,   09032021,   1750
000000000,  03,   09032021,   1750
000000000,  03,   09032021,   1750
000000000,  03,   09032021,   1751
104000270,  04,   09032021,   1752
000000000,  03,   09032021,   1752
104000270,  04,   09032021,   1752
000000000,  03,   09032021,   1753
000000000,  02,   09032021,   1753
000000000,  02,   09032021,   1753
000000000,  02,   09032021,   1753
104000270,  04,   09032021,   1754
104000270,  01,   09032021,   1755
104000270,  01,   09032021,   1755
104000099,  03,   09032021,   1802
000000000,  03,   09032021,   1804
000000000,  03,   09032021,   1804
000000000,  03,   09032021,   1804
000000000,  03,   09032021,   1804
000000000,  03,   09032021,   1805
000000000,  03,   09032021,   1805
000000000,  03,   09032021,   1805
000000000,  03,   09032021,   1805
000000000,  03,   09032021,   1805
000000000,  03,   09032021,   1805
000000000,  03,   09032021,   1805
000000000,  03,   09032021,   1805
000000000,  03,   09032021,   1808
000000000,  03,   09032021,   1808
000000000,  03,   09032021,   1808
000000000,  03,   09032021,   1808
000000000,  03,   09032021,   1808
000000000,  03,   09032021,   1808
000000000,  03,   09032021,   1808
000000000,  03,   09032021,   1809
000000000,  03,   09032021,   1810
000000000,  03,   09032021,   1810
000000000,  03,   09032021,   1810
000000000,  03,   09032021,   1811
000000000,  03,   09032021,   1811
000000000,  03,   09032021,   1812
000000000,  03,   09032021,   1812
000000000,  03,   09032021,   1812
000000000,  03,   09032021,   1812
000000000,  03,   09032021,   1812
000000000,  03,   09032021,   1813
000000000,  03,   09032021,   1813
000000000,  03,   09032021,   1813
000000000,  03,   09032021,   1813
104000338,  03,   09032021,   1815
104000467,  03,   09032021,   1815
104000274,  03,   09032021,   1817
000000000,  03,   09032021,   1818
000000000,  03,   09032021,   1818
000000000,  03,   09032021,   1818
104000272,  03,   09032021,   1823
104000273,  03,   09032021,   1824
104000349,  01,   09032021,   1825
104000237,  03,   09032021,   1825
104000004,  03,   09032021,   1826
104000005,  03,   09032021,   1826
104000270,  03,   09032021,   1826
104000358,  01,   09032021,   1826
104000111,  01,   09032021,   1827
104000043,  01,   09032021,   1827
104000011,  03,   09032021,   1827
104000285,  01,   09032021,   1828
110004004,  01,   09032021,   1828
104000041,  01,   09032021,   1828
104000239,  03,   09032021,   1828
104000098,  03,   09032021,   1828
104000040,  01,   09032021,   1828
104000277,  03,   09032021,   1829
103025488,  03,   09032021,   1830
104000046,  01,   09032021,   1830
104000008,  03,   09032021,   1830
104000047,  01,   09032021,   1831
000000000,  03,   09032021,   1831
000000000,  03,   09032021,   1831
000000000,  03,   09032021,   1831
000000000,  03,   09032021,   1831
000000000,  03,   09032021,   1831
000000000,  03,   09032021,   1831
000000000,  03,   09032021,   1831
000000000,  03,   09032021,   1831
000000000,  03,   09032021,   1831
103025488,  03,   09032021,   1831
104000008,  03,   09032021,   1831
104000244,  03,   09032021,   1831
000000000,  03,   09032021,   1831
000000000,  03,   09032021,   1831
000000000,  03,   09032021,   1832
000000000,  03,   09032021,   1832
000000000,  03,   09032021,   1833
000000000,  03,   09032021,   1833
000000000,  03,   09032021,   1833
000000000,  03,   09032021,   1834
000000000,  03,   09032021,   1834
000000000,  03,   09032021,   1834
000000000,  03,   09032021,   1835
104000047,  01,   09032021,   1835
104000343,  01,   09032021,   1835
000000000,  03,   09032021,   1835
101002737,  02,   09032021,   1835
104000360,  01,   09032021,   1835
000000000,  03,   09032021,   1835
104000112,  01,   09032021,   1835
104000048,  01,   09032021,   1836
000000000,  03,   09032021,   1837
000000000,  03,   09032021,   1837
000000000,  03,   09032021,   1837
000000000,  03,   09032021,   1851
000000000,  03,   09032021,   1851
000000000,  01,   09032021,   1851
000000000,  03,   09032021,   1852
000000000,  03,   09032021,   1852
103024303,  01,   09032021,   1854
000000000,  03,   09032021,   1855
000000000,  03,   09032021,   1855
000000000,  03,   09032021,   1855
000000000,  03,   09032021,   1855
000000000,  03,   09032021,   1855
103024303,  01,   09032021,   1856
107000197,  04,   09032021,   1857
107000197,  02,   09032021,   1857
104000465,  03,   09032021,   1942
000000000,  03,   09032021,   1944
000000000,  03,   09032021,   1944
000000000,  03,   09032021,   1944
000000000,  03,   09032021,   1944
000000000,  03,   09032021,   1944
104000088,  03,   09032021,   1944
000000000,  03,   09032021,   1944
000000000,  03,   09032021,   1944
000000000,  03,   09032021,   1944
000000000,  03,   09032021,   1944
103025489,  03,   09032021,   1945
000000000,  03,   09032021,   1950
104000297,  03,   09032021,   1954
103025489,  03,   09032021,   1956
103025489,  03,   09032021,   2006
000000000,  03,   09032021,   2007
000000000,  02,   09032021,   2024
000000000,  03,   09032021,   2028
000000000,  03,   09032021,   2028
000000000,  03,   09032021,   2028
107000197,  03,   09032021,   2028
107000197,  03,   09032021,   2028
101002738,  03,   09032021,   2037
104000095,  03,   09032021,   2038
000000000,  03,   09032021,   2040
000000000,  03,   09032021,   2040
000000000,  03,   09032021,   2041
000000000,  03,   09032021,   2041
000000000,  03,   09032021,   2043
000000000,  03,   09032021,   2043
000000000,  03,   09032021,   2043
000000000,  03,   09032021,   2044
000000000,  03,   09032021,   2044
000000000,  03,   09032021,   2044
000000000,  03,   09032021,   2044
000000000,  03,   09032021,   2044
000000000,  03,   09032021,   2044
000000000,  03,   09032021,   2044
000000000,  03,   09032021,   2044
000000000,  03,   09032021,   2044
000000000,  03,   09032021,   2044
000000000,  03,   09032021,   2045
000000000,  03,   09032021,   2045
000000000,  03,   09032021,   2045
000000000,  03,   09032021,   2045
000000000,  03,   09032021,   2046
101002738,  04,   09032021,   2046
000000000,  03,   09032021,   2046
000000000,  03,   09032021,   2047
000000000,  03,   09032021,   2047
000000000,  03,   09032021,   2047
000000000,  03,   09032021,   2047
000000000,  03,   09032021,   2047
000000000,  03,   09032021,   2047
000000000,  03,   09032021,   2047
000000000,  03,   09032021,   2047
000000000,  03,   09032021,   2047
000000000,  03,   09032021,   2047
000000000,  03,   09032021,   2047
000000000,  03,   09032021,   2048
000000000,  03,   09032021,   2048
000000000,  03,   09032021,   2048
000000000,  03,   09032021,   2048
000000000,  03,   09032021,   2048
000000000,  03,   09032021,   2048
000000000,  03,   09032021,   2048
000000000,  03,   09032021,   2048
000000000,  03,   09032021,   2048
000000000,  03,   09032021,   2048
000000000,  03,   09032021,   2048
000000000,  03,   09032021,   2048
000000000,  03,   09032021,   2049
000000000,  03,   09032021,   2049
000000000,  03,   09032021,   2049
000000000,  03,   09032021,   2050
000000000,  03,   09032021,   2050
000000000,  03,   09032021,   2051
101002738,  03,   09032021,   2051
000000000,  03,   09032021,   2051
000000000,  03,   09032021,   2052
000000000,  03,   09032021,   2052
000000000,  03,   09032021,   2052
000000000,  03,   09032021,   2052
000000000,  03,   09032021,   2053
000000000,  03,   09032021,   2053
000000000,  03,   09032021,   2054
000000000,  03,   09032021,   2054
000000000,  03,   09032021,   2054
000000000,  03,   09032021,   2058
000000000,  03,   09032021,   2058
000000000,  03,   09032021,   2058
000000000,  03,   09032021,   2058
000000000,  03,   09032021,   2122
000000000,  03,   09032021,   2122
000000000,  03,   09032021,   2122
000000000,  03,   09032021,   2122
000000000,  03,   09032021,   2124
000000000,  03,   09032021,   2125
000000000,  03,   09032021,   2125
000000000,  03,   09032021,   2126
000000000,  03,   09032021,   2126
000000000,  03,   09032021,   2126
000000000,  03,   09032021,   2126
000000000,  03,   09032021,   2126
000000000,  03,   09032021,   2126
000000000,  03,   09032021,   2126
000000000,  03,   09032021,   2127
000000000,  03,   09032021,   2129
000000000,  03,   09032021,   2129
000000000,  03,   09032021,   2129
000000000,  03,   09032021,   2130
000000000,  03,   09032021,   2130
000000000,  03,   09032021,   2130
000000000,  03,   09032021,   2242
000000000,  03,   09032021,   2242
000000000,  03,   09032021,   2242
000000000,  03,   09032021,   2242
000000000,  03,   09032021,   2242
000000000,  03,   09032021,   2243
000000000,  03,   09032021,   2243
000000000,  03,   09032021,   2259
000000000,  03,   09032021,   2259
000000000,  03,   09032021,   2259
000000000,  03,   09032021,   2302
000000000,  03,   09032021,   2305
000000000,  03,   09032021,   2305
000000000,  03,   09032021,   2307
000000000,  03,   09032021,   2307
000000000,  03,   09032021,   2307
000000000,  03,   09032021,   2307
000000000,  03,   09032021,   2307
000000000,  03,   09032021,   2308
000000000,  03,   09032021,   2308
000000000,  03,   09032021,   2309
000000000,  03,   09032021,   2309
000000000,  03,   09032021,   2309
000000000,  03,   09032021,   2309
000000000,  03,   09032021,   2309
000000000,  03,   09032021,   2309
000000000,  03,   09032021,   2309
000000000,  03,   09032021,   2313
000000000,  03,   09032021,   2313
000000000,  03,   09032021,   2313
000000000,  03,   09032021,   2313
000000000,  03,   09032021,   2314
000000000,  03,   09032021,   2315
000000000,  03,   09032021,   2316
000000000,  03,   09032021,   2316
000000000,  03,   09032021,   2316
000000000,  03,   09032021,   2317
000000000,  03,   09032021,   2317
000000000,  03,   09032021,   2318
000000000,  03,   09032021,   2318
000000000,  03,   09032021,   2319
000000000,  03,   09032021,   2319
000000000,  03,   09032021,   2320
000000000,  03,   09032021,   2320
000000000,  03,   09032021,   2320
000000000,  03,   09032021,   2321
000000000,  03,   09032021,   2321
000000000,  03,   09032021,   2321
000000000,  03,   09032021,   2322
000000000,  03,   09032021,   2322
000000000,  03,   09032021,   2322
000000000,  03,   09032021,   2322
000000000,  03,   09032021,   2323
000000000,  03,   09032021,   2323
000000000,  03,   09032021,   2323
000000000,  03,   09032021,   2323
000000000,  03,   09032021,   2325
000000000,  03,   09032021,   2327
000000000,  03,   09032021,   2327
000000000,  03,   09032021,   2334
000000000,  03,   09032021,   2339
000000000,  03,   09032021,   2339
000000000,  03,   09032021,   2340
000000000,  03,   09032021,   2349
000000000,  03,   09032021,   2352
000000000,  03,   09032021,   2353
000000000,  03,   09032021,   2353
000000000,  03,   09032021,   2353
000000000,  03,   09032021,   2353
000000000,  03,   09032021,   2354
000000000,  03,   09032021,   2354
000000000,  03,   09032021,   2359
000000000,  03,   10032021,   0000
000000000,  03,   10032021,   0001
000000000,  03,   10032021,   0002
000000000,  03,   10032021,   0010
000000000,  03,   10032021,   0012
000000000,  03,   10032021,   0013
000000000,  03,   10032021,   0014
000000000,  03,   10032021,   0016
000000000,  03,   10032021,   0016
000000000,  03,   10032021,   0016
000000000,  03,   10032021,   0017
000000000,  03,   10032021,   0017
000000000,  03,   10032021,   0022
000000000,  03,   10032021,   0022
000000000,  03,   10032021,   0035
000000000,  03,   10032021,   0035
000000000,  03,   10032021,   0035
000000000,  03,   10032021,   0035
000000000,  03,   10032021,   0035
000000000,  03,   10032021,   0035
000000000,  03,   10032021,   0035
000000000,  03,   10032021,   0035
000000000,  03,   10032021,   0035
000000000,  03,   10032021,   0036
000000000,  03,   10032021,   0036
000000000,  03,   10032021,   0036
000000000,  03,   10032021,   0036
000000000,  03,   10032021,   0036
000000000,  03,   10032021,   0036
000000000,  03,   10032021,   0036
000000000,  03,   10032021,   0036
000000000,  03,   10032021,   0036
000000000,  03,   10032021,   0036
000000000,  03,   10032021,   0037
000000000,  03,   10032021,   0037
000000000,  03,   10032021,   0037
000000000,  03,   10032021,   0037
000000000,  03,   10032021,   0037
000000000,  03,   10032021,   0037
000000000,  03,   10032021,   0037
000000000,  03,   10032021,   0038
000000000,  03,   10032021,   0038
000000000,  03,   10032021,   0039
000000000,  03,   10032021,   0040
000000000,  03,   10032021,   0041
000000000,  03,   10032021,   0059
000000000,  03,   10032021,   0108
000000000,  03,   10032021,   0109
000000000,  03,   10032021,   0110
000000000,  03,   10032021,   0110
000000000,  03,   10032021,   0110
000000000,  03,   10032021,   0111
000000000,  03,   10032021,   0111
000000000,  03,   10032021,   0111
000000000,  03,   10032021,   0111
000000000,  03,   10032021,   0137
000000000,  03,   10032021,   0137
000000000,  03,   10032021,   0137
000000000,  03,   10032021,   0302
000000000,  03,   10032021,   0303
000000000,  03,   10032021,   0303
000000000,  03,   10032021,   0303
000000000,  03,   10032021,   0303
000000000,  03,   10032021,   0305
000000000,  03,   10032021,   0306
000000000,  03,   10032021,   0307
000000000,  03,   10032021,   0307
000000000,  03,   10032021,   0307
000000000,  03,   10032021,   0307
000000000,  03,   10032021,   0307
000000000,  03,   10032021,   0307
000000000,  03,   10032021,   0307
000000000,  03,   10032021,   0308
000000000,  03,   10032021,   0308
000000000,  03,   10032021,   0308
000000000,  03,   10032021,   0308
000000000,  03,   10032021,   0308
000000000,  03,   10032021,   0308
000000000,  03,   10032021,   0308
000000000,  03,   10032021,   0309
000000000,  03,   10032021,   0309
000000000,  03,   10032021,   0309
000000000,  03,   10032021,   0309
000000000,  03,   10032021,   0309
000000000,  03,   10032021,   0310
000000000,  03,   10032021,   0310
000000000,  03,   10032021,   0310
000000000,  03,   10032021,   0310
000000000,  03,   10032021,   0310
000000000,  03,   10032021,   0310
000000000,  03,   10032021,   0310
000000000,  03,   10032021,   0310
000000000,  03,   10032021,   0315
000000000,  03,   10032021,   0315
000000000,  03,   10032021,   0316
000000000,  03,   10032021,   0317
000000000,  03,   10032021,   0317
000000000,  03,   10032021,   0317
000000000,  03,   10032021,   0317
000000000,  03,   10032021,   0317
000000000,  03,   10032021,   0317
000000000,  03,   10032021,   0317
000000000,  03,   10032021,   0317
000000000,  03,   10032021,   0319
000000000,  03,   10032021,   0319
000000000,  03,   10032021,   0319
000000000,  03,   10032021,   0319
000000000,  03,   10032021,   0319
000000000,  03,   10032021,   0320
000000000,  03,   10032021,   0321
000000000,  03,   10032021,   0322
000000000,  03,   10032021,   0322
000000000,  03,   10032021,   0322
000000000,  03,   10032021,   0323
000000000,  03,   10032021,   0323
000000000,  03,   10032021,   0323
000000000,  03,   10032021,   0333
000000000,  03,   10032021,   0337
000000000,  03,   10032021,   0338
000000000,  03,   10032021,   0338
000000000,  03,   10032021,   0338
000000000,  03,   10032021,   0339
000000000,  03,   10032021,   0344
000000000,  03,   10032021,   0344
000000000,  03,   10032021,   0344
000000000,  03,   10032021,   0350
000000000,  03,   10032021,   0350
000000000,  03,   10032021,   0350
000000000,  03,   10032021,   0351
000000000,  03,   10032021,   0353
000000000,  03,   10032021,   0353
000000000,  03,   10032021,   0353
000000000,  03,   10032021,   0354
000000000,  03,   10032021,   0354
000000000,  03,   10032021,   0354
000000000,  03,   10032021,   0354
000000000,  03,   10032021,   0354
000000000,  03,   10032021,   0355
000000000,  03,   10032021,   0355
000000000,  03,   10032021,   0355
000000000,  03,   10032021,   0355
000000000,  03,   10032021,   0355
000000000,  03,   10032021,   0357
000000000,  03,   10032021,   0358
000000000,  03,   10032021,   0358
000000000,  03,   10032021,   0359
000000000,  03,   10032021,   0400
000000000,  03,   10032021,   0400
000000000,  03,   10032021,   0401
000000000,  03,   10032021,   0401
000000000,  03,   10032021,   0402
000000000,  03,   10032021,   0404
000000000,  03,   10032021,   0404
000000000,  03,   10032021,   0405
000000000,  03,   10032021,   0405
000000000,  03,   10032021,   0405
000000000,  03,   10032021,   0405
000000000,  03,   10032021,   0405
000000000,  03,   10032021,   0407
000000000,  03,   10032021,   0409
000000000,  03,   10032021,   0410
000000000,  03,   10032021,   0411
000000000,  03,   10032021,   0411
000000000,  03,   10032021,   0413
000000000,  03,   10032021,   0413
000000000,  03,   10032021,   0508
000000000,  03,   10032021,   0508
000000000,  03,   10032021,   0511
000000000,  03,   10032021,   0511
000000000,  03,   10032021,   0514
000000000,  03,   10032021,   0514
000000000,  03,   10032021,   0514
000000000,  03,   10032021,   0514
000000000,  03,   10032021,   0514
000000000,  03,   10032021,   0514
000000000,  03,   10032021,   0514
000000000,  03,   10032021,   0514
000000000,  03,   10032021,   0514
000000000,  03,   10032021,   0514
000000000,  03,   10032021,   0514
000000000,  03,   10032021,   0514
000000000,  03,   10032021,   0514
000000000,  03,   10032021,   0514
000000000,  03,   10032021,   0515
000000000,  03,   10032021,   0515
000000000,  03,   10032021,   0515
000000000,  03,   10032021,   0515
000000000,  03,   10032021,   0515
000000000,  03,   10032021,   0515
000000000,  03,   10032021,   0515
000000000,  03,   10032021,   0515
000000000,  03,   10032021,   0515
000000000,  03,   10032021,   0516
000000000,  03,   10032021,   0516
000000000,  03,   10032021,   0516
000000000,  03,   10032021,   0516
000000000,  03,   10032021,   0516
000000000,  03,   10032021,   0517
000000000,  03,   10032021,   0517
000000000,  03,   10032021,   0517
000000000,  03,   10032021,   0517
000000000,  03,   10032021,   0517
000000000,  03,   10032021,   0517
000000000,  03,   10032021,   0517
000000000,  03,   10032021,   0517
000000000,  03,   10032021,   0517
000000000,  03,   10032021,   0518
000000000,  03,   10032021,   0518
000000000,  03,   10032021,   0518
000000000,  03,   10032021,   0518
000000000,  03,   10032021,   0518
000000000,  03,   10032021,   0518
000000000,  03,   10032021,   0519
000000000,  03,   10032021,   0520
000000000,  03,   10032021,   0520
000000000,  03,   10032021,   0520
000000000,  03,   10032021,   0520
000000000,  03,   10032021,   0521
000000000,  03,   10032021,   0541
000000000,  03,   10032021,   0542
000000000,  03,   10032021,   0542
000000000,  03,   10032021,   0542
000000000,  03,   10032021,   0547
101002738,  03,   10032021,   0736
101002738,  04,   10032021,   0736
101002738,  05,   10032021,   0740
103025489,  03,   10032021,   0746
000000000,  03,   10032021,   0753
000000000,  03,   10032021,   0753
000000000,  03,   10032021,   0753
000000000,  03,   10032021,   0753
103025488,  03,   10032021,   0811
103024303,  03,   10032021,   0821
000000000,  03,   10032021,   0821
000000000,  03,   10032021,   0821
000000000,  03,   10032021,   0821
000000000,  03,   10032021,   0822
000000000,  03,   10032021,   0822
000000000,  03,   10032021,   0822
000000000,  03,   10032021,   0822
107000157,  02,   10032021,   0822
103024303,  01,   10032021,   0823
107000157,  02,   10032021,   0827
000000000,  03,   10032021,   0836
000000000,  03,   10032021,   0836
104000088,  03,   10032021,   0839
104000338,  03,   10032021,   0851
104000043,  01,   10032021,   0851
104000285,  01,   10032021,   0851
104000041,  01,   10032021,   0851
110004004,  01,   10032021,   0851
104000040,  01,   10032021,   0851
104000338,  05,   10032021,   0852
104000274,  03,   10032021,   0908
000000000,  01,   10032021,   0909
103024303,  01,   10032021,   0912
110001868,  03,   10032021,   0914
110001868,  03,   10032021,   0914
110001868,  03,   10032021,   0914
000000000,  03,   10032021,   0919
104000277,  03,   10032021,   0919
104000272,  03,   10032021,   0919
104000011,  03,   10032021,   0919
104000005,  03,   10032021,   0919
101001320,  01,   10032021,   0919
104000005,  05,   10032021,   0920
000000000,  01,   10032021,   0925
104000222,  01,   10032021,   0925
104000349,  01,   10032021,   0926
101001321,  01,   10032021,   0927
104000273,  03,   10032021,   0932
104000008,  03,   10032021,   0935
104000008,  03,   10032021,   0935
104000244,  03,   10032021,   0935
104000239,  03,   10032021,   0936
110001870,  01,   10032021,   0938
104000270,  03,   10032021,   0940
104000112,  01,   10032021,   0940
104000343,  01,   10032021,   0940
104000343,  01,   10032021,   0940
104000048,  01,   10032021,   0940
104000334,  01,   10032021,   0940
104000360,  01,   10032021,   0940
104000046,  01,   10032021,   0940
000000000,  01,   10032021,   0942
103024303,  01,   10032021,   0943
103025488,  04,   10032021,   0948
000000000,  02,   10032021,   0950
000000000,  02,   10032021,   0950
000000000,  02,   10032021,   0950
104000285,  01,   10032021,   0950
103025488,  01,   10032021,   0950
104000046,  01,   10032021,   0952
110003994,  01,   10032021,   0953
104000043,  01,   10032021,   0954
104000043,  01,   10032021,   0955
000000000,  01,   10032021,   0957
104000046,  01,   10032021,   0957
104000467,  03,   10032021,   1000
104000042,  01,   10032021,   1001
104000465,  03,   10032021,   1003
000000000,  01,   10032021,   1003
104000043,  01,   10032021,   1003
000000000,  02,   10032021,   1004
000000000,  02,   10032021,   1004
000000000,  02,   10032021,   1004
104000237,  03,   10032021,   1007
104000500,  02,   10032021,   1014
103024303,  01,   10032021,   1022
101001320,  01,   10032021,   1022
104000099,  03,   10032021,   1024
110004004,  04,   10032021,   1025
101002738,  04,   10032021,   1026
110004004,  01,   10032021,   1026
101002738,  02,   10032021,   1028
104000098,  03,   10032021,   1032
104000358,  01,   10032021,   1032
000000000,  01,   10032021,   1032
106000128,  02,   10032021,   1032
104000040,  01,   10032021,   1033
110001870,  01,   10032021,   1033
000000000,  01,   10032021,   1033
106000128,  02,   10032021,   1034
110004004,  04,   10032021,   1034
110004004,  01,   10032021,   1037
000000000,  01,   10032021,   1038
103024303,  01,   10032021,   1038
000000000,  01,   10032021,   1047
104000004,  05,   10032021,   1052
104000343,  04,   10032021,   1055
000000000,  01,   10032021,   1057
110003994,  01,   10032021,   1058
110004004,  01,   10032021,   1100
104000343,  01,   10032021,   1102
110004004,  01,   10032021,   1103
104000095,  03,   10032021,   1103
110004004,  01,   10032021,   1103
104000297,  03,   10032021,   1109
110004004,  01,   10032021,   1114
101002738,  04,   10032021,   1121
101002738,  01,   10032021,   1124
110003994,  01,   10032021,   1126
110003994,  01,   10032021,   1126
101002738,  04,   10032021,   1127
000000000,  01,   10032021,   1128
105000021,  02,   10032021,   1138
104000343,  01,   10032021,   1141
105000021,  02,   10032021,   1143
000000000,  01,   10032021,   1149
000000000,  01,   10032021,   1150
000000000,  01,   10032021,   1150
104000222,  01,   10032021,   1200
104000043,  01,   10032021,   1202
000000000,  01,   10032021,   1209
101001320,  01,   10032021,   1214
000000000,  02,   10032021,   1217
000000000,  02,   10032021,   1217
000000000,  02,   10032021,   1217
000000000,  02,   10032021,   1217
000000000,  04,   10032021,   1217
000000000,  04,   10032021,   1217
000000000,  04,   10032021,   1217
000000000,  04,   10032021,   1217
000000000,  04,   10032021,   1217
106000128,  02,   10032021,   1229
106000128,  02,   10032021,   1231
106000128,  02,   10032021,   1237
106000128,  02,   10032021,   1238
104000043,  01,   10032021,   1238
104000043,  01,   10032021,   1241
000000000,  01,   10032021,   1243
105000264,  02,   10032021,   1245
105000264,  04,   10032021,   1245
106000128,  02,   10032021,   1246
104000046,  01,   10032021,   1251
106000128,  02,   10032021,   1251
104000046,  01,   10032021,   1257
103024303,  01,   10032021,   1300
000000000,  01,   10032021,   1302
101001321,  01,   10032021,   1305
103024303,  01,   10032021,   1311
104000467,  03,   10032021,   1320
110003994,  01,   10032021,   1327
110003994,  01,   10032021,   1329
110003994,  01,   10032021,   1329
000000000,  01,   10032021,   1330
104000006,  03,   10032021,   1331
000000000,  03,   10032021,   1331
000000000,  03,   10032021,   1332
103024303,  01,   10032021,   1345
105000021,  02,   10032021,   1347
110003994,  01,   10032021,   1349
105000021,  02,   10032021,   1351
104000008,  03,   10032021,   1354
000000000,  01,   10032021,   1358
110003994,  01,   10032021,   1401
000000000,  01,   10032021,   1404
000000000,  01,   10032021,   1405
000000000,  01,   10032021,   1406
103024303,  01,   10032021,   1408
104000046,  01,   10032021,   1409
103024303,  04,   10032021,   1409
110003994,  01,   10032021,   1409
110003994,  01,   10032021,   1411
000000000,  01,   10032021,   1411
103024303,  01,   10032021,   1415
104000042,  01,   10032021,   1422
104000046,  01,   10032021,   1423
106000128,  04,   10032021,   1425
106000128,  02,   10032021,   1426
105000021,  02,   10032021,   1426
000000000,  04,   10032021,   1429
000000000,  04,   10032021,   1429
000000000,  04,   10032021,   1429
000000000,  04,   10032021,   1429
000000000,  04,   10032021,   1429
000000000,  04,   10032021,   1429
000000000,  04,   10032021,   1429
105000021,  02,   10032021,   1430
000000000,  01,   10032021,   1430
000001809,  01,   10032021,   1431
104000358,  01,   10032021,   1438
104000467,  03,   10032021,   1440
110003994,  01,   10032021,   1444
104000270,  04,   10032021,   1444
104000270,  01,   10032021,   1447
104000270,  01,   10032021,   1450
103025489,  04,   10032021,   1451
103025489,  01,   10032021,   1453
000000000,  01,   10032021,   1454
103024303,  04,   10032021,   1456
000000000,  01,   10032021,   1457
107000231,  03,   10032021,   1503
000001809,  04,   10032021,   1505
000001809,  01,   10032021,   1507
000001809,  04,   10032021,   1509
000001809,  01,   10032021,   1511
104000358,  01,   10032021,   1513
000000000,  01,   10032021,   1514
103024303,  01,   10032021,   1514
110003994,  01,   10032021,   1516
104000006,  04,   10032021,   1516
000000000,  01,   10032021,   1516
000000000,  01,   10032021,   1517
104000343,  01,   10032021,   1519
104000006,  04,   10032021,   1523
000000000,  01,   10032021,   1524
110004004,  01,   10032021,   1525
000000000,  01,   10032021,   1527
101001321,  01,   10032021,   1529
110003994,  01,   10032021,   1531
104000360,  01,   10032021,   1533
106000128,  04,   10032021,   1535
107000231,  04,   10032021,   1536
000000000,  01,   10032021,   1536
106000128,  02,   10032021,   1537
000000000,  04,   10032021,   1539
000000000,  04,   10032021,   1539
000000000,  04,   10032021,   1539
000000000,  01,   10032021,   1540
103025489,  04,   10032021,   1542
107000231,  04,   10032021,   1543
000000000,  01,   10032021,   1543
000000000,  01,   10032021,   1543
104000360,  01,   10032021,   1546
104000360,  01,   10032021,   1547
105000021,  02,   10032021,   1551
104000360,  01,   10032021,   1556
105000021,  02,   10032021,   1556
000000000,  01,   10032021,   1559
104000048,  01,   10032021,   1600
000001809,  01,   10032021,   1603
104000244,  04,   10032021,   1603
104000272,  04,   10032021,   1603
104000338,  03,   10032021,   1604
104000272,  04,   10032021,   1610
104000244,  04,   10032021,   1610
104000043,  01,   10032021,   1612
104000334,  01,   10032021,   1612
104000334,  01,   10032021,   1613
101001320,  01,   10032021,   1617
110003994,  01,   10032021,   1620
105000064,  04,   10032021,   1623
105000064,  02,   10032021,   1623
105000064,  04,   10032021,   1624
105000064,  02,   10032021,   1625
000000000,  01,   10032021,   1628
104000040,  01,   10032021,   1630
107000197,  04,   10032021,   1632
104000006,  04,   10032021,   1632
104000006,  04,   10032021,   1632
107000197,  02,   10032021,   1632
107000197,  04,   10032021,   1633
107000197,  01,   10032021,   1636
107000197,  01,   10032021,   1637
107000197,  01,   10032021,   1637
104000006,  04,   10032021,   1638
000000000,  01,   10032021,   1639
104000334,  01,   10032021,   1641
104000043,  01,   10032021,   1641
107000231,  03,   10032021,   1649
103025488,  04,   10032021,   1654
104000338,  03,   10032021,   1700
104000334,  01,   10032021,   1703
104000358,  01,   10032021,   1704
101001320,  01,   10032021,   1706
110004004,  01,   10032021,   1706
104000222,  01,   10032021,   1707
104000349,  01,   10032021,   1707
000000000,  01,   10032021,   1712
000000000,  01,   10032021,   1717
104000360,  01,   10032021,   1717
000000000,  03,   10032021,   1719
104000360,  01,   10032021,   1721
000000000,  01,   10032021,   1722
103024303,  01,   10032021,   1723
000000000,  01,   10032021,   1728
000000000,  03,   10032021,   1733
000000000,  03,   10032021,   1735
104000040,  01,   10032021,   1749
104000006,  04,   10032021,   1753
000000000,  01,   10032021,   1753
104000006,  04,   10032021,   1758
107000197,  04,   10032021,   1803
107000197,  02,   10032021,   1803
104000099,  03,   10032021,   1803
000000000,  01,   10032021,   1804
000000000,  01,   10032021,   1813
104000465,  03,   10032021,   1813
104000467,  03,   10032021,   1815
104000338,  03,   10032021,   1815
104000237,  03,   10032021,   1820
000000000,  01,   10032021,   1821
104000274,  03,   10032021,   1822
104000272,  03,   10032021,   1822
104000273,  03,   10032021,   1824
104000004,  03,   10032021,   1824
104000239,  03,   10032021,   1828
103025488,  03,   10032021,   1829
000000000,  01,   10032021,   1829
104000277,  03,   10032021,   1830
104000244,  03,   10032021,   1830
104000011,  03,   10032021,   1830
104000005,  03,   10032021,   1830
104000270,  03,   10032021,   1830
104000285,  01,   10032021,   1830
104000040,  01,   10032021,   1830
104000043,  01,   10032021,   1830
104000041,  01,   10032021,   1831
104000343,  01,   10032021,   1831
104000046,  01,   10032021,   1832
104000360,  01,   10032021,   1832
104000112,  01,   10032021,   1833
000000000,  01,   10032021,   1840
103024303,  01,   10032021,   1840
104000095,  03,   10032021,   1845
103024303,  01,   10032021,   1845
104000297,  03,   10032021,   1916
000000000,  02,   10032021,   1924
110001868,  03,   10032021,   1927
104000088,  03,   10032021,   1934
103025489,  03,   10032021,   1937
101002738,  04,   10032021,   1943
000000000,  03,   10032021,   1945
000000000,  03,   10032021,   1957
000000000,  03,   10032021,   2115
101002738,  03,   10032021,   2124
000000000,  03,   11032021,   0038
000000000,  03,   11032021,   0258
000000000,  03,   11032021,   0300
000000000,  03,   11032021,   0335
000000000,  03,   11032021,   0337
000000000,  03,   11032021,   0346
000000000,  03,   11032021,   0348
000000000,  03,   11032021,   0348
000000000,  03,   11032021,   0401
000000000,  03,   11032021,   0405
000000000,  03,   11032021,   0405
000000000,  03,   11032021,   0406
000000000,  03,   11032021,   0406
000000000,  03,   11032021,   0409
000000000,  03,   11032021,   0413
000000000,  03,   11032021,   0415
000000000,  03,   11032021,   0415
000000000,  03,   11032021,   0416
000000000,  03,   11032021,   0416
000000000,  03,   11032021,   0420
000000000,  03,   11032021,   0420
000000000,  03,   11032021,   0424
000000000,  03,   11032021,   0441
000000000,  03,   11032021,   0441
000000000,  03,   11032021,   0509
000000000,  03,   11032021,   0512
000000000,  03,   11032021,   0513
000000000,  03,   11032021,   0513
000000000,  03,   11032021,   0516
000000000,  03,   11032021,   0516
101002738,  04,   11032021,   0743
101002738,  03,   11032021,   0744
000000000,  03,   11032021,   0745
000000000,  03,   11032021,   0745
000000000,  03,   11032021,   0745
103025489,  03,   11032021,   0745
000000000,  03,   11032021,   0746
101002738,  05,   11032021,   0746
000000000,  03,   11032021,   0748
000000000,  03,   11032021,   0748
000000000,  03,   11032021,   0748
000000000,  03,   11032021,   0748
000000000,  03,   11032021,   0748
000000000,  03,   11032021,   0748
000000000,  03,   11032021,   0748
000000000,  03,   11032021,   0751
000000000,  03,   11032021,   0751
000000000,  03,   11032021,   0751
000000000,  03,   11032021,   0751
000000000,  03,   11032021,   0752
000000000,  03,   11032021,   0752
000000000,  03,   11032021,   0752
000000000,  03,   11032021,   0759
000000000,  03,   11032021,   0801
000000000,  02,   11032021,   0811
000000000,  02,   11032021,   0811
103025488,  03,   11032021,   0814
103024303,  03,   11032021,   0825
103024303,  01,   11032021,   0827
107000157,  02,   11032021,   0828
104000088,  03,   11032021,   0838
000000000,  03,   11032021,   0838
000000000,  03,   11032021,   0838
000000000,  03,   11032021,   0839
000000000,  03,   11032021,   0839
000000000,  03,   11032021,   0839
000000000,  03,   11032021,   0839
101001320,  01,   11032021,   0844
000000000,  03,   11032021,   0847
000000000,  03,   11032021,   0848
104000338,  03,   11032021,   0851
104000285,  01,   11032021,   0851
110004004,  01,   11032021,   0851
104000041,  01,   11032021,   0852
104000040,  01,   11032021,   0852
104000338,  05,   11032021,   0852
104000043,  01,   11032021,   0853
000000000,  01,   11032021,   0854
103024303,  01,   11032021,   0854
000000000,  03,   11032021,   0855
104000041,  01,   11032021,   0903
104000099,  03,   11032021,   0915
104000098,  03,   11032021,   0915
104000222,  01,   11032021,   0915
104000358,  01,   11032021,   0915
104000111,  01,   11032021,   0915
104000274,  03,   11032021,   0916
000000000,  05,   11032021,   0917
104000005,  03,   11032021,   0918
104000011,  03,   11032021,   0918
104000343,  01,   11032021,   0918
104000272,  03,   11032021,   0919
104000277,  03,   11032021,   0919
104000349,  01,   11032021,   0919
104000041,  01,   11032021,   0922
110001870,  01,   11032021,   0922
110001870,  01,   11032021,   0922
104000239,  03,   11032021,   0924
110001868,  03,   11032021,   0924
000000000,  03,   11032021,   0932
104000006,  03,   11032021,   0932
104000006,  03,   11032021,   0932
104000244,  03,   11032021,   0932
104000273,  03,   11032021,   0935
000000000,  03,   11032021,   0935
000000000,  03,   11032021,   0935
000000000,  03,   11032021,   0935
000000000,  03,   11032021,   0935
000000000,  03,   11032021,   0935
000000000,  03,   11032021,   0935
000000000,  03,   11032021,   0937
000000000,  03,   11032021,   0939
104000270,  03,   11032021,   0943
104000360,  01,   11032021,   0943
104000048,  01,   11032021,   0943
104000046,  01,   11032021,   0943
104000112,  01,   11032021,   0943
104000334,  01,   11032021,   0943
104000334,  01,   11032021,   0943
104000042,  01,   11032021,   0945
104000042,  01,   11032021,   0945
104000360,  01,   11032021,   0946
101001321,  01,   11032021,   0946
101001321,  01,   11032021,   0946
000000000,  03,   11032021,   0948
000000000,  03,   11032021,   0948
000000000,  03,   11032021,   0948
000000000,  03,   11032021,   0948
000000000,  03,   11032021,   0951
000000000,  03,   11032021,   0951
000000000,  02,   11032021,   0952
104000046,  01,   11032021,   0953
104000046,  01,   11032021,   0953
104000046,  01,   11032021,   0954
104000467,  03,   11032021,   0955
000000000,  01,   11032021,   0957
000000000,  03,   11032021,   0959
104000052,  01,   11032021,   1001
000000000,  01,   11032021,   1004
104000046,  01,   11032021,   1006
106000128,  02,   11032021,   1007
000000000,  03,   11032021,   1008
000000000,  03,   11032021,   1009
000000000,  03,   11032021,   1009
000000000,  03,   11032021,   1009
000000000,  03,   11032021,   1009
000000000,  03,   11032021,   1009
000000000,  03,   11032021,   1009
110003994,  01,   11032021,   1010
000000000,  03,   11032021,   1011
106000128,  02,   11032021,   1011
000000000,  03,   11032021,   1014
000000000,  03,   11032021,   1014
000000000,  01,   11032021,   1017
103024303,  01,   11032021,   1017
000000000,  03,   11032021,   1019
000000000,  03,   11032021,   1019
000000000,  03,   11032021,   1019
000000000,  03,   11032021,   1020
000000000,  03,   11032021,   1020
000000000,  03,   11032021,   1020
000000000,  03,   11032021,   1020
110001870,  04,   11032021,   1020
000000000,  03,   11032021,   1020
000000000,  03,   11032021,   1020
000000000,  03,   11032021,   1020
104000046,  01,   11032021,   1020
110004004,  01,   11032021,   1021
110001870,  01,   11032021,   1021
104000285,  01,   11032021,   1021
000000000,  03,   11032021,   1021
000000000,  03,   11032021,   1021
000000000,  03,   11032021,   1022
000000000,  03,   11032021,   1022
000000000,  03,   11032021,   1022
000000000,  03,   11032021,   1022
000000000,  03,   11032021,   1022
000000000,  03,   11032021,   1022
000000000,  03,   11032021,   1022
000000000,  03,   11032021,   1022
000000000,  03,   11032021,   1022
000000000,  03,   11032021,   1022
000000000,  03,   11032021,   1022
000000000,  03,   11032021,   1022
000000000,  03,   11032021,   1022
000000000,  03,   11032021,   1022
000000000,  03,   11032021,   1022
000000000,  03,   11032021,   1022
000000000,  03,   11032021,   1022
000000000,  03,   11032021,   1022
000000000,  03,   11032021,   1023
000000000,  03,   11032021,   1023
000000000,  03,   11032021,   1023
000000000,  03,   11032021,   1023
000000000,  03,   11032021,   1023
000000000,  03,   11032021,   1023
000000000,  03,   11032021,   1023
000000000,  03,   11032021,   1023
000000000,  03,   11032021,   1023
000000000,  03,   11032021,   1023
000000000,  03,   11032021,   1023
000000000,  03,   11032021,   1023
000000000,  03,   11032021,   1023
000000000,  03,   11032021,   1023
000000000,  03,   11032021,   1023
000000000,  03,   11032021,   1023
000000000,  03,   11032021,   1023
000000000,  03,   11032021,   1024
000000000,  03,   11032021,   1024
000000000,  03,   11032021,   1024
110004004,  04,   11032021,   1024
000000000,  03,   11032021,   1025
000000000,  03,   11032021,   1025
000000000,  03,   11032021,   1025
000000000,  03,   11032021,   1026
000000000,  03,   11032021,   1026
000000000,  03,   11032021,   1026
000000000,  03,   11032021,   1027
000000000,  03,   11032021,   1027
000000000,  03,   11032021,   1027
000000000,  03,   11032021,   1027
000000000,  03,   11032021,   1027
110001870,  01,   11032021,   1028
110004004,  01,   11032021,   1028
000000000,  03,   11032021,   1028
000000000,  03,   11032021,   1028
000000000,  03,   11032021,   1028
000000000,  03,   11032021,   1028
000000000,  03,   11032021,   1028
000000000,  03,   11032021,   1028
000000000,  03,   11032021,   1028
000000000,  03,   11032021,   1028
000000000,  03,   11032021,   1028
000000000,  03,   11032021,   1029
000000000,  03,   11032021,   1029
000000000,  03,   11032021,   1029
000000000,  03,   11032021,   1029
000000000,  03,   11032021,   1029
000000000,  03,   11032021,   1029
103024303,  04,   11032021,   1034
000000000,  03,   11032021,   1036
000000000,  03,   11032021,   1036
104000343,  01,   11032021,   1037
103024303,  01,   11032021,   1037
110001870,  01,   11032021,   1039
000000000,  03,   11032021,   1040
000000000,  01,   11032021,   1046
104000237,  03,   11032021,   1052
104000237,  04,   11032021,   1053
101001320,  01,   11032021,   1054
104000237,  01,   11032021,   1056
104000040,  01,   11032021,   1057
000000000,  03,   11032021,   1057
000000000,  03,   11032021,   1057
000000000,  03,   11032021,   1058
104000285,  01,   11032021,   1059
104000046,  01,   11032021,   1059
000000000,  03,   11032021,   1101
104000467,  03,   11032021,   1101
000000000,  03,   11032021,   1101
000000000,  03,   11032021,   1101
000000000,  03,   11032021,   1102
000000000,  03,   11032021,   1103
104000297,  03,   11032021,   1104
000000000,  03,   11032021,   1104
000000000,  03,   11032021,   1104
104000006,  04,   11032021,   1104
106000128,  02,   11032021,   1105
000000000,  03,   11032021,   1106
000000000,  03,   11032021,   1106
000000000,  03,   11032021,   1106
000000000,  03,   11032021,   1106
000000000,  03,   11032021,   1106
000000000,  03,   11032021,   1107
000000000,  03,   11032021,   1107
106000128,  02,   11032021,   1107
000000000,  03,   11032021,   1109
106000128,  02,   11032021,   1109
104000237,  04,   11032021,   1109
000000000,  03,   11032021,   1109
000000000,  03,   11032021,   1110
106000128,  02,   11032021,   1110
000000000,  03,   11032021,   1110
000000000,  03,   11032021,   1110
104000237,  01,   11032021,   1110
000000000,  03,   11032021,   1111
000000000,  03,   11032021,   1111
000000000,  03,   11032021,   1111
000000000,  03,   11032021,   1111
000000000,  03,   11032021,   1111
000000000,  03,   11032021,   1112
000000000,  03,   11032021,   1112
000000000,  03,   11032021,   1112
000000000,  03,   11032021,   1112
000000000,  03,   11032021,   1112
000000000,  03,   11032021,   1112
000000000,  03,   11032021,   1112
104000006,  04,   11032021,   1112
000000000,  03,   11032021,   1113
000000000,  03,   11032021,   1113
000000000,  03,   11032021,   1113
000000000,  03,   11032021,   1113
000000000,  03,   11032021,   1113
000000000,  03,   11032021,   1113
000000000,  03,   11032021,   1113
000000000,  03,   11032021,   1113
000000000,  03,   11032021,   1113
000000000,  03,   11032021,   1113
000000000,  03,   11032021,   1114
000000000,  01,   11032021,   1114
000000000,  03,   11032021,   1115
101001321,  01,   11032021,   1115
000000000,  03,   11032021,   1115
000000000,  03,   11032021,   1115
000000000,  03,   11032021,   1115
000000000,  03,   11032021,   1115
000000000,  03,   11032021,   1116
000000000,  03,   11032021,   1116
000000000,  03,   11032021,   1117
000000000,  03,   11032021,   1118
000000000,  03,   11032021,   1118
000000000,  03,   11032021,   1118
000000000,  03,   11032021,   1118
000000000,  03,   11032021,   1118
000000000,  03,   11032021,   1118
101001321,  04,   11032021,   1119
000000000,  01,   11032021,   1119
000000000,  03,   11032021,   1120
000000000,  03,   11032021,   1120
000000000,  03,   11032021,   1120
104000040,  01,   11032021,   1120
103024303,  02,   11032021,   1120
000000000,  01,   11032021,   1121
000000000,  03,   11032021,   1121
000000000,  03,   11032021,   1121
103024303,  02,   11032021,   1121
000000000,  03,   11032021,   1121
000000000,  03,   11032021,   1121
000000000,  03,   11032021,   1122
104000042,  01,   11032021,   1122
000000000,  03,   11032021,   1122
000000000,  03,   11032021,   1122
000000000,  03,   11032021,   1122
000000000,  03,   11032021,   1122
000000000,  03,   11032021,   1122
000000000,  03,   11032021,   1122
000000000,  03,   11032021,   1123
000000000,  03,   11032021,   1123
000000000,  03,   11032021,   1123
103024303,  01,   11032021,   1123
104000467,  03,   11032021,   1123
000000000,  03,   11032021,   1124
000000000,  03,   11032021,   1124
000000000,  01,   11032021,   1125
000000000,  03,   11032021,   1125
000000000,  03,   11032021,   1125
000000000,  03,   11032021,   1125
000000000,  03,   11032021,   1126
000000000,  03,   11032021,   1126
000000000,  03,   11032021,   1126
000000000,  03,   11032021,   1126
000000000,  03,   11032021,   1127
000000000,  03,   11032021,   1127
105000306,  02,   11032021,   1127
105000306,  02,   11032021,   1127
104000222,  01,   11032021,   1128
000000000,  03,   11032021,   1129
000000000,  03,   11032021,   1129
000000000,  03,   11032021,   1129
000000000,  03,   11032021,   1129
000000000,  03,   11032021,   1129
000000000,  03,   11032021,   1129
000000000,  03,   11032021,   1130
000000000,  03,   11032021,   1130
000000000,  03,   11032021,   1130
000000000,  03,   11032021,   1130
000000000,  03,   11032021,   1130
000000000,  03,   11032021,   1130
000000000,  03,   11032021,   1130
000000000,  03,   11032021,   1130
000000000,  03,   11032021,   1130
000000000,  03,   11032021,   1130
000000000,  03,   11032021,   1130
000000000,  03,   11032021,   1131
000000000,  03,   11032021,   1131
000000000,  03,   11032021,   1131
000000000,  03,   11032021,   1131
000000000,  03,   11032021,   1131
000000000,  03,   11032021,   1131
000000000,  03,   11032021,   1131
000000000,  03,   11032021,   1131
000000000,  03,   11032021,   1131
000000000,  03,   11032021,   1133
000000000,  03,   11032021,   1133
000000000,  03,   11032021,   1133
000000000,  03,   11032021,   1133
000000000,  03,   11032021,   1133
000000000,  03,   11032021,   1133
000000000,  03,   11032021,   1133
000000000,  03,   11032021,   1133
000000000,  03,   11032021,   1133
101002738,  04,   11032021,   1133
000000000,  03,   11032021,   1133
000000000,  03,   11032021,   1134
000000000,  03,   11032021,   1134
000000000,  03,   11032021,   1134
000000000,  03,   11032021,   1134
000000000,  03,   11032021,   1134
000000000,  03,   11032021,   1134
000000000,  03,   11032021,   1134
000000000,  03,   11032021,   1134
000000000,  03,   11032021,   1134
000000000,  03,   11032021,   1135
000000000,  03,   11032021,   1135
105000306,  02,   11032021,   1135
101002738,  01,   11032021,   1136
000000000,  03,   11032021,   1138
000000000,  03,   11032021,   1139
000000000,  03,   11032021,   1139
000000000,  03,   11032021,   1139
000000000,  03,   11032021,   1140
000000000,  03,   11032021,   1140
000000000,  03,   11032021,   1140
000000000,  03,   11032021,   1140
000000000,  03,   11032021,   1140
000000000,  03,   11032021,   1140
000000000,  03,   11032021,   1140
000000000,  03,   11032021,   1140
000000000,  03,   11032021,   1140
000000000,  03,   11032021,   1140
000000000,  03,   11032021,   1140
000000000,  03,   11032021,   1140
101002738,  04,   11032021,   1141
101002738,  01,   11032021,   1142
000000000,  03,   11032021,   1143
000000000,  03,   11032021,   1144
000000000,  03,   11032021,   1144
000000000,  03,   11032021,   1144
000000000,  03,   11032021,   1144
000000000,  03,   11032021,   1144
000000000,  03,   11032021,   1144
000000000,  03,   11032021,   1144
000000000,  03,   11032021,   1144
000000000,  03,   11032021,   1144
000000000,  03,   11032021,   1144
000000000,  03,   11032021,   1144
110004004,  01,   11032021,   1153
104000095,  03,   11032021,   1154
000000000,  03,   11032021,   1156
000000000,  03,   11032021,   1157
000000000,  03,   11032021,   1158
000000000,  03,   11032021,   1158
000000000,  03,   11032021,   1158
000000000,  03,   11032021,   1158
000000000,  01,   11032021,   1205
103024303,  02,   11032021,   1207
103024303,  04,   11032021,   1207
103024303,  02,   11032021,   1207
103024303,  04,   11032021,   1208
104000008,  03,   11032021,   1210
103024303,  01,   11032021,   1210
000000000,  02,   11032021,   1211
105000021,  02,   11032021,   1213
104000465,  03,   11032021,   1213
105000021,  02,   11032021,   1217
000000000,  03,   11032021,   1217
000000000,  03,   11032021,   1217
106000128,  02,   11032021,   1223
103025489,  01,   11032021,   1223
103025489,  04,   11032021,   1224
000000000,  01,   11032021,   1225
106000128,  02,   11032021,   1226
110003994,  01,   11032021,   1229
104000008,  03,   11032021,   1229
000000000,  03,   11032021,   1230
000000000,  03,   11032021,   1230
000000000,  02,   11032021,   1230
000001809,  01,   11032021,   1230
106000008,  04,   11032021,   1231
106000008,  02,   11032021,   1232
000000000,  02,   11032021,   1237
000001809,  01,   11032021,   1241
106000128,  02,   11032021,   1242
000001809,  04,   11032021,   1243
000001809,  04,   11032021,   1244
106000128,  02,   11032021,   1245
000000000,  01,   11032021,   1246
000001809,  01,   11032021,   1247
104000343,  01,   11032021,   1251
000000000,  03,   11032021,   1257
104000048,  01,   11032021,   1258
000000000,  02,   11032021,   1301
000000000,  04,   11032021,   1301
000000000,  03,   11032021,   1307
101001320,  01,   11032021,   1309
000000000,  01,   11032021,   1311
105000264,  02,   11032021,   1311
105000264,  04,   11032021,   1311
103024303,  02,   11032021,   1313
000000000,  02,   11032021,   1314
103024303,  04,   11032021,   1314
103024303,  02,   11032021,   1314
103024303,  04,   11032021,   1315
103024303,  01,   11032021,   1317
000000000,  02,   11032021,   1320
000000000,  02,   11032021,   1320
104000467,  03,   11032021,   1322
104000006,  04,   11032021,   1326
000000000,  03,   11032021,   1326
000000000,  03,   11032021,   1332
104000006,  04,   11032021,   1332
000000000,  03,   11032021,   1332
000000000,  03,   11032021,   1332
110001870,  01,   11032021,   1332
110001870,  01,   11032021,   1332
104000008,  03,   11032021,   1335
000001809,  01,   11032021,   1344
105000021,  02,   11032021,   1347
103024303,  01,   11032021,   1353
105000021,  02,   11032021,   1355
105000021,  02,   11032021,   1356
105000021,  02,   11032021,   1357
000000000,  01,   11032021,   1408
000000000,  01,   11032021,   1408
104000043,  01,   11032021,   1410
000000000,  01,   11032021,   1411
000000000,  01,   11032021,   1413
104000343,  01,   11032021,   1422
104000465,  03,   11032021,   1425
103024303,  01,   11032021,   1429
104000467,  03,   11032021,   1432
104000040,  01,   11032021,   1432
000000000,  03,   11032021,   1433
000000000,  03,   11032021,   1433
000000000,  03,   11032021,   1433
000001809,  04,   11032021,   1437
106000128,  02,   11032021,   1440
000001809,  01,   11032021,   1443
106000128,  02,   11032021,   1443
000001809,  01,   11032021,   1445
104000046,  01,   11032021,   1458
104000358,  01,   11032021,   1459
110001870,  01,   11032021,   1504
104000006,  04,   11032021,   1506
000000000,  01,   11032021,   1511
104000006,  04,   11032021,   1513
000000000,  01,   11032021,   1516
103024303,  01,   11032021,   1517
104000360,  01,   11032021,   1521
104000358,  01,   11032021,   1528
104000360,  01,   11032021,   1534
000000000,  01,   11032021,   1535
101002738,  02,   11032021,   1536
101002738,  04,   11032021,   1536
104000467,  03,   11032021,   1537
103025488,  04,   11032021,   1541
000000000,  03,   11032021,   1542
000000000,  02,   11032021,   1543
000000000,  02,   11032021,   1543
000000000,  01,   11032021,   1545
101001321,  01,   11032021,   1548
106000128,  02,   11032021,   1553
106000128,  02,   11032021,   1553
000000000,  01,   11032021,   1555
106000128,  02,   11032021,   1557
000000000,  01,   11032021,   1558
104000338,  03,   11032021,   1558
106000128,  02,   11032021,   1558
105000021,  02,   11032021,   1559
105000021,  02,   11032021,   1602
000000000,  01,   11032021,   1602
000000000,  01,   11032021,   1603
000000000,  01,   11032021,   1604
107000197,  02,   11032021,   1613
000000000,  01,   11032021,   1613
107000197,  02,   11032021,   1622
104000006,  04,   11032021,   1631
000000000,  02,   11032021,   1632
000000000,  02,   11032021,   1632
104000041,  01,   11032021,   1635
104000006,  04,   11032021,   1636
104000338,  03,   11032021,   1639
000000000,  04,   11032021,   1640
000000000,  04,   11032021,   1641
000000000,  01,   11032021,   1641
000000000,  01,   11032021,   1642
101001320,  01,   11032021,   1642
104000041,  01,   11032021,   1644
104000222,  01,   11032021,   1644
000000000,  02,   11032021,   1645
107000157,  04,   11032021,   1645
000000000,  04,   11032021,   1645
000000000,  01,   11032021,   1647
104000222,  01,   11032021,   1648
104000349,  01,   11032021,   1648
107000157,  04,   11032021,   1652
107000157,  02,   11032021,   1653
000000000,  03,   11032021,   1658
000000000,  03,   11032021,   1701
000000000,  03,   11032021,   1701
104000334,  01,   11032021,   1704
107000197,  04,   11032021,   1709
107000197,  02,   11032021,   1709
000000000,  01,   11032021,   1713
000000000,  02,   11032021,   1741
103024303,  01,   11032021,   1756
104000273,  03,   11032021,   1812
000000000,  01,   11032021,   1814
104000343,  01,   11032021,   1814
104000338,  03,   11032021,   1818
104000006,  03,   11032021,   1822
104000358,  01,   11032021,   1825
104000111,  01,   11032021,   1826
000000000,  02,   11032021,   1826
104000272,  03,   11032021,   1828
104000285,  01,   11032021,   1828
104000041,  01,   11032021,   1828
104000099,  03,   11032021,   1828
104000237,  03,   11032021,   1829
104000270,  03,   11032021,   1829
104000008,  03,   11032021,   1829
104000004,  03,   11032021,   1829
104000360,  01,   11032021,   1829
104000277,  03,   11032021,   1830
104000112,  01,   11032021,   1830
104000244,  03,   11032021,   1831
104000239,  03,   11032021,   1831
104000011,  03,   11032021,   1831
110001868,  03,   11032021,   1832
104000005,  03,   11032021,   1833
103025488,  03,   11032021,   1840
103025488,  03,   11032021,   1842
103025488,  03,   11032021,   1842
104000274,  03,   11032021,   1842
103024303,  01,   11032021,   1847
104000088,  03,   11032021,   1851
103024303,  03,   11032021,   1851
000000000,  03,   11032021,   1851
000000000,  03,   11032021,   1851
000000000,  03,   11032021,   1851
000000000,  03,   11032021,   1851
000000000,  03,   11032021,   1851
000000000,  03,   11032021,   1851
000000000,  03,   11032021,   1855
000000000,  03,   11032021,   1856
000000000,  03,   11032021,   1857
000000000,  03,   11032021,   1909
000000000,  05,   11032021,   1912
000000000,  05,   11032021,   1917
000000000,  05,   11032021,   1920
000000000,  05,   11032021,   1924
000000000,  05,   11032021,   1925
000000000,  03,   11032021,   1931
000000000,  03,   11032021,   1931
104000297,  03,   11032021,   1944
103025489,  03,   11032021,   1948
000000000,  03,   11032021,   1954
000000000,  03,   11032021,   1955
000000000,  03,   11032021,   1955
000000000,  03,   11032021,   1955
000000000,  03,   11032021,   1955
000000000,  03,   11032021,   2014
000000000,  03,   11032021,   2015
000000000,  03,   11032021,   2015
000000000,  03,   11032021,   2015
000000000,  03,   11032021,   2015
000000000,  03,   11032021,   2015
000000000,  03,   11032021,   2015
000000000,  02,   11032021,   2016
000000000,  03,   11032021,   2016
000000000,  03,   11032021,   2016
000000000,  03,   11032021,   2016
000000000,  03,   11032021,   2016
000000000,  03,   11032021,   2016
000000000,  03,   11032021,   2016
000000000,  03,   11032021,   2016
000000000,  03,   11032021,   2017
000000000,  03,   11032021,   2017
000000000,  03,   11032021,   2017
000000000,  03,   11032021,   2017
000000000,  03,   11032021,   2017
000000000,  03,   11032021,   2017
000000000,  03,   11032021,   2018
000000000,  03,   11032021,   2019
000000000,  03,   11032021,   2019
000000000,  03,   11032021,   2019
000000000,  03,   11032021,   2019
000000000,  03,   11032021,   2019
000000000,  03,   11032021,   2019
000000000,  03,   11032021,   2021
000000000,  03,   11032021,   2023
000000000,  03,   11032021,   2023
000000000,  03,   11032021,   2023
000000000,  03,   11032021,   2023
000000000,  03,   11032021,   2023
000000000,  03,   11032021,   2023
000000000,  03,   11032021,   2023
000000000,  03,   11032021,   2025
000000000,  03,   11032021,   2027
000000000,  03,   11032021,   2029
000000000,  02,   11032021,   2030
000000000,  03,   11032021,   2033
000000000,  03,   11032021,   2035
000000000,  03,   11032021,   2035
000000000,  03,   11032021,   2035
000000000,  03,   11032021,   2035
000000000,  03,   11032021,   2036
000000000,  03,   11032021,   2036
000000000,  03,   11032021,   2038
000000000,  03,   11032021,   2038
000000000,  03,   11032021,   2038
000000000,  03,   11032021,   2041
000000000,  03,   11032021,   2041
000000000,  03,   11032021,   2042
000000000,  03,   11032021,   2042
000000000,  03,   11032021,   2042
101002738,  04,   11032021,   2043
000000000,  03,   11032021,   2043
000000000,  03,   11032021,   2043
000000000,  03,   11032021,   2044
000000000,  03,   11032021,   2044
000000000,  03,   11032021,   2044
000000000,  03,   11032021,   2044
000000000,  03,   11032021,   2044
000000000,  03,   11032021,   2046
104000095,  03,   11032021,   2046
101002738,  03,   11032021,   2050
000000000,  03,   11032021,   2101
000000000,  03,   11032021,   2101
000000000,  03,   11032021,   2101
000000000,  03,   11032021,   2102
000000000,  03,   11032021,   2102
000000000,  03,   11032021,   2102
000000000,  03,   11032021,   2102
000000000,  03,   11032021,   2102
000000000,  03,   11032021,   2103
000000000,  03,   11032021,   2108
000000000,  03,   11032021,   2109
000000000,  03,   11032021,   2109
000000000,  03,   11032021,   2109
000000000,  03,   11032021,   2109
000000000,  03,   11032021,   2110
000000000,  03,   11032021,   2110
000000000,  03,   11032021,   2110
000000000,  03,   11032021,   2110
000000000,  03,   11032021,   2110
000000000,  03,   11032021,   2110
000000000,  03,   11032021,   2117
000000000,  03,   11032021,   2117
000000000,  03,   11032021,   2118
000000000,  03,   11032021,   2119
000000000,  03,   11032021,   2119
000000000,  03,   11032021,   2119
000000000,  03,   11032021,   2120
000000000,  03,   11032021,   2120
000000000,  03,   11032021,   2122
000000000,  03,   11032021,   2122
000000000,  03,   11032021,   2123
000000000,  03,   11032021,   2124
000000000,  03,   11032021,   2124
000000000,  03,   11032021,   2133
000000000,  03,   11032021,   2133
000000000,  03,   11032021,   2134
000000000,  03,   11032021,   2135
000000000,  03,   11032021,   2135
000000000,  03,   11032021,   2138
000000000,  03,   11032021,   2140
000000000,  03,   11032021,   2140
000000000,  03,   11032021,   2140
000000000,  03,   11032021,   2140
000000000,  03,   11032021,   2140
000000000,  03,   11032021,   2140
000000000,  03,   11032021,   2140
000000000,  03,   11032021,   2141
000000000,  03,   11032021,   2141
000000000,  03,   11032021,   2142
000000000,  03,   11032021,   2142
000000000,  03,   11032021,   2143
000000000,  03,   11032021,   2143
000000000,  03,   11032021,   2143
000000000,  03,   11032021,   2144
000000000,  03,   11032021,   2145
000000000,  03,   11032021,   2145
000000000,  03,   11032021,   2146
000000000,  03,   11032021,   2149
000000000,  03,   11032021,   2149
000000000,  03,   11032021,   2149
000000000,  03,   11032021,   2150
000000000,  03,   11032021,   2150
000000000,  03,   11032021,   2151
000000000,  03,   11032021,   2151
000000000,  03,   11032021,   2151
000000000,  03,   11032021,   2151
000000000,  03,   11032021,   2151
000000000,  03,   11032021,   2159
000000000,  03,   11032021,   2201
000000000,  03,   11032021,   2223
000000000,  03,   11032021,   2230
000000000,  03,   11032021,   2232
000000000,  03,   11032021,   2233
000000000,  03,   11032021,   2242
000000000,  03,   11032021,   2243
000000000,  03,   11032021,   2248
000000000,  03,   11032021,   2248
000000000,  03,   11032021,   2249
000000000,  03,   11032021,   2249
000000000,  03,   11032021,   2258
000000000,  03,   11032021,   2258
000000000,  03,   11032021,   2258
000000000,  03,   11032021,   2258
000000000,  03,   11032021,   2259
000000000,  03,   11032021,   2303
000000000,  03,   11032021,   2329
000000000,  03,   11032021,   2331
000000000,  03,   11032021,   2331
000000000,  03,   11032021,   2331
000000000,  03,   11032021,   2332
000000000,  03,   11032021,   2332
000000000,  03,   11032021,   2333
000000000,  03,   11032021,   2333
000000000,  03,   11032021,   2334
000000000,  03,   11032021,   2335
000000000,  03,   11032021,   2336
000000000,  03,   11032021,   2336
000000000,  03,   11032021,   2338
000000000,  03,   11032021,   2338
000000000,  03,   11032021,   2338
000000000,  03,   11032021,   2341
000000000,  03,   11032021,   2354
000000000,  03,   12032021,   0014
000000000,  03,   12032021,   0019
000000000,  03,   12032021,   0020
000000000,  03,   12032021,   0026
000000000,  03,   12032021,   0028
000000000,  03,   12032021,   0039
000000000,  03,   12032021,   0040
000000000,  03,   12032021,   0040
000000000,  03,   12032021,   0040
000000000,  03,   12032021,   0040
000000000,  03,   12032021,   0040
000000000,  03,   12032021,   0041
000000000,  03,   12032021,   0041
000000000,  03,   12032021,   0044
000000000,  03,   12032021,   0044
000000000,  03,   12032021,   0044
000000000,  03,   12032021,   0054
000000000,  03,   12032021,   0055
000000000,  03,   12032021,   0055
000000000,  03,   12032021,   0056
000000000,  03,   12032021,   0056
000000000,  03,   12032021,   0056
000000000,  03,   12032021,   0056
000000000,  03,   12032021,   0056
000000000,  03,   12032021,   0057
000000000,  03,   12032021,   0057
000000000,  03,   12032021,   0107
000000000,  03,   12032021,   0145
000000000,  03,   12032021,   0146
000000000,  03,   12032021,   0156
000000000,  03,   12032021,   0210
000000000,  03,   12032021,   0212
000000000,  03,   12032021,   0212
000000000,  03,   12032021,   0212
000000000,  03,   12032021,   0212
000000000,  03,   12032021,   0212
000000000,  03,   12032021,   0212
000000000,  03,   12032021,   0231
000000000,  03,   12032021,   0232
000000000,  03,   12032021,   0234
000000000,  03,   12032021,   0235
000000000,  03,   12032021,   0237
000000000,  03,   12032021,   0237
000000000,  03,   12032021,   0237
000000000,  03,   12032021,   0237
000000000,  03,   12032021,   0237
000000000,  03,   12032021,   0238
000000000,  03,   12032021,   0239
000000000,  03,   12032021,   0242
000000000,  03,   12032021,   0244
000000000,  03,   12032021,   0244
000000000,  03,   12032021,   0244
000000000,  03,   12032021,   0245
000000000,  03,   12032021,   0245
000000000,  03,   12032021,   0246
000000000,  03,   12032021,   0246
000000000,  03,   12032021,   0252
000000000,  03,   12032021,   0257
000000000,  03,   12032021,   0258
000000000,  03,   12032021,   0300
000000000,  03,   12032021,   0301
000000000,  03,   12032021,   0301
000000000,  03,   12032021,   0301
000000000,  03,   12032021,   0301
000000000,  03,   12032021,   0301
000000000,  03,   12032021,   0301
000000000,  03,   12032021,   0310
000000000,  03,   12032021,   0310
000000000,  03,   12032021,   0313
000000000,  03,   12032021,   0320
000000000,  03,   12032021,   0320
000000000,  03,   12032021,   0321
000000000,  03,   12032021,   0321
000000000,  03,   12032021,   0321
000000000,  03,   12032021,   0330
000000000,  03,   12032021,   0330
000000000,  03,   12032021,   0330
000000000,  03,   12032021,   0330
000000000,  03,   12032021,   0330
000000000,  03,   12032021,   0330
000000000,  03,   12032021,   0330
000000000,  03,   12032021,   0330
000000000,  03,   12032021,   0330
000000000,  03,   12032021,   0331
000000000,  03,   12032021,   0331
000000000,  03,   12032021,   0331
000000000,  03,   12032021,   0331
000000000,  03,   12032021,   0331
000000000,  03,   12032021,   0331
000000000,  03,   12032021,   0331
000000000,  03,   12032021,   0331
000000000,  03,   12032021,   0331
000000000,  03,   12032021,   0334
000000000,  03,   12032021,   0336
000000000,  03,   12032021,   0337
000000000,  03,   12032021,   0342
000000000,  03,   12032021,   0349
000000000,  03,   12032021,   0353
000000000,  03,   12032021,   0404
000000000,  03,   12032021,   0412
000000000,  03,   12032021,   0421
000000000,  03,   12032021,   0448
000000000,  03,   12032021,   0450
000000000,  03,   12032021,   0454
000000000,  03,   12032021,   0501
000000000,  03,   12032021,   0502
000000000,  03,   12032021,   0502
000000000,  03,   12032021,   0503
000000000,  03,   12032021,   0503
000000000,  03,   12032021,   0503
000000000,  03,   12032021,   0503
000000000,  03,   12032021,   0504
000000000,  03,   12032021,   0504
000000000,  03,   12032021,   0504
000000000,  03,   12032021,   0504
000000000,  03,   12032021,   0504
000000000,  03,   12032021,   0518
000000000,  03,   12032021,   0519
000000000,  03,   12032021,   0523
000000000,  03,   12032021,   0523
000000000,  03,   12032021,   0523
000000000,  03,   12032021,   0523
000000000,  03,   12032021,   0524
000000000,  03,   12032021,   0526
000000000,  03,   12032021,   0526
000000000,  03,   12032021,   0526
000000000,  03,   12032021,   0526
000000000,  03,   12032021,   0526
000000000,  03,   12032021,   0527
000000000,  03,   12032021,   0527
000000000,  03,   12032021,   0529
000000000,  03,   12032021,   0530
000000000,  03,   12032021,   0530
000000000,  03,   12032021,   0531
000000000,  03,   12032021,   0531
000000000,  03,   12032021,   0532
000000000,  03,   12032021,   0532
000000000,  03,   12032021,   0532
000000000,  03,   12032021,   0550
000000000,  03,   12032021,   0552
000000000,  03,   12032021,   0552
000000000,  03,   12032021,   0553
000000000,  03,   12032021,   0553
000000000,  03,   12032021,   0553
000000000,  03,   12032021,   0553
000000000,  03,   12032021,   0554
000000000,  03,   12032021,   0556
000000000,  03,   12032021,   0604
000000000,  03,   12032021,   0622
000000000,  03,   12032021,   0622
000000000,  03,   12032021,   0629
000000000,  03,   12032021,   0629
000000000,  03,   12032021,   0632
000000000,  03,   12032021,   0632
000000000,  03,   12032021,   0632
000000000,  03,   12032021,   0632
000000000,  03,   12032021,   0633
000000000,  03,   12032021,   0633
000000000,  03,   12032021,   0642
000000000,  03,   12032021,   0648
000000000,  03,   12032021,   0700
000000000,  03,   12032021,   0705
000000000,  03,   12032021,   0711
000000000,  03,   12032021,   0711
000000000,  03,   12032021,   0716
000000000,  03,   12032021,   0718
000000000,  03,   12032021,   0722
000000000,  03,   12032021,   0858
000000000,  03,   12032021,   0858
000000000,  03,   12032021,   0928
000000000,  03,   12032021,   0928
000000000,  03,   12032021,   0952
000000000,  03,   12032021,   0956
000000000,  03,   12032021,   0956
000000000,  03,   12032021,   0957
000000000,  03,   12032021,   1002
000000000,  03,   12032021,   1013
000000000,  03,   12032021,   1014
000000000,  03,   12032021,   1015
000000000,  03,   12032021,   1015
000000000,  03,   12032021,   1015
000000000,  03,   12032021,   1016
000000000,  03,   12032021,   1026
000000000,  03,   12032021,   1027
000000000,  03,   12032021,   1028
000000000,  03,   12032021,   1028
000000000,  03,   12032021,   1029
000000000,  03,   12032021,   1030
000000000,  03,   12032021,   1031
000000000,  03,   12032021,   1057
000000000,  03,   12032021,   1217
000000000,  03,   12032021,   1217
000000000,  03,   12032021,   1217
000000000,  03,   12032021,   1218
000000000,  03,   12032021,   1218
000000000,  03,   12032021,   1218
000000000,  03,   12032021,   1218
000000000,  03,   12032021,   1219
000000000,  03,   12032021,   1219
000000000,  03,   12032021,   1219
000000000,  03,   12032021,   1219
000000000,  03,   12032021,   1219
000000000,  03,   12032021,   1219
000000000,  03,   12032021,   1220
000000000,  03,   12032021,   1220
000000000,  03,   12032021,   1228
000000000,  03,   12032021,   1232
000000000,  03,   12032021,   1233
000000000,  03,   12032021,   1241
000000000,  03,   12032021,   1255
000000000,  03,   12032021,   1310
000000000,  03,   12032021,   1311
000000000,  03,   12032021,   1312
000000000,  03,   12032021,   1313
000000000,  03,   12032021,   1315
000000000,  03,   12032021,   1321
000000000,  03,   12032021,   1338
000000000,  03,   12032021,   1338
000000000,  03,   12032021,   1339
000000000,  03,   12032021,   1339
000000000,  03,   12032021,   1340
000000000,  03,   12032021,   1341
000000000,  03,   12032021,   1342
000000000,  03,   12032021,   1343
000000000,  03,   12032021,   1345
000000000,  03,   12032021,   1352
000000000,  03,   12032021,   1425
000000000,  03,   12032021,   1432
000000000,  03,   12032021,   1432
000000000,  03,   12032021,   1442
000000000,  03,   12032021,   1445
000000000,  03,   12032021,   1451
000000000,  03,   12032021,   1452
000000000,  05,   12032021,   1457
000000000,  05,   12032021,   1458
000000000,  05,   12032021,   1645
000000000,  05,   12032021,   1645
000000000,  05,   12032021,   1645
000000000,  03,   12032021,   1652
000000000,  03,   12032021,   1703
000000000,  03,   12032021,   1704
000000000,  03,   12032021,   1705
000000000,  03,   12032021,   1705
000000000,  03,   12032021,   1705
000000000,  03,   12032021,   1706
000000000,  03,   12032021,   1707
000000000,  03,   12032021,   1707
000000000,  03,   12032021,   1709
000000000,  03,   12032021,   1710
000000000,  03,   12032021,   1712
000000000,  03,   12032021,   1714
000000000,  03,   12032021,   1716
000000000,  03,   12032021,   1720
000000000,  03,   12032021,   1721
000000000,  03,   12032021,   1724
000000000,  03,   12032021,   1725
000000000,  05,   12032021,   1727
000000000,  05,   12032021,   1735
000000000,  05,   12032021,   1736
000000000,  05,   12032021,   1757
000000000,  05,   12032021,   1758
000000000,  05,   12032021,   1758
000000000,  05,   12032021,   1758
000000000,  05,   12032021,   1758
000000000,  05,   12032021,   1758
000000000,  05,   12032021,   1758
000000000,  05,   12032021,   1758
000000000,  05,   12032021,   1758
000000000,  05,   12032021,   1759
000000000,  05,   12032021,   1800
101002738,  04,   13032021,   0742
101002738,  03,   13032021,   0742
103025489,  03,   13032021,   0743
101002738,  05,   13032021,   0746
000000000,  03,   13032021,   0754
000000000,  03,   13032021,   0808
103025488,  03,   13032021,   0812
000000000,  02,   13032021,   0815
103024303,  03,   13032021,   0820
103024303,  01,   13032021,   0822
107000157,  02,   13032021,   0824
104000088,  03,   13032021,   0839
104000338,  03,   13032021,   0854
104000041,  01,   13032021,   0854
104000285,  01,   13032021,   0854
104000043,  01,   13032021,   0854
104000338,  05,   13032021,   0854
000000000,  01,   13032021,   0855
000000000,  03,   13032021,   0904
104000270,  03,   13032021,   0905
104000046,  01,   13032021,   0905
104000047,  01,   13032021,   0905
104000334,  01,   13032021,   0905
104000360,  01,   13032021,   0905
104000112,  01,   13032021,   0905
110001868,  03,   13032021,   0914
000000000,  01,   13032021,   0914
104000239,  03,   13032021,   0914
104000343,  01,   13032021,   0914
110001870,  01,   13032021,   0918
110001870,  01,   13032021,   0918
104000272,  03,   13032021,   0919
104000277,  03,   13032021,   0919
000000000,  03,   13032021,   0919
104000005,  03,   13032021,   0919
104000004,  05,   13032021,   0920
104000011,  03,   13032021,   0920
104000005,  05,   13032021,   0920
104000222,  01,   13032021,   0921
104000349,  01,   13032021,   0921
104000349,  01,   13032021,   0921
104000237,  03,   13032021,   0924
104000098,  03,   13032021,   0924
104000099,  03,   13032021,   0924
104000111,  01,   13032021,   0925
107000231,  03,   13032021,   0925
104000273,  03,   13032021,   0925
000000000,  03,   13032021,   0925
103024303,  01,   13032021,   0929
103025488,  01,   13032021,   0939
000000000,  01,   13032021,   0941
000000000,  01,   13032021,   0943
103024303,  04,   13032021,   0946
000000000,  01,   13032021,   0947
104000046,  01,   13032021,   0948
103024303,  04,   13032021,   0950
103024303,  01,   13032021,   0955
000000000,  01,   13032021,   0957
101001320,  01,   13032021,   1004
000000000,  02,   13032021,   1006
104000042,  01,   13032021,   1007
104000052,  01,   13032021,   1010
110003994,  01,   13032021,   1010
104000467,  03,   13032021,   1015
000000000,  01,   13032021,   1020
107000231,  04,   13032021,   1028
000001802,  01,   13032021,   1029
106000008,  02,   13032021,   1031
103025488,  04,   13032021,   1032
000000000,  01,   13032021,   1033
107000231,  04,   13032021,   1034
103025488,  01,   13032021,   1035
106000008,  02,   13032021,   1035
000001802,  04,   13032021,   1044
000000000,  01,   13032021,   1045
107000197,  02,   13032021,   1050
104000009,  03,   13032021,   1050
107000197,  04,   13032021,   1050
000000000,  03,   13032021,   1050
000000000,  01,   13032021,   1050
104000358,  01,   13032021,   1051
000000000,  03,   13032021,   1052
101002737,  02,   13032021,   1053
107000231,  04,   13032021,   1054
107000231,  02,   13032021,   1056
000000000,  01,   13032021,   1057
101002737,  02,   13032021,   1059
000000000,  01,   13032021,   1103
000001802,  04,   13032021,   1105
000000000,  01,   13032021,   1105
104000297,  03,   13032021,   1106
104000222,  01,   13032021,   1107
000001802,  01,   13032021,   1107
000000000,  01,   13032021,   1109
104000277,  03,   13032021,   1109
107000231,  02,   13032021,   1111
107000231,  04,   13032021,   1111
000000000,  01,   13032021,   1112
104000277,  03,   13032021,   1114
000000000,  03,   13032021,   1116
104000360,  01,   13032021,   1121
104000343,  01,   13032021,   1125
000000000,  01,   13032021,   1138
000000000,  01,   13032021,   1140
104000360,  01,   13032021,   1141
000000000,  01,   13032021,   1147
104000095,  03,   13032021,   1149
110001870,  01,   13032021,   1151
104000043,  01,   13032021,   1151
106000008,  02,   13032021,   1151
104000043,  01,   13032021,   1151
106000008,  02,   13032021,   1153
104000222,  01,   13032021,   1156
106000128,  02,   13032021,   1156
110001870,  04,   13032021,   1156
110001870,  04,   13032021,   1156
110001870,  04,   13032021,   1156
104000043,  01,   13032021,   1156
110001870,  01,   13032021,   1159
110001870,  01,   13032021,   1159
