101002738,  03,   11072021,   0740
101002738,  04,   11072021,   0740
101002738,  05,   11072021,   0743
106000013,  03,   11072021,   0758
106000013,  03,   11072021,   0758
106000013,  03,   11072021,   0758
000000000,  03,   11072021,   0809
103025488,  03,   11072021,   0810
101001321,  04,   11072021,   0819
104000048,  01,   11072021,   0820
104000046,  01,   11072021,   0820
104000334,  01,   11072021,   0820
104000047,  01,   11072021,   0820
101001321,  03,   11072021,   0821
104000046,  01,   11072021,   0821
101001321,  01,   11072021,   0823
000000000,  03,   11072021,   0828
103024303,  01,   11072021,   0834
106000013,  04,   11072021,   0837
103025489,  03,   11072021,   0837
106000013,  01,   11072021,   0839
104000088,  03,   11072021,   0851
104000285,  01,   11072021,   0858
110004004,  01,   11072021,   0859
104000041,  01,   11072021,   0859
104000040,  01,   11072021,   0859
104000338,  03,   11072021,   0859
104000272,  03,   11072021,   0907
104000004,  03,   11072021,   0907
104000009,  03,   11072021,   0907
104000005,  03,   11072021,   0908
104000011,  03,   11072021,   0908
104000009,  05,   11072021,   0908
104000005,  05,   11072021,   0908
107000157,  03,   11072021,   0909
104000008,  03,   11072021,   0913
104000270,  03,   11072021,   0913
000000000,  03,   11072021,   0913
104000270,  03,   11072021,   0913
104000239,  03,   11072021,   0913
104000112,  01,   11072021,   0914
000001809,  01,   11072021,   0920
104000360,  01,   11072021,   0920
104000244,  03,   11072021,   0921
000000000,  02,   11072021,   0921
104000006,  03,   11072021,   0921
107000157,  02,   11072021,   0927
106000013,  04,   11072021,   0929
106000013,  01,   11072021,   0929
104000467,  03,   11072021,   0937
000000000,  01,   11072021,   0937
104000273,  03,   11072021,   0939
000000000,  01,   11072021,   0941
103025488,  01,   11072021,   0942
000001809,  04,   11072021,   0943
000001809,  01,   11072021,   0944
110004004,  01,   11072021,   0945
110001868,  03,   11072021,   0948
110001868,  05,   11072021,   0948
000001809,  04,   11072021,   0948
106000013,  03,   11072021,   0952
000001809,  01,   11072021,   1001
000000000,  01,   11072021,   1006
104000008,  05,   11072021,   1008
103025488,  05,   11072021,   1009
104000222,  01,   11072021,   1011
104000349,  01,   11072021,   1013
104000244,  05,   11072021,   1014
104000008,  05,   11072021,   1015
104000004,  05,   11072021,   1016
104000274,  03,   11072021,   1020
104000297,  03,   11072021,   1020
104000285,  01,   11072021,   1029
104000111,  01,   11072021,   1030
104000358,  01,   11072021,   1030
104000099,  03,   11072021,   1031
104000098,  03,   11072021,   1031
104000237,  03,   11072021,   1031
104000285,  01,   11072021,   1038
104000343,  01,   11072021,   1038
104000343,  01,   11072021,   1038
103024303,  04,   11072021,   1041
000000000,  01,   11072021,   1042
000000000,  02,   11072021,   1045
000000000,  01,   11072021,   1045
103024303,  04,   11072021,   1046
103024303,  01,   11072021,   1048
000000000,  01,   11072021,   1051
104000467,  03,   11072021,   1055
101001321,  01,   11072021,   1059
110004004,  04,   11072021,   1105
110004004,  01,   11072021,   1105
104000467,  03,   11072021,   1110
110004004,  04,   11072021,   1110
000000000,  01,   11072021,   1111
000000000,  01,   11072021,   1113
104000277,  03,   11072021,   1114
000000000,  01,   11072021,   1114
110004004,  01,   11072021,   1122
104000343,  01,   11072021,   1122
101001321,  04,   11072021,   1123
104000343,  01,   11072021,   1124
000001809,  04,   11072021,   1124
104000042,  01,   11072021,   1125
000001809,  01,   11072021,   1125
000000000,  04,   11072021,   1129
000000000,  04,   11072021,   1129
000000000,  04,   11072021,   1129
000000000,  04,   11072021,   1129
000000000,  04,   11072021,   1129
000000000,  04,   11072021,   1129
000000000,  04,   11072021,   1129
000000000,  04,   11072021,   1129
000000000,  04,   11072021,   1129
000000000,  01,   11072021,   1133
000000000,  04,   11072021,   1135
000000000,  04,   11072021,   1135
000000000,  01,   11072021,   1138
000001809,  04,   11072021,   1139
000001809,  01,   11072021,   1141
000000000,  03,   11072021,   1143
000000000,  03,   11072021,   1143
000000000,  03,   11072021,   1143
000000000,  03,   11072021,   1143
000000000,  03,   11072021,   1144
104000047,  01,   11072021,   1144
104000500,  01,   11072021,   1148
110003994,  01,   11072021,   1150
000001809,  04,   11072021,   1151
000001809,  01,   11072021,   1152
000000000,  03,   11072021,   1154
103024303,  04,   11072021,   1157
000000000,  01,   11072021,   1157
104000052,  01,   11072021,   1158
103024303,  01,   11072021,   1159
000000000,  01,   11072021,   1200
000000000,  02,   11072021,   1201
000000000,  02,   11072021,   1201
000000000,  01,   11072021,   1203
104000239,  05,   11072021,   1203
000001809,  04,   11072021,   1203
104000004,  05,   11072021,   1204
110001868,  05,   11072021,   1204
104000005,  05,   11072021,   1205
000001809,  05,   11072021,   1205
000001809,  01,   11072021,   1206
000001809,  01,   11072021,   1207
000000000,  01,   11072021,   1209
104000270,  05,   11072021,   1209
101002737,  02,   11072021,   1214
101002737,  04,   11072021,   1214
101002737,  04,   11072021,   1230
101002737,  02,   11072021,   1231
000000000,  01,   11072021,   1231
000000000,  01,   11072021,   1237
000000000,  05,   11072021,   1239
104000040,  04,   11072021,   1247
104000040,  01,   11072021,   1247
101001321,  01,   11072021,   1253
104000005,  05,   11072021,   1253
104000004,  05,   11072021,   1254
000000000,  03,   11072021,   1307
000000000,  03,   11072021,   1307
000000000,  03,   11072021,   1308
104000046,  01,   11072021,   1308
000000000,  03,   11072021,   1309
104000040,  04,   11072021,   1310
104000040,  01,   11072021,   1313
107000185,  02,   11072021,   1318
107000185,  04,   11072021,   1318
107000185,  04,   11072021,   1321
107000185,  02,   11072021,   1322
000000000,  01,   11072021,   1322
000000000,  01,   11072021,   1323
107000185,  02,   11072021,   1324
104000046,  01,   11072021,   1328
107000185,  02,   11072021,   1328
104000343,  01,   11072021,   1331
103025489,  05,   11072021,   1335
104000467,  03,   11072021,   1335
104000358,  01,   11072021,   1349
104000006,  04,   11072021,   1350
104000358,  01,   11072021,   1351
104000006,  04,   11072021,   1352
104000006,  04,   11072021,   1357
000000000,  01,   11072021,   1359
104000046,  01,   11072021,   1413
000000000,  01,   11072021,   1415
104000046,  01,   11072021,   1416
000000000,  01,   11072021,   1420
000000000,  01,   11072021,   1431
103024303,  01,   11072021,   1440
104000008,  05,   11072021,   1440
000000000,  01,   11072021,   1440
103025489,  05,   11072021,   1441
104000338,  05,   11072021,   1441
104000273,  05,   11072021,   1443
104000239,  05,   11072021,   1447
104000239,  05,   11072021,   1447
104000239,  05,   11072021,   1448
110001868,  05,   11072021,   1450
104000239,  05,   11072021,   1450
104000273,  05,   11072021,   1453
104000467,  03,   11072021,   1453
110001868,  05,   11072021,   1454
104000237,  05,   11072021,   1455
104000237,  05,   11072021,   1455
000000000,  05,   11072021,   1455
104000005,  05,   11072021,   1455
104000005,  05,   11072021,   1455
104000237,  05,   11072021,   1456
103025488,  05,   11072021,   1458
104000272,  05,   11072021,   1500
103025488,  05,   11072021,   1500
104000005,  05,   11072021,   1502
000000000,  01,   11072021,   1502
104000239,  05,   11072021,   1502
000000000,  01,   11072021,   1503
103024303,  01,   11072021,   1504
104000343,  01,   11072021,   1508
000000000,  01,   11072021,   1511
000000000,  01,   11072021,   1516
110001868,  03,   11072021,   1516
110004004,  01,   11072021,   1526
110004004,  01,   11072021,   1526
104000358,  01,   11072021,   1531
104000360,  01,   11072021,   1531
104000334,  01,   11072021,   1532
000000000,  01,   11072021,   1538
103024303,  04,   11072021,   1539
103024303,  01,   11072021,   1541
104000006,  04,   11072021,   1542
000000000,  01,   11072021,   1543
101002738,  01,   11072021,   1545
104000006,  04,   11072021,   1547
104000222,  01,   11072021,   1550
104000467,  03,   11072021,   1552
101002738,  04,   11072021,   1552
101002738,  01,   11072021,   1552
104000041,  01,   11072021,   1558
000000000,  01,   11072021,   1600
104000041,  01,   11072021,   1601
104000360,  01,   11072021,   1604
104000358,  01,   11072021,   1604
104000334,  01,   11072021,   1604
000000000,  01,   11072021,   1606
104000467,  02,   11072021,   1607
104000467,  02,   11072021,   1607
104000095,  03,   11072021,   1608
104000467,  03,   11072021,   1610
000000000,  01,   11072021,   1614
000000000,  04,   11072021,   1615
000000000,  01,   11072021,   1619
103024303,  04,   11072021,   1620
000000000,  01,   11072021,   1621
103024303,  04,   11072021,   1621
103024303,  04,   11072021,   1621
104000222,  01,   11072021,   1622
104000349,  01,   11072021,   1622
101001321,  01,   11072021,   1622
000000000,  01,   11072021,   1624
104000343,  01,   11072021,   1624
000000000,  01,   11072021,   1625
103024303,  01,   11072021,   1628
103025489,  01,   11072021,   1629
104000500,  01,   11072021,   1630
000000000,  01,   11072021,   1637
104000358,  01,   11072021,   1641
104000006,  04,   11072021,   1642
104000358,  01,   11072021,   1643
104000006,  04,   11072021,   1648
104000047,  01,   11072021,   1704
104000042,  01,   11072021,   1704
104000360,  01,   11072021,   1704
104000360,  01,   11072021,   1705
104000270,  03,   11072021,   1705
104000047,  01,   11072021,   1705
104000048,  01,   11072021,   1706
000000000,  01,   11072021,   1707
104000046,  01,   11072021,   1710
104000239,  05,   11072021,   1724
000000000,  01,   11072021,   1726
000000000,  01,   11072021,   1734
104000334,  01,   11072021,   1737
110003994,  01,   11072021,   1738
110003994,  01,   11072021,   1738
110003994,  01,   11072021,   1739
110003994,  01,   11072021,   1739
110003994,  01,   11072021,   1740
110003994,  01,   11072021,   1740
110003994,  01,   11072021,   1740
110003994,  01,   11072021,   1740
104000334,  01,   11072021,   1743
110003994,  01,   11072021,   1746
101001321,  01,   11072021,   1755
104000041,  01,   11072021,   1757
104000285,  01,   11072021,   1757
110004004,  01,   11072021,   1757
000000000,  01,   11072021,   1758
104000338,  03,   11072021,   1759
104000358,  01,   11072021,   1800
000000000,  01,   11072021,   1802
104000358,  01,   11072021,   1802
104000099,  03,   11072021,   1803
104000005,  03,   11072021,   1803
104000011,  03,   11072021,   1803
104000239,  03,   11072021,   1803
104000004,  03,   11072021,   1803
104000009,  03,   11072021,   1803
104000467,  03,   11072021,   1803
104000111,  01,   11072021,   1803
104000358,  01,   11072021,   1804
104000046,  01,   11072021,   1805
104000006,  03,   11072021,   1806
104000008,  03,   11072021,   1806
104000273,  03,   11072021,   1806
104000272,  03,   11072021,   1806
107000157,  02,   11072021,   1808
104000244,  03,   11072021,   1808
104000237,  03,   11072021,   1808
104000098,  03,   11072021,   1809
104000277,  03,   11072021,   1809
103025488,  03,   11072021,   1814
103025488,  03,   11072021,   1814
103025488,  03,   11072021,   1814
104000343,  01,   11072021,   1820
104000334,  01,   11072021,   1824
104000046,  01,   11072021,   1824
101001321,  01,   11072021,   1825
104000112,  01,   11072021,   1826
000000000,  01,   11072021,   1830
103024303,  01,   11072021,   1832
103025489,  03,   11072021,   1835
104000088,  03,   11072021,   1836
103024303,  01,   11072021,   1837
104000297,  03,   11072021,   1839
104000274,  03,   11072021,   1840
000000000,  03,   11072021,   1901
101002738,  04,   11072021,   1946
000000000,  03,   11072021,   2106
000000000,  03,   11072021,   2106
104000095,  03,   11072021,   2247
101002738,  04,   12072021,   0741
101002738,  03,   12072021,   0741
103025489,  03,   12072021,   0743
000000000,  03,   12072021,   0743
000000000,  03,   12072021,   0744
101002738,  05,   12072021,   0744
104000088,  03,   12072021,   0746
000000000,  03,   12072021,   0746
000000000,  03,   12072021,   0749
106000013,  03,   12072021,   0750
106000013,  03,   12072021,   0750
000000000,  03,   12072021,   0752
000000000,  03,   12072021,   0753
103025488,  03,   12072021,   0815
000000000,  03,   12072021,   0820
104000048,  01,   12072021,   0824
104000046,  01,   12072021,   0824
104000047,  01,   12072021,   0824
101001321,  01,   12072021,   0824
104000334,  01,   12072021,   0824
103024303,  03,   12072021,   0825
103024303,  01,   12072021,   0827
103024303,  01,   12072021,   0828
106000013,  04,   12072021,   0835
106000013,  01,   12072021,   0837
000000000,  01,   12072021,   0837
104000046,  01,   12072021,   0850
104000285,  01,   12072021,   0906
104000041,  01,   12072021,   0906
110004004,  01,   12072021,   0906
110004004,  01,   12072021,   0906
104000040,  01,   12072021,   0906
104000338,  03,   12072021,   0906
104000338,  05,   12072021,   0906
104000043,  01,   12072021,   0909
000000000,  01,   12072021,   0912
103024303,  01,   12072021,   0912
000000000,  02,   12072021,   0917
000000000,  02,   12072021,   0917
104000112,  01,   12072021,   0919
104000270,  03,   12072021,   0919
104000277,  03,   12072021,   0921
104000005,  03,   12072021,   0921
104000011,  03,   12072021,   0921
104000272,  03,   12072021,   0921
106000013,  04,   12072021,   0921
106000013,  04,   12072021,   0921
104000004,  03,   12072021,   0921
104000009,  03,   12072021,   0921
106000013,  01,   12072021,   0922
104000009,  05,   12072021,   0922
107000157,  02,   12072021,   0923
000001809,  01,   12072021,   0924
104000360,  01,   12072021,   0924
104000008,  03,   12072021,   0925
104000244,  03,   12072021,   0925
101001321,  01,   12072021,   0925
104000239,  03,   12072021,   0925
104000343,  01,   12072021,   0926
110001870,  01,   12072021,   0927
101001321,  01,   12072021,   0930
000000000,  01,   12072021,   0931
110001868,  03,   12072021,   0941
110001868,  05,   12072021,   0942
104000273,  03,   12072021,   0945
000001809,  01,   12072021,   0949
000000000,  01,   12072021,   0951
104000285,  01,   12072021,   0956
000000000,  01,   12072021,   0957
104000467,  03,   12072021,   0957
104000285,  01,   12072021,   1009
110001870,  01,   12072021,   1014
000000000,  01,   12072021,   1023
104000358,  01,   12072021,   1027
104000099,  03,   12072021,   1027
104000237,  03,   12072021,   1027
104000098,  03,   12072021,   1027
110001870,  01,   12072021,   1029
000001809,  04,   12072021,   1032
000001809,  01,   12072021,   1033
000000000,  01,   12072021,   1033
104000358,  01,   12072021,   1041
000000000,  01,   12072021,   1042
000000000,  01,   12072021,   1044
000000000,  01,   12072021,   1045
104000358,  01,   12072021,   1047
000000000,  02,   12072021,   1051
104000274,  03,   12072021,   1052
104000297,  03,   12072021,   1053
000000000,  01,   12072021,   1054
000001809,  04,   12072021,   1059
000001809,  01,   12072021,   1101
104000095,  03,   12072021,   1102
104000095,  03,   12072021,   1102
000001809,  01,   12072021,   1102
104000042,  01,   12072021,   1109
110004004,  01,   12072021,   1113
000000000,  01,   12072021,   1116
000000000,  01,   12072021,   1117
110004004,  01,   12072021,   1123
104000349,  01,   12072021,   1131
000001809,  04,   12072021,   1141
104000006,  04,   12072021,   1142
000000000,  01,   12072021,   1146
000000000,  01,   12072021,   1147
104000006,  04,   12072021,   1148
104000467,  03,   12072021,   1150
101002738,  04,   12072021,   1152
104000043,  01,   12072021,   1154
110000828,  01,   12072021,   1155
101002738,  04,   12072021,   1156
101002738,  01,   12072021,   1156
110003994,  01,   12072021,   1158
110001870,  01,   12072021,   1204
101002738,  04,   12072021,   1206
000000000,  01,   12072021,   1208
104000285,  01,   12072021,   1215
110000828,  01,   12072021,   1215
101002738,  04,   12072021,   1215
101002738,  01,   12072021,   1216
000000000,  01,   12072021,   1216
000000000,  01,   12072021,   1218
104000043,  01,   12072021,   1219
104000338,  03,   12072021,   1223
104000285,  01,   12072021,   1223
104000500,  01,   12072021,   1224
104000274,  04,   12072021,   1224
105000264,  02,   12072021,   1226
105000264,  04,   12072021,   1226
104000274,  03,   12072021,   1226
000001809,  04,   12072021,   1228
104000467,  03,   12072021,   1230
000001809,  01,   12072021,   1231
107000197,  02,   12072021,   1233
107000197,  04,   12072021,   1233
000001809,  04,   12072021,   1235
000001809,  01,   12072021,   1236
000000000,  01,   12072021,   1240
104000274,  03,   12072021,   1241
000000000,  01,   12072021,   1242
104000046,  01,   12072021,   1246
000000000,  01,   12072021,   1247
000000000,  01,   12072021,   1248
000000000,  02,   12072021,   1250
000000000,  02,   12072021,   1250
103024303,  01,   12072021,   1251
000000000,  01,   12072021,   1254
104000046,  01,   12072021,   1259
000001809,  04,   12072021,   1308
000001809,  04,   12072021,   1309
000001809,  01,   12072021,   1311
000001809,  04,   12072021,   1313
000001809,  01,   12072021,   1314
101001321,  01,   12072021,   1319
000000000,  01,   12072021,   1320
000000000,  01,   12072021,   1321
103025488,  01,   12072021,   1323
000000000,  01,   12072021,   1326
000000000,  01,   12072021,   1326
000000000,  01,   12072021,   1328
000000000,  01,   12072021,   1329
104000047,  01,   12072021,   1329
110003994,  01,   12072021,   1331
000000000,  01,   12072021,   1333
103024303,  02,   12072021,   1338
103024303,  02,   12072021,   1338
104000358,  01,   12072021,   1339
104000338,  03,   12072021,   1339
103024303,  01,   12072021,   1340
104000006,  04,   12072021,   1343
104000006,  04,   12072021,   1343
110003994,  01,   12072021,   1343
104000006,  05,   12072021,   1343
101001321,  01,   12072021,   1346
104000467,  03,   12072021,   1347
104000006,  04,   12072021,   1349
105000082,  02,   12072021,   1350
105000082,  04,   12072021,   1350
101001321,  01,   12072021,   1355
101001321,  01,   12072021,   1355
106000013,  04,   12072021,   1403
106000013,  01,   12072021,   1406
103025489,  01,   12072021,   1413
000000000,  01,   12072021,   1415
101001321,  01,   12072021,   1421
105000082,  04,   12072021,   1424
105000082,  02,   12072021,   1425
104000343,  01,   12072021,   1430
101001321,  04,   12072021,   1433
107000197,  02,   12072021,   1434
107000197,  02,   12072021,   1434
107000197,  04,   12072021,   1434
101001321,  01,   12072021,   1436
101001321,  01,   12072021,   1438
101001321,  01,   12072021,   1442
000000000,  01,   12072021,   1444
110004004,  01,   12072021,   1445
106000013,  04,   12072021,   1448
106000013,  01,   12072021,   1449
000000000,  01,   12072021,   1453
110004004,  01,   12072021,   1455
103024303,  01,   12072021,   1456
106000013,  04,   12072021,   1505
107000157,  02,   12072021,   1505
107000157,  04,   12072021,   1505
106000013,  01,   12072021,   1507
104000467,  03,   12072021,   1510
000000000,  01,   12072021,   1511
106000013,  01,   12072021,   1514
000000000,  01,   12072021,   1521
104000343,  01,   12072021,   1523
107000157,  02,   12072021,   1524
107000157,  04,   12072021,   1525
000000000,  01,   12072021,   1526
104000006,  04,   12072021,   1528
104000006,  04,   12072021,   1533
104000043,  01,   12072021,   1534
104000343,  01,   12072021,   1540
104000043,  01,   12072021,   1540
000000000,  01,   12072021,   1552
101002737,  02,   12072021,   1554
101002737,  04,   12072021,   1554
104000334,  01,   12072021,   1556
103024303,  04,   12072021,   1556
104000358,  01,   12072021,   1557
101002738,  04,   12072021,   1558
103024303,  01,   12072021,   1558
101002738,  02,   12072021,   1559
104000343,  01,   12072021,   1559
101002738,  02,   12072021,   1601
101002738,  04,   12072021,   1601
104000358,  01,   12072021,   1605
101001321,  01,   12072021,   1609
101002738,  02,   12072021,   1612
104000334,  01,   12072021,   1612
101002738,  04,   12072021,   1613
000000000,  01,   12072021,   1615
101002737,  04,   12072021,   1618
101002737,  04,   12072021,   1618
101002737,  02,   12072021,   1619
106000013,  03,   12072021,   1626
104000349,  01,   12072021,   1631
104000270,  03,   12072021,   1635
104000042,  01,   12072021,   1637
104000360,  01,   12072021,   1637
104000048,  01,   12072021,   1637
104000047,  01,   12072021,   1637
104000040,  01,   12072021,   1637
000000000,  01,   12072021,   1638
104000285,  01,   12072021,   1638
000000000,  01,   12072021,   1640
104000343,  01,   12072021,   1642
104000008,  05,   12072021,   1651
104000052,  05,   12072021,   1656
104000004,  05,   12072021,   1657
104000004,  05,   12072021,   1657
110003994,  01,   12072021,   1703
000000000,  01,   12072021,   1709
104000040,  01,   12072021,   1715
104000006,  04,   12072021,   1715
104000006,  04,   12072021,   1719
000000000,  01,   12072021,   1719
000000000,  01,   12072021,   1721
103024303,  01,   12072021,   1729
000000000,  01,   12072021,   1731
000000000,  01,   12072021,   1734
104000358,  01,   12072021,   1734
104000046,  01,   12072021,   1738
103025488,  01,   12072021,   1743
000000000,  01,   12072021,   1746
104000040,  01,   12072021,   1749
103024303,  01,   12072021,   1750
104000043,  01,   12072021,   1754
104000285,  01,   12072021,   1756
104000041,  01,   12072021,   1757
110004004,  01,   12072021,   1758
104000338,  03,   12072021,   1759
104000358,  01,   12072021,   1802
104000467,  03,   12072021,   1807
104000099,  03,   12072021,   1809
104000237,  03,   12072021,   1809
104000098,  03,   12072021,   1809
104000237,  03,   12072021,   1809
104000011,  03,   12072021,   1809
104000004,  03,   12072021,   1809
104000273,  03,   12072021,   1811
104000005,  03,   12072021,   1812
104000272,  03,   12072021,   1812
104000277,  03,   12072021,   1812
104000009,  03,   12072021,   1814
103025488,  03,   12072021,   1815
104000046,  01,   12072021,   1819
104000334,  01,   12072021,   1819
101001321,  01,   12072021,   1820
104000112,  01,   12072021,   1822
104000239,  03,   12072021,   1827
104000244,  03,   12072021,   1828
104000008,  03,   12072021,   1828
000000000,  01,   12072021,   1830
103024303,  01,   12072021,   1831
103024303,  01,   12072021,   1833
000000000,  01,   12072021,   1833
104000088,  03,   12072021,   1853
110001868,  03,   12072021,   1910
107000157,  02,   12072021,   1919
107000157,  02,   12072021,   1919
110001868,  03,   12072021,   1938
103025489,  03,   12072021,   1950
103025489,  03,   12072021,   1951
104000274,  03,   12072021,   1959
104000297,  03,   12072021,   2000
107000157,  02,   12072021,   2058
000000000,  05,   12072021,   2101
000000000,  05,   12072021,   2101
101002738,  05,   12072021,   2109
107000157,  03,   12072021,   2109
101002738,  04,   12072021,   2118
000000000,  03,   12072021,   2121
000000000,  03,   12072021,   2121
000000000,  03,   12072021,   2137
000000000,  03,   12072021,   2137
000000000,  03,   12072021,   2154
000000000,  03,   12072021,   2154
000000000,  03,   12072021,   2156
000000000,  03,   12072021,   2156
000000000,  03,   12072021,   2158
000000000,  03,   12072021,   2159
000000000,  03,   12072021,   2200
000000000,  03,   12072021,   2200
000000000,  03,   12072021,   2200
000000000,  03,   12072021,   2200
000000000,  03,   12072021,   2200
000000000,  03,   12072021,   2200
000000000,  03,   12072021,   2201
000000000,  03,   12072021,   2201
000000000,  03,   12072021,   2201
000000000,  03,   12072021,   2201
000000000,  03,   12072021,   2201
000000000,  03,   12072021,   2201
000000000,  03,   12072021,   2201
000000000,  03,   12072021,   2201
000000000,  03,   12072021,   2201
000000000,  03,   12072021,   2202
000000000,  03,   12072021,   2202
000000000,  03,   12072021,   2202
000000000,  03,   12072021,   2202
000000000,  03,   12072021,   2202
000000000,  03,   12072021,   2203
000000000,  03,   12072021,   2203
000000000,  03,   12072021,   2203
000000000,  03,   12072021,   2203
000000000,  03,   12072021,   2203
000000000,  03,   12072021,   2203
000000000,  03,   12072021,   2203
000000000,  03,   12072021,   2203
000000000,  03,   12072021,   2203
000000000,  03,   12072021,   2203
000000000,  03,   12072021,   2203
000000000,  03,   12072021,   2203
000000000,  03,   12072021,   2203
000000000,  03,   12072021,   2204
000000000,  03,   12072021,   2204
000000000,  03,   12072021,   2204
000000000,  03,   12072021,   2204
000000000,  03,   12072021,   2204
000000000,  03,   12072021,   2204
000000000,  03,   12072021,   2204
000000000,  03,   12072021,   2205
000000000,  03,   12072021,   2205
000000000,  03,   12072021,   2205
000000000,  03,   12072021,   2205
000000000,  03,   12072021,   2205
000000000,  03,   12072021,   2205
000000000,  03,   12072021,   2205
000000000,  03,   12072021,   2206
000000000,  03,   12072021,   2206
000000000,  03,   12072021,   2206
000000000,  03,   12072021,   2206
000000000,  03,   12072021,   2206
000000000,  03,   12072021,   2206
000000000,  03,   12072021,   2206
000000000,  03,   12072021,   2206
000000000,  03,   12072021,   2206
000000000,  03,   12072021,   2206
000000000,  03,   12072021,   2206
000000000,  03,   12072021,   2206
000000000,  03,   12072021,   2206
000000000,  03,   12072021,   2206
000000000,  03,   12072021,   2206
000000000,  03,   12072021,   2206
000000000,  03,   12072021,   2207
000000000,  03,   12072021,   2207
000000000,  03,   12072021,   2208
000000000,  03,   12072021,   2208
000000000,  03,   12072021,   2208
000000000,  03,   12072021,   2209
000000000,  03,   12072021,   2209
000000000,  03,   12072021,   2210
000000000,  03,   12072021,   2210
000000000,  03,   12072021,   2210
000000000,  03,   12072021,   2211
000000000,  03,   12072021,   2212
000000000,  03,   12072021,   2212
000000000,  03,   12072021,   2212
000000000,  03,   12072021,   2213
000000000,  03,   12072021,   2214
000000000,  03,   12072021,   2214
000000000,  03,   12072021,   2214
000000000,  03,   12072021,   2215
000000000,  03,   12072021,   2215
000000000,  03,   12072021,   2215
000000000,  03,   12072021,   2215
000000000,  03,   12072021,   2215
000000000,  03,   12072021,   2215
000000000,  03,   12072021,   2216
000000000,  03,   12072021,   2216
000000000,  03,   12072021,   2216
000000000,  03,   12072021,   2216
000000000,  03,   12072021,   2216
000000000,  03,   12072021,   2216
000000000,  03,   12072021,   2216
000000000,  03,   12072021,   2216
000000000,  03,   12072021,   2217
000000000,  03,   12072021,   2217
000000000,  03,   12072021,   2217
000000000,  03,   12072021,   2217
000000000,  03,   12072021,   2217
000000000,  03,   12072021,   2217
000000000,  03,   12072021,   2217
000000000,  03,   12072021,   2217
000000000,  03,   12072021,   2217
000000000,  03,   12072021,   2217
000000000,  03,   12072021,   2217
000000000,  03,   12072021,   2217
000000000,  03,   12072021,   2217
000000000,  03,   12072021,   2217
000000000,  03,   12072021,   2217
000000000,  03,   12072021,   2217
000000000,  03,   12072021,   2217
000000000,  03,   12072021,   2217
000000000,  03,   12072021,   2217
000000000,  03,   12072021,   2217
000000000,  03,   12072021,   2218
000000000,  03,   12072021,   2218
000000000,  03,   12072021,   2218
000000000,  03,   12072021,   2218
000000000,  03,   12072021,   2218
000000000,  03,   12072021,   2218
000000000,  03,   12072021,   2218
000000000,  03,   12072021,   2218
000000000,  03,   12072021,   2218
000000000,  03,   12072021,   2218
000000000,  03,   12072021,   2218
000000000,  03,   12072021,   2218
000000000,  03,   12072021,   2218
000000000,  03,   12072021,   2218
000000000,  03,   12072021,   2218
000000000,  03,   12072021,   2218
000000000,  03,   12072021,   2218
000000000,  03,   12072021,   2218
000000000,  03,   12072021,   2218
000000000,  03,   12072021,   2219
000000000,  03,   12072021,   2219
000000000,  03,   12072021,   2219
000000000,  03,   12072021,   2219
000000000,  03,   12072021,   2219
000000000,  03,   12072021,   2219
000000000,  03,   12072021,   2219
000000000,  03,   12072021,   2220
000000000,  03,   12072021,   2220
000000000,  03,   12072021,   2220
000000000,  03,   12072021,   2220
000000000,  03,   12072021,   2220
000000000,  03,   12072021,   2220
000000000,  03,   12072021,   2220
000000000,  03,   12072021,   2220
000000000,  03,   12072021,   2220
000000000,  03,   12072021,   2220
000000000,  03,   12072021,   2220
000000000,  03,   12072021,   2221
000000000,  03,   12072021,   2221
000000000,  03,   12072021,   2221
000000000,  03,   12072021,   2221
000000000,  03,   12072021,   2221
000000000,  03,   12072021,   2221
000000000,  03,   12072021,   2221
000000000,  03,   12072021,   2221
000000000,  03,   12072021,   2221
000000000,  03,   12072021,   2221
000000000,  03,   12072021,   2221
000000000,  03,   12072021,   2223
000000000,  03,   12072021,   2223
000000000,  03,   12072021,   2223
000000000,  03,   12072021,   2223
000000000,  03,   12072021,   2223
000000000,  03,   12072021,   2223
000000000,  03,   12072021,   2223
000000000,  03,   12072021,   2223
000000000,  03,   12072021,   2223
000000000,  03,   12072021,   2223
000000000,  03,   12072021,   2223
000000000,  03,   12072021,   2223
000000000,  03,   12072021,   2223
000000000,  03,   12072021,   2228
000000000,  03,   12072021,   2228
000000000,  03,   12072021,   2228
000000000,  03,   12072021,   2228
000000000,  03,   12072021,   2228
000000000,  03,   12072021,   2228
000000000,  03,   12072021,   2229
000000000,  03,   12072021,   2229
000000000,  03,   12072021,   2229
000000000,  03,   12072021,   2230
000000000,  03,   12072021,   2230
000000000,  03,   12072021,   2230
000000000,  03,   12072021,   2230
000000000,  03,   12072021,   2230
000000000,  03,   12072021,   2230
000000000,  03,   12072021,   2230
101002738,  05,   12072021,   2233
000000000,  03,   12072021,   2246
000000000,  03,   12072021,   2247
000000000,  03,   12072021,   2248
000000000,  03,   12072021,   2248
000000000,  03,   12072021,   2248
000000000,  03,   12072021,   2248
000000000,  03,   12072021,   2248
000000000,  03,   12072021,   2248
000000000,  03,   12072021,   2248
000000000,  03,   12072021,   2248
000000000,  03,   12072021,   2248
000000000,  03,   12072021,   2248
000000000,  03,   12072021,   2248
000000000,  03,   12072021,   2249
000000000,  03,   12072021,   2249
000000000,  03,   12072021,   2249
000000000,  03,   12072021,   2249
000000000,  03,   12072021,   2249
000000000,  03,   12072021,   2249
000000000,  03,   12072021,   2249
000000000,  03,   12072021,   2250
000000000,  03,   12072021,   2250
000000000,  03,   12072021,   2250
000000000,  03,   12072021,   2250
000000000,  03,   12072021,   2250
000000000,  03,   12072021,   2250
000000000,  03,   12072021,   2253
000000000,  03,   12072021,   2257
000000000,  03,   12072021,   2257
000000000,  03,   12072021,   2257
000000000,  03,   12072021,   2257
000000000,  03,   12072021,   2257
000000000,  03,   12072021,   2257
000000000,  03,   12072021,   2257
000000000,  03,   12072021,   2257
000000000,  03,   12072021,   2257
000000000,  03,   12072021,   2258
000000000,  03,   12072021,   2258
000000000,  03,   12072021,   2258
000000000,  03,   12072021,   2258
000000000,  03,   12072021,   2258
000000000,  03,   12072021,   2259
000000000,  03,   12072021,   2259
000000000,  03,   12072021,   2259
000000000,  03,   12072021,   2259
000000000,  03,   12072021,   2300
000000000,  03,   12072021,   2301
000000000,  03,   12072021,   2301
000000000,  03,   12072021,   2318
000000000,  03,   12072021,   2318
000000000,  03,   12072021,   2318
000000000,  03,   12072021,   2318
000000000,  03,   12072021,   2318
000000000,  03,   12072021,   2318
000000000,  03,   12072021,   2318
000000000,  03,   12072021,   2318
000000000,  03,   12072021,   2318
000000000,  03,   12072021,   2318
104000095,  03,   12072021,   2319
101002738,  03,   12072021,   2320
000000000,  03,   12072021,   2328
000000000,  03,   12072021,   2329
000000000,  03,   12072021,   2329
000000000,  03,   12072021,   2329
000000000,  03,   12072021,   2329
000000000,  03,   12072021,   2330
000000000,  03,   12072021,   2330
000000000,  03,   12072021,   2331
000000000,  03,   12072021,   2331
000000000,  03,   12072021,   2331
000000000,  03,   12072021,   2331
000000000,  03,   12072021,   2331
000000000,  03,   12072021,   2331
000000000,  03,   12072021,   2333
000000000,  03,   12072021,   2333
000000000,  03,   12072021,   2333
000000000,  03,   12072021,   2333
000000000,  03,   12072021,   2333
000000000,  03,   12072021,   2334
000000000,  03,   12072021,   2335
000000000,  03,   12072021,   2335
000000000,  03,   12072021,   2335
000000000,  03,   12072021,   2335
000000000,  03,   12072021,   2343
000000000,  03,   12072021,   2343
000000000,  03,   12072021,   2343
000000000,  03,   12072021,   2343
000000000,  03,   12072021,   2343
000000000,  03,   12072021,   2344
000000000,  03,   12072021,   2344
000000000,  03,   12072021,   2344
000000000,  03,   12072021,   2345
000000000,  03,   12072021,   2347
000000000,  03,   12072021,   2347
000000000,  03,   13072021,   0000
000000000,  03,   13072021,   0001
000000000,  03,   13072021,   0001
000000000,  03,   13072021,   0001
000000000,  03,   13072021,   0001
000000000,  03,   13072021,   0003
000000000,  03,   13072021,   0003
000000000,  03,   13072021,   0004
000000000,  03,   13072021,   0004
000000000,  03,   13072021,   0004
000000000,  03,   13072021,   0004
000000000,  03,   13072021,   0004
000000000,  03,   13072021,   0122
000000000,  03,   13072021,   0122
000000000,  03,   13072021,   0122
000000000,  03,   13072021,   0122
000000000,  03,   13072021,   0122
000000000,  03,   13072021,   0122
000000000,  03,   13072021,   0152
000000000,  03,   13072021,   0152
000000000,  03,   13072021,   0152
000000000,  03,   13072021,   0152
000000000,  03,   13072021,   0152
000000000,  03,   13072021,   0152
000000000,  03,   13072021,   0152
000000000,  03,   13072021,   0152
000000000,  03,   13072021,   0152
000000000,  03,   13072021,   0152
000000000,  03,   13072021,   0153
000000000,  03,   13072021,   0153
000000000,  03,   13072021,   0153
000000000,  03,   13072021,   0153
000000000,  03,   13072021,   0153
000000000,  03,   13072021,   0153
000000000,  03,   13072021,   0153
000000000,  03,   13072021,   0153
000000000,  03,   13072021,   0153
000000000,  03,   13072021,   0153
000000000,  03,   13072021,   0154
000000000,  03,   13072021,   0154
000000000,  03,   13072021,   0154
000000000,  03,   13072021,   0154
000000000,  03,   13072021,   0154
000000000,  03,   13072021,   0155
000000000,  03,   13072021,   0155
000000000,  03,   13072021,   0155
000000000,  03,   13072021,   0156
000000000,  03,   13072021,   0156
000000000,  03,   13072021,   0157
000000000,  03,   13072021,   0157
000000000,  03,   13072021,   0157
000000000,  03,   13072021,   0158
000000000,  03,   13072021,   0158
000000000,  03,   13072021,   0200
000000000,  03,   13072021,   0201
000000000,  03,   13072021,   0202
000000000,  03,   13072021,   0202
000000000,  03,   13072021,   0202
000000000,  03,   13072021,   0202
000000000,  03,   13072021,   0202
000000000,  03,   13072021,   0204
000000000,  03,   13072021,   0204
000000000,  03,   13072021,   0204
000000000,  03,   13072021,   0204
000000000,  03,   13072021,   0205
000000000,  03,   13072021,   0205
000000000,  03,   13072021,   0205
000000000,  03,   13072021,   0205
000000000,  03,   13072021,   0205
000000000,  03,   13072021,   0206
000000000,  03,   13072021,   0206
000000000,  03,   13072021,   0207
000000000,  03,   13072021,   0226
000000000,  03,   13072021,   0227
000000000,  03,   13072021,   0227
000000000,  03,   13072021,   0227
000000000,  03,   13072021,   0227
000000000,  03,   13072021,   0227
000000000,  03,   13072021,   0227
000000000,  03,   13072021,   0228
000000000,  03,   13072021,   0228
000000000,  03,   13072021,   0228
000000000,  03,   13072021,   0229
000000000,  03,   13072021,   0230
000000000,  03,   13072021,   0231
000000000,  03,   13072021,   0234
000000000,  03,   13072021,   0236
000000000,  03,   13072021,   0236
000000000,  03,   13072021,   0238
000000000,  03,   13072021,   0239
000000000,  03,   13072021,   0252
000000000,  03,   13072021,   0253
000000000,  03,   13072021,   0253
000000000,  03,   13072021,   0255
000000000,  03,   13072021,   0256
000000000,  03,   13072021,   0256
000000000,  03,   13072021,   0256
000000000,  03,   13072021,   0259
000000000,  03,   13072021,   0259
000000000,  03,   13072021,   0442
000000000,  03,   13072021,   0443
000000000,  03,   13072021,   0443
000000000,  03,   13072021,   0445
000000000,  03,   13072021,   0445
000000000,  03,   13072021,   0446
000000000,  03,   13072021,   0446
000000000,  03,   13072021,   0447
000000000,  03,   13072021,   0447
000000000,  03,   13072021,   0448
000000000,  03,   13072021,   0448
000000000,  03,   13072021,   0448
000000000,  03,   13072021,   0448
000000000,  03,   13072021,   0448
000000000,  03,   13072021,   0448
000000000,  03,   13072021,   0448
000000000,  03,   13072021,   0448
000000000,  03,   13072021,   0449
000000000,  03,   13072021,   0449
000000000,  03,   13072021,   0449
000000000,  03,   13072021,   0451
000000000,  03,   13072021,   0451
000000000,  03,   13072021,   0451
000000000,  03,   13072021,   0451
000000000,  03,   13072021,   0454
000000000,  03,   13072021,   0454
000000000,  03,   13072021,   0454
000000000,  03,   13072021,   0455
000000000,  03,   13072021,   0455
000000000,  03,   13072021,   0455
000000000,  03,   13072021,   0455
000000000,  03,   13072021,   0456
000000000,  03,   13072021,   0457
000000000,  03,   13072021,   0457
000000000,  03,   13072021,   0457
000000000,  03,   13072021,   0457
000000000,  03,   13072021,   0457
000000000,  03,   13072021,   0457
000000000,  03,   13072021,   0457
000000000,  03,   13072021,   0457
000000000,  03,   13072021,   0457
000000000,  03,   13072021,   0457
000000000,  03,   13072021,   0531
000000000,  03,   13072021,   0541
101002738,  04,   13072021,   0746
101002738,  03,   13072021,   0747
104000088,  03,   13072021,   0747
103025489,  03,   13072021,   0747
103025489,  03,   13072021,   0747
101002738,  05,   13072021,   0749
106000013,  03,   13072021,   0749
106000013,  03,   13072021,   0749
106000013,  03,   13072021,   0749
103024303,  03,   13072021,   0755
103024303,  04,   13072021,   0755
103024303,  01,   13072021,   0758
103025488,  03,   13072021,   0801
104000334,  01,   13072021,   0815
104000046,  01,   13072021,   0815
104000046,  01,   13072021,   0815
104000048,  01,   13072021,   0815
104000047,  01,   13072021,   0815
101001321,  01,   13072021,   0815
104000277,  03,   13072021,   0832
104000011,  03,   13072021,   0832
104000005,  03,   13072021,   0832
104000272,  03,   13072021,   0832
104000004,  03,   13072021,   0832
106000013,  04,   13072021,   0832
106000013,  01,   13072021,   0835
000000000,  03,   13072021,   0836
000000000,  03,   13072021,   0838
000000000,  03,   13072021,   0838
000000000,  03,   13072021,   0838
000000000,  03,   13072021,   0839
000000000,  03,   13072021,   0839
000000000,  03,   13072021,   0841
000000000,  03,   13072021,   0842
000000000,  03,   13072021,   0843
000000000,  03,   13072021,   0843
000000000,  03,   13072021,   0846
000000000,  03,   13072021,   0847
000000000,  03,   13072021,   0848
000000000,  03,   13072021,   0850
000000000,  03,   13072021,   0852
000000000,  03,   13072021,   0852
000000000,  03,   13072021,   0857
000000000,  03,   13072021,   0901
000000000,  03,   13072021,   0901
000000000,  03,   13072021,   0901
000000000,  03,   13072021,   0902
000000000,  03,   13072021,   0902
000000000,  03,   13072021,   0902
000000000,  03,   13072021,   0902
000000000,  03,   13072021,   0902
000000000,  03,   13072021,   0902
110001868,  03,   13072021,   0903
110001868,  05,   13072021,   0903
104000008,  03,   13072021,   0905
104000239,  03,   13072021,   0905
104000244,  03,   13072021,   0905
000000000,  03,   13072021,   0905
104000285,  01,   13072021,   0905
000000000,  03,   13072021,   0905
110004004,  01,   13072021,   0905
104000041,  01,   13072021,   0905
104000040,  01,   13072021,   0906
104000338,  03,   13072021,   0906
000000000,  03,   13072021,   0907
000000000,  03,   13072021,   0907
000000000,  03,   13072021,   0907
000000000,  03,   13072021,   0907
000000000,  03,   13072021,   0907
104000006,  03,   13072021,   0908
104000273,  03,   13072021,   0909
000000000,  03,   13072021,   0909
000000000,  03,   13072021,   0909
000000000,  03,   13072021,   0909
000000000,  03,   13072021,   0910
000000000,  03,   13072021,   0910
000000000,  03,   13072021,   0910
000000000,  03,   13072021,   0911
000000000,  03,   13072021,   0912
104000239,  03,   13072021,   0915
107000157,  02,   13072021,   0915
104000272,  03,   13072021,   0917
104000112,  01,   13072021,   0917
104000008,  03,   13072021,   0917
104000338,  03,   13072021,   0917
104000270,  03,   13072021,   0918
107000157,  02,   13072021,   0921
000000000,  03,   13072021,   0922
000000000,  03,   13072021,   0923
104000360,  01,   13072021,   0923
000001809,  01,   13072021,   0923
000000000,  03,   13072021,   0923
000000000,  03,   13072021,   0923
000000000,  03,   13072021,   0923
000000000,  03,   13072021,   0924
000000000,  01,   13072021,   0926
000000000,  03,   13072021,   0926
000000000,  03,   13072021,   0927
000000000,  03,   13072021,   0927
000000000,  03,   13072021,   0927
000000000,  03,   13072021,   0927
000000000,  03,   13072021,   0928
106000013,  04,   13072021,   0928
106000013,  01,   13072021,   0928
000000000,  03,   13072021,   0928
110001870,  01,   13072021,   0928
000000000,  03,   13072021,   0928
000000000,  03,   13072021,   0928
000000000,  03,   13072021,   0929
000000000,  03,   13072021,   0929
000000000,  03,   13072021,   0929
000000000,  03,   13072021,   0929
000000000,  03,   13072021,   0929
000000000,  03,   13072021,   0930
000000000,  03,   13072021,   0930
000000000,  03,   13072021,   0930
000000000,  03,   13072021,   0930
000000000,  03,   13072021,   0931
000000000,  03,   13072021,   0931
000000000,  03,   13072021,   0932
000000000,  03,   13072021,   0932
000000000,  03,   13072021,   0932
000000000,  03,   13072021,   0932
000000000,  03,   13072021,   0932
000000000,  03,   13072021,   0932
000000000,  03,   13072021,   0932
000000000,  03,   13072021,   0932
000000000,  03,   13072021,   0933
000000000,  03,   13072021,   0933
000000000,  03,   13072021,   0933
000000000,  03,   13072021,   0933
000000000,  03,   13072021,   0933
000000000,  03,   13072021,   0933
104000043,  01,   13072021,   0934
000000000,  03,   13072021,   0934
000000000,  03,   13072021,   0934
000000000,  03,   13072021,   0934
000000000,  01,   13072021,   0934
000000000,  03,   13072021,   0934
000000000,  03,   13072021,   0934
000000000,  03,   13072021,   0935
000000000,  03,   13072021,   0937
000000000,  03,   13072021,   0938
000000000,  03,   13072021,   0938
000000000,  03,   13072021,   0939
000000000,  03,   13072021,   0939
000000000,  03,   13072021,   0939
000000000,  03,   13072021,   0939
101001321,  01,   13072021,   0939
000000000,  03,   13072021,   0940
000000000,  03,   13072021,   0940
000000000,  03,   13072021,   0940
000000000,  03,   13072021,   0942
000000000,  03,   13072021,   0942
000000000,  01,   13072021,   0942
104000343,  01,   13072021,   0945
104000467,  03,   13072021,   0945
101001321,  01,   13072021,   0949
000000000,  03,   13072021,   0953
000000000,  03,   13072021,   0953
000000000,  03,   13072021,   0953
000000000,  01,   13072021,   0954
000000000,  03,   13072021,   0954
000000000,  03,   13072021,   0955
101001321,  01,   13072021,   0955
000000000,  01,   13072021,   0955
000000000,  03,   13072021,   0955
106000013,  04,   13072021,   0956
000000000,  03,   13072021,   0956
000000000,  03,   13072021,   0958
000000000,  03,   13072021,   0958
000000000,  03,   13072021,   0959
000000000,  03,   13072021,   0959
000000000,  03,   13072021,   1000
000000000,  03,   13072021,   1000
000000000,  03,   13072021,   1000
000000000,  03,   13072021,   1000
000000000,  03,   13072021,   1000
000000000,  03,   13072021,   1000
000000000,  03,   13072021,   1000
000000000,  03,   13072021,   1000
000000000,  03,   13072021,   1000
000000000,  03,   13072021,   1000
000000000,  03,   13072021,   1000
000000000,  03,   13072021,   1000
000000000,  03,   13072021,   1000
000000000,  03,   13072021,   1000
000000000,  03,   13072021,   1001
000000000,  03,   13072021,   1001
000000000,  03,   13072021,   1001
000000000,  03,   13072021,   1002
000000000,  03,   13072021,   1002
000000000,  03,   13072021,   1002
000000000,  03,   13072021,   1003
000000000,  03,   13072021,   1003
000000000,  03,   13072021,   1004
000000000,  03,   13072021,   1004
000000000,  03,   13072021,   1006
000000000,  01,   13072021,   1009
106000013,  02,   13072021,   1011
106000013,  02,   13072021,   1014
106000013,  04,   13072021,   1014
000000000,  03,   13072021,   1016
000000000,  03,   13072021,   1018
000000000,  03,   13072021,   1018
000000000,  03,   13072021,   1018
000000000,  03,   13072021,   1018
000000000,  03,   13072021,   1018
000000000,  03,   13072021,   1020
000000000,  03,   13072021,   1020
106000013,  04,   13072021,   1020
000000000,  03,   13072021,   1021
000000000,  03,   13072021,   1022
000000000,  03,   13072021,   1022
000000000,  03,   13072021,   1022
000000000,  02,   13072021,   1022
104000222,  01,   13072021,   1024
000000000,  03,   13072021,   1025
104000349,  01,   13072021,   1026
000000000,  03,   13072021,   1026
000000000,  03,   13072021,   1027
000000000,  03,   13072021,   1030
000000000,  01,   13072021,   1032
000000000,  03,   13072021,   1032
000001809,  04,   13072021,   1033
000001809,  01,   13072021,   1033
000001809,  04,   13072021,   1034
000001809,  01,   13072021,   1037
104000358,  01,   13072021,   1039
104000111,  01,   13072021,   1039
104000111,  01,   13072021,   1039
104000099,  03,   13072021,   1039
104000098,  03,   13072021,   1039
000000000,  03,   13072021,   1040
110004004,  01,   13072021,   1041
000000000,  03,   13072021,   1042
000000000,  03,   13072021,   1042
000000000,  03,   13072021,   1042
104000237,  03,   13072021,   1043
000000000,  03,   13072021,   1044
000000000,  03,   13072021,   1045
000000000,  03,   13072021,   1045
000000000,  03,   13072021,   1046
000000000,  03,   13072021,   1049
000000000,  03,   13072021,   1050
000000000,  03,   13072021,   1050
000000000,  03,   13072021,   1050
000000000,  03,   13072021,   1050
000000000,  03,   13072021,   1050
000000000,  03,   13072021,   1050
000000000,  03,   13072021,   1050
000000000,  03,   13072021,   1050
000000000,  03,   13072021,   1050
000000000,  03,   13072021,   1050
104000277,  03,   13072021,   1050
000000000,  03,   13072021,   1051
000000000,  03,   13072021,   1051
000000000,  03,   13072021,   1051
000000000,  03,   13072021,   1051
000000000,  03,   13072021,   1051
000000000,  03,   13072021,   1051
000000000,  03,   13072021,   1051
000000000,  03,   13072021,   1051
000000000,  03,   13072021,   1051
000000000,  03,   13072021,   1051
000000000,  03,   13072021,   1051
000000000,  03,   13072021,   1051
000000000,  03,   13072021,   1051
000000000,  03,   13072021,   1051
104000297,  03,   13072021,   1052
104000297,  03,   13072021,   1052
104000274,  03,   13072021,   1052
000000000,  01,   13072021,   1052
000000000,  03,   13072021,   1052
000000000,  03,   13072021,   1052
000000000,  03,   13072021,   1053
000000000,  03,   13072021,   1053
000000000,  03,   13072021,   1053
000000000,  03,   13072021,   1053
000000000,  03,   13072021,   1054
106000013,  04,   13072021,   1054
000001809,  01,   13072021,   1056
000000000,  01,   13072021,   1103
110001870,  01,   13072021,   1104
106000013,  04,   13072021,   1104
106000013,  01,   13072021,   1106
101002737,  02,   13072021,   1107
101002737,  04,   13072021,   1108
104000277,  03,   13072021,   1109
101002737,  04,   13072021,   1110
106000013,  01,   13072021,   1110
104000343,  01,   13072021,   1112
000001809,  01,   13072021,   1112
103024303,  01,   13072021,   1112
101002737,  02,   13072021,   1113
107000185,  04,   13072021,   1118
107000185,  02,   13072021,   1121
000000000,  01,   13072021,   1124
104000500,  01,   13072021,   1124
000001809,  01,   13072021,   1125
104000343,  01,   13072021,   1125
104000042,  01,   13072021,   1129
110001870,  01,   13072021,   1132
000000000,  03,   13072021,   1137
104000040,  01,   13072021,   1138
000000000,  03,   13072021,   1138
000000000,  03,   13072021,   1138
000000000,  03,   13072021,   1138
000000000,  03,   13072021,   1139
000000000,  03,   13072021,   1139
104000040,  01,   13072021,   1143
000000000,  01,   13072021,   1149
104000046,  01,   13072021,   1150
000000000,  01,   13072021,   1150
104000047,  01,   13072021,   1156
110003994,  04,   13072021,   1158
101001321,  01,   13072021,   1200
110003994,  01,   13072021,   1200
104000046,  01,   13072021,   1203
000000000,  01,   13072021,   1209
104000285,  01,   13072021,   1209
000000000,  01,   13072021,   1210
104000285,  01,   13072021,   1213
101002738,  04,   13072021,   1223
101002738,  01,   13072021,   1225
000000000,  02,   13072021,   1227
000000000,  02,   13072021,   1227
101002738,  04,   13072021,   1228
000000000,  02,   13072021,   1228
000000000,  02,   13072021,   1228
000000000,  02,   13072021,   1228
000000000,  02,   13072021,   1228
000000000,  02,   13072021,   1228
000000000,  02,   13072021,   1228
000000000,  02,   13072021,   1228
101002738,  01,   13072021,   1228
110003994,  01,   13072021,   1229
110001870,  01,   13072021,   1234
110001870,  01,   13072021,   1237
000000000,  01,   13072021,   1245
000000000,  01,   13072021,   1245
107000197,  02,   13072021,   1246
107000197,  04,   13072021,   1246
104000222,  01,   13072021,   1254
000000000,  01,   13072021,   1256
000000000,  01,   13072021,   1258
104000111,  01,   13072021,   1258
000000000,  01,   13072021,   1258
000000000,  03,   13072021,   1259
000000000,  03,   13072021,   1259
106000013,  04,   13072021,   1300
000000000,  01,   13072021,   1301
000000000,  03,   13072021,   1302
000000000,  03,   13072021,   1303
104000046,  01,   13072021,   1305
000000000,  01,   13072021,   1305
000000000,  03,   13072021,   1312
000000000,  03,   13072021,   1312
000000000,  03,   13072021,   1312
000000000,  03,   13072021,   1312
000000000,  01,   13072021,   1317
104000047,  01,   13072021,   1322
104000006,  04,   13072021,   1325
000000000,  03,   13072021,   1326
104000041,  01,   13072021,   1329
104000006,  04,   13072021,   1331
000000000,  03,   13072021,   1332
000000000,  03,   13072021,   1332
000000000,  03,   13072021,   1332
000000000,  03,   13072021,   1332
000000000,  03,   13072021,   1332
000000000,  03,   13072021,   1333
107000185,  02,   13072021,   1333
000000000,  03,   13072021,   1333
000000000,  03,   13072021,   1333
000000000,  03,   13072021,   1333
000000000,  03,   13072021,   1333
000000000,  03,   13072021,   1333
000000000,  03,   13072021,   1334
000000000,  03,   13072021,   1335
000000000,  03,   13072021,   1335
000000000,  03,   13072021,   1335
000000000,  03,   13072021,   1335
000000000,  01,   13072021,   1335
000000000,  03,   13072021,   1335
000000000,  03,   13072021,   1335
104000041,  01,   13072021,   1335
000000000,  03,   13072021,   1336
000000000,  03,   13072021,   1336
110001870,  01,   13072021,   1336
107000185,  02,   13072021,   1336
000000000,  03,   13072021,   1336
110001870,  01,   13072021,   1337
110001870,  01,   13072021,   1338
104000358,  04,   13072021,   1338
000000000,  01,   13072021,   1339
104000111,  01,   13072021,   1339
104000358,  04,   13072021,   1343
104000047,  01,   13072021,   1344
104000358,  01,   13072021,   1345
104000099,  03,   13072021,   1349
000000000,  03,   13072021,   1355
000000000,  03,   13072021,   1355
000000000,  03,   13072021,   1355
000000000,  03,   13072021,   1356
000000000,  01,   13072021,   1357
106000013,  04,   13072021,   1400
104000052,  01,   13072021,   1401
106000013,  01,   13072021,   1402
000000000,  03,   13072021,   1405
104000052,  01,   13072021,   1409
104000052,  01,   13072021,   1410
104000099,  03,   13072021,   1411
000000000,  01,   13072021,   1412
000000000,  01,   13072021,   1412
104000343,  01,   13072021,   1413
104000467,  03,   13072021,   1414
000000000,  03,   13072021,   1420
000000000,  03,   13072021,   1422
000000000,  03,   13072021,   1422
103024303,  01,   13072021,   1425
000000000,  03,   13072021,   1426
000000000,  02,   13072021,   1426
000000000,  02,   13072021,   1426
107000157,  02,   13072021,   1426
000000000,  04,   13072021,   1426
104000343,  01,   13072021,   1431
000000000,  01,   13072021,   1432
106000013,  01,   13072021,   1432
103025484,  02,   13072021,   1432
107000185,  02,   13072021,   1437
000000000,  02,   13072021,   1446
000000000,  02,   13072021,   1446
000000000,  02,   13072021,   1446
103025484,  01,   13072021,   1448
107000185,  02,   13072021,   1450
104000343,  01,   13072021,   1454
000000000,  01,   13072021,   1502
103025484,  01,   13072021,   1503
103024303,  02,   13072021,   1504
106000013,  04,   13072021,   1505
103024303,  04,   13072021,   1507
103024303,  01,   13072021,   1509
000000000,  02,   13072021,   1510
000000000,  02,   13072021,   1510
000000000,  02,   13072021,   1510
000000000,  02,   13072021,   1510
000000000,  04,   13072021,   1511
000000000,  04,   13072021,   1511
101002738,  01,   13072021,   1514
101001321,  01,   13072021,   1516
000000000,  04,   13072021,   1517
000000000,  04,   13072021,   1517
000000000,  04,   13072021,   1517
000000000,  04,   13072021,   1517
000000000,  04,   13072021,   1517
000000000,  04,   13072021,   1517
104000358,  01,   13072021,   1517
104000334,  01,   13072021,   1518
101002738,  01,   13072021,   1522
104000098,  03,   13072021,   1526
000000000,  01,   13072021,   1526
000000000,  01,   13072021,   1526
000000000,  01,   13072021,   1526
101001321,  01,   13072021,   1527
000000000,  03,   13072021,   1527
000000000,  01,   13072021,   1528
104000467,  03,   13072021,   1529
104000343,  01,   13072021,   1532
000000000,  01,   13072021,   1533
000000000,  04,   13072021,   1533
000000000,  03,   13072021,   1533
104000285,  01,   13072021,   1534
101001321,  04,   13072021,   1535
104000222,  01,   13072021,   1536
000000000,  03,   13072021,   1537
000000000,  03,   13072021,   1537
101001321,  01,   13072021,   1538
000000000,  03,   13072021,   1538
000000000,  01,   13072021,   1547
000000000,  01,   13072021,   1547
104000040,  01,   13072021,   1548
104000358,  01,   13072021,   1549
104000334,  01,   13072021,   1550
104000006,  04,   13072021,   1553
104000006,  04,   13072021,   1553
104000006,  04,   13072021,   1558
110004004,  01,   13072021,   1559
103025484,  01,   13072021,   1600
000000000,  03,   13072021,   1602
106000013,  04,   13072021,   1605
000000000,  01,   13072021,   1605
000000000,  01,   13072021,   1606
106000013,  04,   13072021,   1607
101001321,  01,   13072021,   1608
107000157,  02,   13072021,   1609
107000157,  04,   13072021,   1609
106000013,  01,   13072021,   1609
000000000,  01,   13072021,   1613
104000343,  01,   13072021,   1618
000000000,  03,   13072021,   1620
104000040,  01,   13072021,   1621
103025484,  01,   13072021,   1622
104000222,  01,   13072021,   1622
104000349,  01,   13072021,   1623
104000285,  01,   13072021,   1623
103025488,  01,   13072021,   1624
000000000,  01,   13072021,   1625
106000013,  01,   13072021,   1626
000000000,  03,   13072021,   1629
103025484,  04,   13072021,   1629
103025484,  01,   13072021,   1632
110003994,  01,   13072021,   1639
103024303,  01,   13072021,   1643
000000000,  04,   13072021,   1644
000000000,  04,   13072021,   1644
000000000,  04,   13072021,   1644
000000000,  04,   13072021,   1644
000000000,  04,   13072021,   1646
000000000,  04,   13072021,   1646
000000000,  04,   13072021,   1646
103025489,  04,   13072021,   1646
000000000,  01,   13072021,   1650
106000013,  03,   13072021,   1651
103025489,  04,   13072021,   1651
110003994,  01,   13072021,   1653
103024303,  04,   13072021,   1654
110004004,  01,   13072021,   1654
103024303,  01,   13072021,   1656
110004004,  01,   13072021,   1709
104000008,  03,   13072021,   1710
104000338,  03,   13072021,   1710
104000239,  03,   13072021,   1714
104000272,  03,   13072021,   1714
104000237,  05,   13072021,   1718
000000000,  01,   13072021,   1720
110003994,  04,   13072021,   1720
110003994,  04,   13072021,   1725
110004004,  01,   13072021,   1726
104000042,  01,   13072021,   1726
104000047,  01,   13072021,   1726
104000360,  01,   13072021,   1726
110003994,  01,   13072021,   1727
110003994,  01,   13072021,   1727
104000048,  01,   13072021,   1727
000000000,  01,   13072021,   1735
000000000,  01,   13072021,   1737
000000000,  02,   13072021,   1737
000000000,  02,   13072021,   1737
110004004,  01,   13072021,   1740
101001321,  01,   13072021,   1742
104000358,  01,   13072021,   1746
104000358,  01,   13072021,   1749
000000000,  01,   13072021,   1750
110004004,  01,   13072021,   1752
110001868,  03,   13072021,   1753
104000343,  01,   13072021,   1755
104000338,  03,   13072021,   1756
104000285,  01,   13072021,   1758
104000041,  01,   13072021,   1758
103025484,  01,   13072021,   1758
110004004,  01,   13072021,   1758
104000011,  03,   13072021,   1758
104000004,  03,   13072021,   1758
110003994,  04,   13072021,   1758
104000005,  03,   13072021,   1759
104000272,  03,   13072021,   1759
110003994,  01,   13072021,   1759
103024303,  01,   13072021,   1801
104000099,  03,   13072021,   1801
104000043,  01,   13072021,   1803
104000273,  03,   13072021,   1803
103025489,  04,   13072021,   1803
104000005,  03,   13072021,   1804
104000277,  03,   13072021,   1805
110003994,  04,   13072021,   1807
104000467,  03,   13072021,   1807
103025489,  04,   13072021,   1807
104000006,  03,   13072021,   1808
110003994,  01,   13072021,   1809
104000111,  01,   13072021,   1810
104000358,  01,   13072021,   1810
000000000,  03,   13072021,   1810
000000000,  03,   13072021,   1810
000000000,  03,   13072021,   1810
104000239,  03,   13072021,   1810
104000237,  03,   13072021,   1811
104000237,  03,   13072021,   1811
104000098,  03,   13072021,   1811
104000008,  03,   13072021,   1812
104000008,  03,   13072021,   1813
110003994,  01,   13072021,   1813
104000244,  03,   13072021,   1814
104000244,  03,   13072021,   1815
104000088,  03,   13072021,   1821
103025489,  03,   13072021,   1823
103025488,  03,   13072021,   1825
103025488,  03,   13072021,   1825
000000000,  01,   13072021,   1829
104000095,  03,   13072021,   1829
104000334,  01,   13072021,   1829
104000112,  01,   13072021,   1830
101001321,  01,   13072021,   1830
000000000,  01,   13072021,   1843
000000000,  03,   13072021,   1844
103024303,  01,   13072021,   1845
104000297,  03,   13072021,   1848
104000274,  03,   13072021,   1849
103024303,  01,   13072021,   1851
103024303,  03,   13072021,   1858
103024303,  03,   13072021,   1859
101002738,  04,   13072021,   1921
000000000,  03,   13072021,   1945
000000000,  03,   13072021,   1945
101002738,  03,   13072021,   1953
000000000,  03,   13072021,   2112
000000000,  03,   13072021,   2121
000000000,  03,   13072021,   2137
000000000,  03,   13072021,   2204
000000000,  03,   13072021,   2210
000000000,  03,   13072021,   2223
000000000,  03,   13072021,   2241
000000000,  03,   13072021,   2245
000000000,  03,   13072021,   2252
000000000,  03,   13072021,   2255
000000000,  03,   13072021,   2303
000000000,  03,   13072021,   2303
000000000,  03,   13072021,   2316
000000000,  03,   13072021,   2317
000000000,  03,   13072021,   2326
000000000,  03,   13072021,   2329
000000000,  03,   13072021,   2344
101002738,  04,   14072021,   0738
101002738,  03,   14072021,   0738
103025489,  03,   14072021,   0738
103025489,  03,   14072021,   0738
101002738,  05,   14072021,   0741
104000088,  03,   14072021,   0745
106000013,  03,   14072021,   0749
103024303,  03,   14072021,   0753
103024303,  04,   14072021,   0756
103024303,  01,   14072021,   0759
000000000,  03,   14072021,   0804
000000000,  03,   14072021,   0804
000000000,  03,   14072021,   0804
000000000,  03,   14072021,   0804
000000000,  03,   14072021,   0804
103025488,  03,   14072021,   0805
000000000,  03,   14072021,   0818
106000013,  04,   14072021,   0832
106000013,  01,   14072021,   0834
104000048,  01,   14072021,   0838
104000047,  01,   14072021,   0838
104000334,  01,   14072021,   0838
104000046,  01,   14072021,   0839
101001321,  01,   14072021,   0839
000000000,  01,   14072021,   0853
104000041,  01,   14072021,   0909
104000040,  01,   14072021,   0909
104000285,  01,   14072021,   0909
110004004,  01,   14072021,   0909
103025484,  01,   14072021,   0909
103025484,  01,   14072021,   0909
104000338,  03,   14072021,   0910
104000272,  03,   14072021,   0910
104000277,  03,   14072021,   0911
104000005,  03,   14072021,   0911
104000009,  03,   14072021,   0911
104000011,  03,   14072021,   0911
104000004,  03,   14072021,   0911
107000157,  02,   14072021,   0911
104000043,  01,   14072021,   0914
107000157,  02,   14072021,   0918
104000273,  03,   14072021,   0918
110001868,  03,   14072021,   0920
110001868,  05,   14072021,   0920
104000244,  03,   14072021,   0922
104000008,  03,   14072021,   0922
104000239,  03,   14072021,   0922
103025489,  01,   14072021,   0922
106000013,  04,   14072021,   0925
106000013,  01,   14072021,   0925
000000000,  01,   14072021,   0926
000000000,  01,   14072021,   0926
000000000,  01,   14072021,   0928
104000006,  03,   14072021,   0929
103025484,  01,   14072021,   0933
104000343,  01,   14072021,   0934
104000467,  03,   14072021,   0950
104000111,  01,   14072021,   0951
104000358,  01,   14072021,   0951
104000237,  03,   14072021,   0951
104000237,  03,   14072021,   0951
104000098,  03,   14072021,   0951
107000231,  03,   14072021,   0952
000000000,  01,   14072021,   0953
101002738,  02,   14072021,   0954
101002738,  04,   14072021,   0954
000000000,  01,   14072021,   0958
106000013,  04,   14072021,   1003
101001321,  01,   14072021,   1003
000000000,  01,   14072021,   1004
106000013,  02,   14072021,   1004
000000000,  01,   14072021,   1004
000000000,  01,   14072021,   1005
103024303,  04,   14072021,   1007
103024303,  01,   14072021,   1010
106000013,  02,   14072021,   1010
106000013,  04,   14072021,   1010
000000000,  01,   14072021,   1012
103025484,  01,   14072021,   1012
104000222,  01,   14072021,   1021
104000349,  01,   14072021,   1022
110004004,  01,   14072021,   1025
107000231,  04,   14072021,   1028
107000231,  04,   14072021,   1035
110004004,  01,   14072021,   1035
106000013,  04,   14072021,   1037
104000040,  01,   14072021,   1038
106000013,  01,   14072021,   1040
104000112,  01,   14072021,   1041
104000270,  03,   14072021,   1041
107000197,  02,   14072021,   1043
107000197,  04,   14072021,   1043
000000000,  01,   14072021,   1043
104000274,  03,   14072021,   1044
104000297,  03,   14072021,   1044
106000013,  01,   14072021,   1044
107000197,  04,   14072021,   1044
106000013,  04,   14072021,   1045
107000197,  02,   14072021,   1045
000000000,  02,   14072021,   1046
104000040,  01,   14072021,   1046
104000360,  01,   14072021,   1046
107000231,  04,   14072021,   1048
107000231,  02,   14072021,   1049
000000000,  01,   14072021,   1049
000000000,  01,   14072021,   1050
101002738,  01,   14072021,   1051
000000000,  01,   14072021,   1052
104000467,  03,   14072021,   1055
103024303,  02,   14072021,   1055
104000500,  01,   14072021,   1056
101002738,  01,   14072021,   1057
101002738,  04,   14072021,   1057
103024303,  01,   14072021,   1058
104000006,  04,   14072021,   1059
104000006,  04,   14072021,   1103
110003994,  01,   14072021,   1109
107000231,  02,   14072021,   1109
107000231,  04,   14072021,   1109
000000000,  01,   14072021,   1117
101001321,  01,   14072021,   1118
000000000,  01,   14072021,   1124
103025487,  01,   14072021,   1126
104000042,  01,   14072021,   1126
000000000,  01,   14072021,   1129
103024303,  02,   14072021,   1129
103024303,  04,   14072021,   1129
103024303,  04,   14072021,   1130
000000000,  01,   14072021,   1131
104000467,  03,   14072021,   1131
103024303,  01,   14072021,   1132
000000000,  01,   14072021,   1132
104000095,  03,   14072021,   1136
000000000,  01,   14072021,   1137
000000000,  01,   14072021,   1138
000001809,  04,   14072021,   1138
107000185,  02,   14072021,   1139
000001809,  01,   14072021,   1139
104000343,  01,   14072021,   1140
107000231,  04,   14072021,   1140
000000000,  01,   14072021,   1140
107000231,  02,   14072021,   1141
107000185,  02,   14072021,   1142
000000000,  01,   14072021,   1145
103024303,  04,   14072021,   1146
000000000,  01,   14072021,   1146
110001870,  01,   14072021,   1146
104000285,  01,   14072021,   1147
103024303,  01,   14072021,   1148
000001809,  04,   14072021,   1155
000001809,  01,   14072021,   1157
104000008,  03,   14072021,   1157
110001870,  01,   14072021,   1200
107000231,  02,   14072021,   1200
107000231,  04,   14072021,   1201
000000000,  01,   14072021,   1205
000000000,  01,   14072021,   1213
110001870,  01,   14072021,   1216
104000099,  03,   14072021,   1219
000001808,  04,   14072021,   1226
000000000,  01,   14072021,   1227
000000000,  01,   14072021,   1229
104000008,  03,   14072021,   1232
104000272,  03,   14072021,   1234
000001808,  04,   14072021,   1238
000001808,  01,   14072021,   1240
107000231,  04,   14072021,   1243
000001809,  01,   14072021,   1244
000000000,  01,   14072021,   1247
000000000,  01,   14072021,   1248
107000231,  04,   14072021,   1249
000000000,  01,   14072021,   1250
000000000,  01,   14072021,   1250
000000000,  02,   14072021,   1252
000000000,  02,   14072021,   1252
000000000,  02,   14072021,   1252
104000052,  01,   14072021,   1254
104000343,  01,   14072021,   1258
000001808,  01,   14072021,   1258
104000046,  01,   14072021,   1259
000000000,  01,   14072021,   1302
000000000,  01,   14072021,   1304
000000000,  01,   14072021,   1312
000000000,  01,   14072021,   1318
103024303,  04,   14072021,   1322
107000231,  03,   14072021,   1323
104000047,  01,   14072021,   1324
104000047,  01,   14072021,   1324
103024303,  01,   14072021,   1324
103025484,  01,   14072021,   1326
000000000,  01,   14072021,   1329
104000272,  03,   14072021,   1329
104000338,  03,   14072021,   1330
103024303,  01,   14072021,   1331
000000000,  01,   14072021,   1336
104000343,  01,   14072021,   1337
104000343,  01,   14072021,   1337
104000006,  04,   14072021,   1338
104000006,  04,   14072021,   1338
101001321,  01,   14072021,   1339
000000000,  01,   14072021,   1343
000000000,  01,   14072021,   1344
104000006,  04,   14072021,   1344
000000000,  01,   14072021,   1345
104000052,  01,   14072021,   1348
104000043,  01,   14072021,   1354
107000231,  03,   14072021,   1356
000000000,  01,   14072021,   1359
104000043,  01,   14072021,   1400
106000013,  04,   14072021,   1406
106000013,  01,   14072021,   1408
000001808,  01,   14072021,   1411
104000237,  05,   14072021,   1422
104000272,  05,   14072021,   1426
106000013,  01,   14072021,   1434
000000000,  01,   14072021,   1435
107000197,  02,   14072021,   1438
107000197,  04,   14072021,   1438
107000185,  02,   14072021,   1438
101002737,  02,   14072021,   1438
000001809,  01,   14072021,   1438
101002737,  04,   14072021,   1439
107000185,  02,   14072021,   1440
000000000,  01,   14072021,   1442
110004004,  01,   14072021,   1447
101002737,  04,   14072021,   1448
101002737,  02,   14072021,   1449
104000343,  01,   14072021,   1450
000001808,  04,   14072021,   1453
000000000,  01,   14072021,   1454
000001809,  04,   14072021,   1458
000001808,  04,   14072021,   1459
110000828,  04,   14072021,   1501
000000000,  01,   14072021,   1501
000001808,  01,   14072021,   1501
000001809,  01,   14072021,   1504
107000231,  04,   14072021,   1509
000000000,  01,   14072021,   1509
110001870,  01,   14072021,   1516
107000231,  04,   14072021,   1517
104000358,  01,   14072021,   1517
104000334,  01,   14072021,   1518
000000000,  01,   14072021,   1520
000000000,  01,   14072021,   1521
106000013,  04,   14072021,   1521
107000231,  04,   14072021,   1521
000000000,  01,   14072021,   1521
103025488,  03,   14072021,   1521
104000467,  03,   14072021,   1522
103025488,  03,   14072021,   1522
107000231,  02,   14072021,   1522
000000000,  01,   14072021,   1523
110001870,  01,   14072021,   1525
106000013,  04,   14072021,   1529
000000000,  01,   14072021,   1530
106000013,  01,   14072021,   1531
101001321,  01,   14072021,   1532
000000000,  01,   14072021,   1535
106000013,  01,   14072021,   1537
101001321,  01,   14072021,   1537
000000000,  01,   14072021,   1539
000000000,  01,   14072021,   1541
000000000,  01,   14072021,   1541
104000343,  01,   14072021,   1542
000000000,  01,   14072021,   1543
101001321,  01,   14072021,   1543
104000046,  01,   14072021,   1545
104000222,  01,   14072021,   1547
104000334,  01,   14072021,   1547
104000358,  01,   14072021,   1547
104000285,  01,   14072021,   1551
000000000,  01,   14072021,   1554
107000231,  02,   14072021,   1554
107000231,  04,   14072021,   1554
110004004,  01,   14072021,   1555
000000000,  01,   14072021,   1555
000000000,  01,   14072021,   1557
000000000,  01,   14072021,   1557
101001321,  01,   14072021,   1601
000000000,  01,   14072021,   1601
104000343,  01,   14072021,   1604
104000338,  03,   14072021,   1605
000000000,  01,   14072021,   1608
101001321,  01,   14072021,   1611
000000000,  01,   14072021,   1612
104000041,  01,   14072021,   1615
110000828,  04,   14072021,   1615
104000041,  01,   14072021,   1616
110000828,  01,   14072021,   1617
104000041,  01,   14072021,   1618
110001870,  01,   14072021,   1618
110001870,  01,   14072021,   1618
110000828,  01,   14072021,   1619
000000000,  02,   14072021,   1621
000000000,  02,   14072021,   1621
000000000,  02,   14072021,   1621
110003994,  01,   14072021,   1621
110000828,  04,   14072021,   1621
110000828,  01,   14072021,   1621
103024303,  01,   14072021,   1631
107000231,  04,   14072021,   1631
104000041,  01,   14072021,   1636
107000231,  04,   14072021,   1638
104000222,  01,   14072021,   1640
104000349,  01,   14072021,   1641
104000006,  04,   14072021,   1644
106000013,  03,   14072021,   1648
104000006,  04,   14072021,   1649
103025484,  01,   14072021,   1655
000000000,  01,   14072021,   1701
104000343,  01,   14072021,   1707
000000000,  01,   14072021,   1708
101001321,  01,   14072021,   1718
000000000,  01,   14072021,   1721
103025484,  01,   14072021,   1721
101001321,  01,   14072021,   1724
104000046,  01,   14072021,   1725
000000000,  01,   14072021,   1726
000000000,  02,   14072021,   1727
000000000,  02,   14072021,   1727
000000000,  02,   14072021,   1727
000000000,  02,   14072021,   1727
000000000,  02,   14072021,   1727
000000000,  02,   14072021,   1727
000000000,  02,   14072021,   1727
000000000,  02,   14072021,   1727
000000000,  02,   14072021,   1727
000000000,  02,   14072021,   1727
000000000,  02,   14072021,   1727
000000000,  02,   14072021,   1727
000000000,  02,   14072021,   1727
000000000,  02,   14072021,   1727
000000000,  02,   14072021,   1727
000000000,  02,   14072021,   1727
000000000,  02,   14072021,   1727
000000000,  04,   14072021,   1728
000000000,  04,   14072021,   1728
000000000,  04,   14072021,   1728
000000000,  04,   14072021,   1728
000000000,  04,   14072021,   1728
104000360,  01,   14072021,   1729
104000047,  01,   14072021,   1729
104000042,  01,   14072021,   1729
104000048,  01,   14072021,   1730
104000270,  03,   14072021,   1730
000000000,  04,   14072021,   1734
000000000,  04,   14072021,   1734
000000000,  04,   14072021,   1734
000000000,  04,   14072021,   1734
000000000,  01,   14072021,   1742
101002738,  02,   14072021,   1746
104000334,  01,   14072021,   1747
104000334,  01,   14072021,   1747
101002738,  04,   14072021,   1748
104000334,  01,   14072021,   1748
000000000,  01,   14072021,   1748
104000048,  01,   14072021,   1749
104000334,  01,   14072021,   1753
000000000,  01,   14072021,   1753
000000000,  01,   14072021,   1755
104000338,  03,   14072021,   1758
104000041,  01,   14072021,   1759
104000040,  01,   14072021,   1759
000000000,  01,   14072021,   1759
104000285,  01,   14072021,   1759
110004004,  01,   14072021,   1759
107000157,  02,   14072021,   1759
107000157,  04,   14072021,   1759
110001868,  03,   14072021,   1800
104000043,  01,   14072021,   1802
104000343,  01,   14072021,   1802
107000231,  03,   14072021,   1802
104000099,  03,   14072021,   1804
104000237,  03,   14072021,   1805
104000111,  01,   14072021,   1805
104000358,  01,   14072021,   1806
104000046,  01,   14072021,   1806
104000273,  03,   14072021,   1808
104000011,  03,   14072021,   1809
103024303,  01,   14072021,   1809
104000334,  01,   14072021,   1810
104000098,  03,   14072021,   1810
104000048,  01,   14072021,   1810
104000004,  03,   14072021,   1810
104000272,  03,   14072021,   1810
104000009,  03,   14072021,   1811
104000239,  03,   14072021,   1811
104000112,  01,   14072021,   1811
104000005,  03,   14072021,   1812
101001321,  01,   14072021,   1812
104000277,  03,   14072021,   1812
104000244,  03,   14072021,   1812
000000000,  01,   14072021,   1816
103024303,  01,   14072021,   1818
104000008,  03,   14072021,   1820
103024303,  01,   14072021,   1821
104000467,  03,   14072021,   1823
104000088,  03,   14072021,   1827
000000000,  02,   14072021,   1853
000000000,  02,   14072021,   1903
000000000,  03,   14072021,   1909
000000000,  03,   14072021,   1915
104000297,  03,   14072021,   1915
104000274,  03,   14072021,   1915
103025489,  03,   14072021,   1950
101002738,  04,   14072021,   1953
101002738,  05,   14072021,   2059
000000000,  03,   14072021,   2126
000000000,  03,   14072021,   2137
104000095,  03,   14072021,   2200
101002738,  03,   14072021,   2201
000000000,  03,   14072021,   2310
000000000,  03,   14072021,   2310
000000000,  03,   14072021,   2311
101002738,  04,   15072021,   0738
104000088,  03,   15072021,   0739
101002738,  03,   15072021,   0739
103025489,  03,   15072021,   0739
101002738,  05,   15072021,   0742
103024303,  03,   15072021,   0748
106000013,  03,   15072021,   0750
106000013,  03,   15072021,   0750
103024303,  01,   15072021,   0752
103025488,  03,   15072021,   0803
000000000,  03,   15072021,   0828
101001321,  01,   15072021,   0837
106000013,  04,   15072021,   0838
106000013,  01,   15072021,   0840
000000000,  01,   15072021,   0853
000000000,  01,   15072021,   0901
000000000,  01,   15072021,   0903
104000048,  01,   15072021,   0910
104000047,  01,   15072021,   0910
104000046,  01,   15072021,   0910
104000112,  01,   15072021,   0910
104000270,  03,   15072021,   0910
110001868,  03,   15072021,   0912
000000000,  02,   15072021,   0913
000000000,  02,   15072021,   0913
104000360,  01,   15072021,   0914
103025484,  01,   15072021,   0914
103024303,  01,   15072021,   0916
000000000,  01,   15072021,   0917
000001809,  01,   15072021,   0918
104000285,  01,   15072021,   0920
110004004,  01,   15072021,   0920
104000040,  01,   15072021,   0920
104000041,  01,   15072021,   0920
104000338,  03,   15072021,   0921
103024303,  01,   15072021,   0921
104000239,  03,   15072021,   0922
104000008,  03,   15072021,   0922
107000157,  02,   15072021,   0922
104000244,  03,   15072021,   0922
000000000,  01,   15072021,   0922
104000052,  01,   15072021,   0924
106000013,  04,   15072021,   0925
104000273,  03,   15072021,   0925
106000013,  01,   15072021,   0925
104000006,  03,   15072021,   0928
000000000,  03,   15072021,   0928
000001809,  04,   15072021,   0928
000001809,  01,   15072021,   0929
000000000,  03,   15072021,   0929
000000000,  03,   15072021,   0929
104000047,  01,   15072021,   0930
000000000,  03,   15072021,   0930
000000000,  03,   15072021,   0930
000000000,  03,   15072021,   0930
000000000,  03,   15072021,   0930
000000000,  03,   15072021,   0930
000000000,  03,   15072021,   0930
000000000,  03,   15072021,   0931
000000000,  03,   15072021,   0931
000000000,  03,   15072021,   0931
104000043,  01,   15072021,   0931
000000000,  03,   15072021,   0931
000000000,  03,   15072021,   0931
000000000,  03,   15072021,   0931
000000000,  03,   15072021,   0931
000000000,  03,   15072021,   0931
000001809,  04,   15072021,   0932
000000000,  01,   15072021,   0932
104000277,  03,   15072021,   0933
104000005,  03,   15072021,   0933
104000011,  03,   15072021,   0933
104000009,  03,   15072021,   0933
104000004,  03,   15072021,   0933
000001809,  01,   15072021,   0934
000000000,  01,   15072021,   0937
104000343,  01,   15072021,   0937
104000285,  01,   15072021,   0939
104000467,  03,   15072021,   0941
104000041,  01,   15072021,   0943
104000047,  01,   15072021,   0943
104000042,  01,   15072021,   0943
104000052,  01,   15072021,   0946
000000000,  01,   15072021,   0946
000000000,  01,   15072021,   0952
104000343,  01,   15072021,   0956
104000285,  01,   15072021,   1000
106000013,  04,   15072021,   1006
104000043,  01,   15072021,   1007
106000013,  02,   15072021,   1007
104000043,  01,   15072021,   1008
104000111,  01,   15072021,   1008
104000358,  01,   15072021,   1008
104000237,  03,   15072021,   1009
104000099,  03,   15072021,   1009
104000098,  03,   15072021,   1009
104000222,  01,   15072021,   1011
106000013,  02,   15072021,   1014
000000000,  01,   15072021,   1014
106000013,  04,   15072021,   1014
000000000,  01,   15072021,   1015
104000349,  01,   15072021,   1017
000000000,  01,   15072021,   1018
103025484,  01,   15072021,   1024
104000046,  01,   15072021,   1028
110004004,  01,   15072021,   1029
101002738,  01,   15072021,   1039
104000040,  01,   15072021,   1040
103025484,  01,   15072021,   1044
000000000,  02,   15072021,   1044
000000000,  01,   15072021,   1051
101002738,  04,   15072021,   1056
101002738,  01,   15072021,   1056
110001870,  01,   15072021,   1056
101002738,  04,   15072021,   1100
104000343,  01,   15072021,   1100
104000338,  03,   15072021,   1100
104000040,  01,   15072021,   1100
000000000,  04,   15072021,   1101
000000000,  04,   15072021,   1101
103025488,  03,   15072021,   1102
104000006,  04,   15072021,   1103
104000041,  01,   15072021,   1103
104000047,  01,   15072021,   1103
104000006,  04,   15072021,   1107
104000360,  01,   15072021,   1108
104000042,  01,   15072021,   1109
104000360,  01,   15072021,   1109
110003994,  01,   15072021,   1109
104000360,  01,   15072021,   1109
110003994,  01,   15072021,   1110
110001870,  01,   15072021,   1111
107000197,  02,   15072021,   1117
107000197,  04,   15072021,   1117
104000297,  03,   15072021,   1118
104000274,  03,   15072021,   1118
106000008,  04,   15072021,   1121
106000008,  04,   15072021,   1125
000001809,  04,   15072021,   1128
000001809,  01,   15072021,   1129
104000040,  01,   15072021,   1131
000001809,  04,   15072021,   1134
103025484,  01,   15072021,   1135
000001809,  01,   15072021,   1137
000001809,  01,   15072021,   1137
104000008,  03,   15072021,   1138
000000000,  01,   15072021,   1144
104000360,  01,   15072021,   1145
104000095,  03,   15072021,   1150
000001809,  01,   15072021,   1155
000000000,  01,   15072021,   1155
