101002738,  03,   15062021,   0741
101002738,  04,   15062021,   0741
106000013,  03,   15062021,   0744
106000013,  03,   15062021,   0744
101002738,  05,   15062021,   0744
103025489,  03,   15062021,   0747
103024303,  04,   15062021,   0816
103024303,  03,   15062021,   0816
103024303,  01,   15062021,   0819
000000000,  03,   15062021,   0819
103025488,  03,   15062021,   0820
101001321,  01,   15062021,   0822
106000013,  04,   15062021,   0833
106000013,  01,   15062021,   0836
000000000,  02,   15062021,   0847
107000157,  02,   15062021,   0855
104000088,  03,   15062021,   0857
104000222,  01,   15062021,   0915
104000349,  01,   15062021,   0919
104000358,  01,   15062021,   0924
104000111,  01,   15062021,   0924
104000099,  03,   15062021,   0924
104000098,  03,   15062021,   0924
104000274,  03,   15062021,   0925
110001868,  03,   15062021,   0925
104000098,  05,   15062021,   0925
104000274,  05,   15062021,   0925
110004004,  01,   15062021,   0927
104000285,  01,   15062021,   0927
104000041,  01,   15062021,   0927
104000040,  01,   15062021,   0927
104000338,  03,   15062021,   0927
104000237,  03,   15062021,   0928
104000043,  01,   15062021,   0929
104000343,  01,   15062021,   0936
106000013,  04,   15062021,   0937
104000277,  03,   15062021,   0937
104000272,  03,   15062021,   0937
104000009,  03,   15062021,   0937
104000005,  03,   15062021,   0937
106000013,  01,   15062021,   0937
104000011,  03,   15062021,   0937
104000004,  05,   15062021,   0938
104000009,  05,   15062021,   0938
104000005,  05,   15062021,   0938
101002738,  04,   15062021,   0939
101002738,  01,   15062021,   0942
104000270,  03,   15062021,   0942
101002738,  04,   15062021,   0944
101002738,  01,   15062021,   0944
000000000,  03,   15062021,   1001
000000000,  03,   15062021,   1002
000000000,  03,   15062021,   1002
000000000,  03,   15062021,   1003
000000000,  03,   15062021,   1003
104000042,  01,   15062021,   1011
110003994,  01,   15062021,   1018
101001320,  01,   15062021,   1018
104000500,  01,   15062021,   1021
106000013,  04,   15062021,   1022
000000000,  02,   15062021,   1023
000000000,  02,   15062021,   1026
104000048,  01,   15062021,   1029
104000047,  01,   15062021,   1029
104000112,  01,   15062021,   1029
104000046,  01,   15062021,   1029
104000360,  01,   15062021,   1029
104000334,  01,   15062021,   1029
104000334,  01,   15062021,   1029
103024303,  04,   15062021,   1032
000000000,  01,   15062021,   1033
110001870,  01,   15062021,   1033
110001870,  01,   15062021,   1033
106000013,  02,   15062021,   1033
107000197,  02,   15062021,   1034
107000197,  02,   15062021,   1034
107000197,  02,   15062021,   1034
106000013,  02,   15062021,   1035
106000013,  02,   15062021,   1035
106000013,  02,   15062021,   1035
106000013,  04,   15062021,   1036
000000000,  01,   15062021,   1037
104000358,  01,   15062021,   1038
103024303,  01,   15062021,   1039
104000046,  01,   15062021,   1039
104000046,  01,   15062021,   1039
104000285,  01,   15062021,   1040
104000046,  01,   15062021,   1046
000000000,  01,   15062021,   1105
101001321,  01,   15062021,   1112
106000013,  04,   15062021,   1114
106000013,  01,   15062021,   1117
106000013,  01,   15062021,   1124
106000013,  04,   15062021,   1124
104000244,  03,   15062021,   1125
104000244,  03,   15062021,   1125
104000239,  03,   15062021,   1125
105000021,  02,   15062021,   1125
104000006,  03,   15062021,   1128
000000000,  02,   15062021,   1133
000000000,  02,   15062021,   1133
000000000,  01,   15062021,   1133
104000285,  01,   15062021,   1137
104000297,  03,   15062021,   1138
000000000,  01,   15062021,   1139
103024303,  01,   15062021,   1141
104000042,  01,   15062021,   1149
110001870,  04,   15062021,   1151
110001870,  01,   15062021,   1151
101002737,  02,   15062021,   1158
000000000,  01,   15062021,   1200
101002737,  02,   15062021,   1205
101002737,  02,   15062021,   1205
000000000,  01,   15062021,   1205
107000197,  02,   15062021,   1205
107000197,  02,   15062021,   1207
107000197,  04,   15062021,   1207
104000095,  03,   15062021,   1208
110001870,  01,   15062021,   1209
000001809,  01,   15062021,   1211
000000000,  01,   15062021,   1215
104000042,  01,   15062021,   1215
000000000,  01,   15062021,   1215
110004004,  01,   15062021,   1217
110004004,  04,   15062021,   1218
000000000,  03,   15062021,   1222
000000000,  03,   15062021,   1222
000000000,  03,   15062021,   1222
000000000,  03,   15062021,   1222
000000000,  03,   15062021,   1222
000000000,  03,   15062021,   1222
000000000,  03,   15062021,   1223
000000000,  03,   15062021,   1223
000000000,  01,   15062021,   1224
000000000,  03,   15062021,   1225
000000000,  03,   15062021,   1225
000000000,  03,   15062021,   1225
000000000,  01,   15062021,   1225
000000000,  03,   15062021,   1225
000000000,  03,   15062021,   1226
000000000,  03,   15062021,   1226
000000000,  03,   15062021,   1227
000000000,  03,   15062021,   1227
000000000,  03,   15062021,   1228
110004004,  01,   15062021,   1228
105000082,  02,   15062021,   1229
105000082,  04,   15062021,   1229
000000000,  03,   15062021,   1231
000000000,  01,   15062021,   1233
000001809,  04,   15062021,   1233
000000000,  03,   15062021,   1234
000001809,  01,   15062021,   1234
104000222,  01,   15062021,   1235
104000500,  01,   15062021,   1238
104000343,  01,   15062021,   1240
105000082,  04,   15062021,   1242
000000000,  02,   15062021,   1242
105000082,  02,   15062021,   1242
101002738,  02,   15062021,   1249
101002738,  04,   15062021,   1249
103025488,  03,   15062021,   1255
105000021,  02,   15062021,   1303
000000000,  01,   15062021,   1304
000001809,  04,   15062021,   1305
000001809,  01,   15062021,   1307
000000000,  02,   15062021,   1308
104000046,  01,   15062021,   1310
104000046,  01,   15062021,   1314
104000358,  01,   15062021,   1316
104000047,  01,   15062021,   1318
104000047,  01,   15062021,   1326
000000000,  01,   15062021,   1332
104000239,  05,   15062021,   1333
104000237,  05,   15062021,   1333
104000098,  05,   15062021,   1333
104000270,  05,   15062021,   1335
104000237,  05,   15062021,   1337
103024303,  01,   15062021,   1337
104000272,  05,   15062021,   1338
104000006,  04,   15062021,   1342
104000006,  04,   15062021,   1347
000001809,  01,   15062021,   1348
000000000,  01,   15062021,   1356
104000338,  03,   15062021,   1359
000001809,  04,   15062021,   1400
000001809,  01,   15062021,   1403
101001320,  01,   15062021,   1405
105000021,  02,   15062021,   1406
106000013,  04,   15062021,   1406
106000013,  01,   15062021,   1408
000000000,  01,   15062021,   1410
000000000,  01,   15062021,   1411
000000000,  02,   15062021,   1412
103024303,  01,   15062021,   1412
000000000,  01,   15062021,   1413
104000046,  01,   15062021,   1416
104000343,  01,   15062021,   1422
104000343,  01,   15062021,   1428
104000343,  01,   15062021,   1429
000001808,  01,   15062021,   1434
000001809,  01,   15062021,   1434
000000000,  01,   15062021,   1440
000001809,  01,   15062021,   1442
110004004,  01,   15062021,   1447
104000009,  03,   15062021,   1448
000000000,  01,   15062021,   1458
000000000,  01,   15062021,   1459
104000360,  01,   15062021,   1459
104000222,  01,   15062021,   1501
000000000,  01,   15062021,   1501
000000000,  01,   15062021,   1504
104000009,  03,   15062021,   1506
104000009,  05,   15062021,   1507
103024303,  04,   15062021,   1508
104000098,  04,   15062021,   1508
104000338,  03,   15062021,   1510
103024303,  01,   15062021,   1510
000000000,  02,   15062021,   1511
000000000,  02,   15062021,   1511
000000000,  02,   15062021,   1511
000000000,  02,   15062021,   1511
104000222,  01,   15062021,   1513
104000360,  01,   15062021,   1514
104000358,  01,   15062021,   1514
104000334,  01,   15062021,   1514
104000334,  01,   15062021,   1515
104000358,  01,   15062021,   1515
104000222,  01,   15062021,   1516
105000021,  02,   15062021,   1520
110003994,  01,   15062021,   1523
106000013,  04,   15062021,   1524
000000000,  01,   15062021,   1524
103024303,  01,   15062021,   1524
106000013,  01,   15062021,   1524
000000000,  02,   15062021,   1525
000000000,  02,   15062021,   1525
104000006,  04,   15062021,   1525
000000000,  02,   15062021,   1525
104000006,  04,   15062021,   1525
104000098,  02,   15062021,   1528
110001870,  01,   15062021,   1528
104000098,  04,   15062021,   1528
104000006,  04,   15062021,   1530
000000000,  01,   15062021,   1531
105000264,  02,   15062021,   1535
105000264,  04,   15062021,   1535
101001321,  01,   15062021,   1538
000001809,  04,   15062021,   1540
000001808,  04,   15062021,   1541
000001809,  01,   15062021,   1541
000000000,  01,   15062021,   1542
000000000,  01,   15062021,   1543
000001809,  04,   15062021,   1547
000001809,  04,   15062021,   1547
000001809,  04,   15062021,   1547
000001809,  01,   15062021,   1549
000000000,  01,   15062021,   1549
104000334,  01,   15062021,   1550
104000358,  01,   15062021,   1550
000001809,  01,   15062021,   1552
101002738,  04,   15062021,   1556
101002738,  01,   15062021,   1558
106000013,  04,   15062021,   1602
104000098,  03,   15062021,   1602
106000013,  01,   15062021,   1605
104000043,  01,   15062021,   1609
101002738,  04,   15062021,   1609
101002738,  01,   15062021,   1609
110000828,  01,   15062021,   1610
106000013,  01,   15062021,   1611
110000828,  04,   15062021,   1614
000000000,  01,   15062021,   1615
000000000,  01,   15062021,   1616
104000272,  03,   15062021,   1623
105000064,  02,   15062021,   1639
105000064,  04,   15062021,   1639
104000043,  01,   15062021,   1639
000000000,  01,   15062021,   1644
104000343,  01,   15062021,   1649
105000021,  02,   15062021,   1650
104000004,  04,   15062021,   1652
000000000,  02,   15062021,   1655
000000000,  02,   15062021,   1655
104000098,  04,   15062021,   1657
104000098,  04,   15062021,   1659
104000098,  04,   15062021,   1659
104000098,  04,   15062021,   1659
106000013,  03,   15062021,   1700
104000098,  04,   15062021,   1701
104000360,  01,   15062021,   1702
104000098,  04,   15062021,   1703
104000098,  04,   15062021,   1703
104000042,  01,   15062021,   1704
104000334,  01,   15062021,   1705
104000046,  01,   15062021,   1705
103024303,  01,   15062021,   1706
104000272,  03,   15062021,   1706
104000098,  04,   15062021,   1708
104000098,  04,   15062021,   1709
104000040,  01,   15062021,   1717
000000000,  01,   15062021,   1718
103025489,  01,   15062021,   1726
104000006,  04,   15062021,   1727
104000006,  04,   15062021,   1727
000000000,  01,   15062021,   1728
104000006,  04,   15062021,   1731
104000047,  01,   15062021,   1737
104000041,  01,   15062021,   1742
104000047,  01,   15062021,   1742
104000041,  01,   15062021,   1742
104000041,  01,   15062021,   1742
104000040,  01,   15062021,   1744
000000000,  01,   15062021,   1744
103024303,  01,   15062021,   1746
104000274,  03,   15062021,   1749
104000041,  01,   15062021,   1750
104000270,  03,   15062021,   1800
104000338,  03,   15062021,   1800
104000040,  01,   15062021,   1801
104000043,  01,   15062021,   1802
104000343,  01,   15062021,   1802
104000043,  01,   15062021,   1802
104000099,  03,   15062021,   1802
104000237,  03,   15062021,   1803
104000285,  01,   15062021,   1803
104000041,  01,   15062021,   1803
110004004,  01,   15062021,   1803
000000000,  01,   15062021,   1804
104000111,  01,   15062021,   1805
104000358,  01,   15062021,   1805
104000011,  03,   15062021,   1807
104000004,  03,   15062021,   1807
104000277,  03,   15062021,   1807
104000349,  01,   15062021,   1810
104000005,  03,   15062021,   1811
104000272,  03,   15062021,   1811
104000098,  03,   15062021,   1811
104000009,  03,   15062021,   1811
104000006,  03,   15062021,   1812
104000239,  03,   15062021,   1815
103024303,  01,   15062021,   1816
103025488,  03,   15062021,   1817
103025488,  03,   15062021,   1819
110001868,  03,   15062021,   1820
104000088,  03,   15062021,   1846
000000000,  02,   15062021,   1849
000000000,  01,   15062021,   1850
104000047,  01,   15062021,   1904
104000047,  01,   15062021,   1911
000000000,  03,   15062021,   1912
103024303,  01,   15062021,   1917
104000112,  01,   15062021,   1930
104000047,  01,   15062021,   1930
104000048,  01,   15062021,   1930
000000000,  01,   15062021,   1938
103024303,  01,   15062021,   1940
103024303,  01,   15062021,   1942
103024303,  03,   15062021,   1946
103025489,  03,   15062021,   1948
104000297,  03,   15062021,   1953
101002738,  04,   15062021,   1958
000000000,  02,   15062021,   2017
000000000,  02,   15062021,   2017
000000000,  03,   15062021,   2021
000000000,  03,   15062021,   2021
000000000,  03,   15062021,   2030
101002738,  01,   15062021,   2037
101002738,  03,   15062021,   2041
000000000,  03,   15062021,   2058
000000000,  03,   15062021,   2119
104000095,  03,   15062021,   2125
101002738,  03,   15062021,   2126
101002738,  04,   16062021,   0748
101002738,  03,   16062021,   0749
106000013,  03,   16062021,   0749
103025489,  03,   16062021,   0749
103025489,  03,   16062021,   0749
101002738,  05,   16062021,   0751
000000000,  03,   16062021,   0815
104000088,  03,   16062021,   0818
103025488,  03,   16062021,   0822
103024303,  03,   16062021,   0823
103024303,  01,   16062021,   0827
101002737,  04,   16062021,   0833
101002737,  02,   16062021,   0834
101002737,  02,   16062021,   0834
101002737,  04,   16062021,   0835
106000013,  04,   16062021,   0837
106000013,  01,   16062021,   0839
000000000,  01,   16062021,   0845
107000157,  04,   16062021,   0847
103025489,  04,   16062021,   0848
107000157,  04,   16062021,   0849
101001320,  01,   16062021,   0858
104000273,  03,   16062021,   0914
104000273,  05,   16062021,   0915
107000157,  02,   16062021,   0915
110004004,  01,   16062021,   0919
104000285,  01,   16062021,   0919
104000041,  01,   16062021,   0920
104000040,  01,   16062021,   0920
104000338,  03,   16062021,   0920
104000274,  03,   16062021,   0920
104000338,  05,   16062021,   0920
104000043,  01,   16062021,   0921
104000349,  01,   16062021,   0923
104000349,  01,   16062021,   0923
104000222,  01,   16062021,   0923
104000360,  01,   16062021,   0930
110001868,  03,   16062021,   0930
106000013,  04,   16062021,   0932
106000013,  01,   16062021,   0932
104000008,  03,   16062021,   0932
104000239,  03,   16062021,   0932
104000244,  03,   16062021,   0932
104000358,  01,   16062021,   0936
104000111,  01,   16062021,   0936
104000099,  03,   16062021,   0936
104000098,  03,   16062021,   0937
104000237,  03,   16062021,   0937
000000000,  03,   16062021,   0937
000000000,  03,   16062021,   0938
000000000,  03,   16062021,   0938
000000000,  01,   16062021,   0940
103024303,  01,   16062021,   0944
103025488,  04,   16062021,   0949
103025488,  01,   16062021,   0952
110003994,  01,   16062021,   0953
000000000,  01,   16062021,   0954
110004004,  01,   16062021,   0956
000000000,  03,   16062021,   0957
000000000,  03,   16062021,   1004
000000000,  03,   16062021,   1004
000000000,  03,   16062021,   1004
110004004,  01,   16062021,   1006
000000000,  03,   16062021,   1006
000000000,  03,   16062021,   1006
000000000,  03,   16062021,   1006
000000000,  03,   16062021,   1009
000000000,  03,   16062021,   1011
000000000,  03,   16062021,   1018
000000000,  03,   16062021,   1018
000000000,  03,   16062021,   1018
000000000,  03,   16062021,   1019
000000000,  03,   16062021,   1019
104000343,  01,   16062021,   1019
000000000,  03,   16062021,   1019
000000000,  03,   16062021,   1020
000000000,  03,   16062021,   1020
000000000,  03,   16062021,   1020
000000000,  03,   16062021,   1020
000000000,  03,   16062021,   1020
000000000,  03,   16062021,   1020
000000000,  03,   16062021,   1020
000000000,  03,   16062021,   1020
000000000,  03,   16062021,   1020
106000013,  04,   16062021,   1022
110001870,  01,   16062021,   1024
110001870,  01,   16062021,   1024
000000000,  02,   16062021,   1024
000000000,  02,   16062021,   1024
000000000,  03,   16062021,   1025
000000000,  03,   16062021,   1025
000000000,  03,   16062021,   1025
000000000,  03,   16062021,   1025
000000000,  03,   16062021,   1026
000000000,  03,   16062021,   1026
000000000,  03,   16062021,   1026
000000000,  03,   16062021,   1026
000000000,  03,   16062021,   1027
000000000,  03,   16062021,   1027
000000000,  03,   16062021,   1027
000000000,  03,   16062021,   1027
000000000,  03,   16062021,   1027
000000000,  03,   16062021,   1027
000000000,  02,   16062021,   1029
106000013,  02,   16062021,   1030
106000013,  02,   16062021,   1031
106000013,  04,   16062021,   1031
000000000,  03,   16062021,   1033
000000000,  03,   16062021,   1033
000000000,  03,   16062021,   1033
104000500,  03,   16062021,   1033
104000270,  03,   16062021,   1034
000000000,  03,   16062021,   1035
000000000,  03,   16062021,   1035
000000000,  03,   16062021,   1035
000000000,  03,   16062021,   1035
104000042,  01,   16062021,   1038
000001802,  04,   16062021,   1038
000000000,  01,   16062021,   1038
110003994,  01,   16062021,   1039
110003994,  01,   16062021,   1039
000000000,  03,   16062021,   1039
000000000,  03,   16062021,   1039
000000000,  03,   16062021,   1040
000000000,  03,   16062021,   1040
000000000,  03,   16062021,   1040
000000000,  03,   16062021,   1040
000000000,  03,   16062021,   1040
000000000,  03,   16062021,   1040
000000000,  03,   16062021,   1041
000000000,  03,   16062021,   1041
000000000,  03,   16062021,   1041
000000000,  03,   16062021,   1041
000000000,  03,   16062021,   1041
000000000,  03,   16062021,   1046
000000000,  03,   16062021,   1046
000000000,  03,   16062021,   1046
000000000,  03,   16062021,   1046
000000000,  03,   16062021,   1046
000000000,  03,   16062021,   1046
000000000,  03,   16062021,   1046
000000000,  03,   16062021,   1046
000000000,  03,   16062021,   1047
000000000,  03,   16062021,   1047
000000000,  03,   16062021,   1047
000000000,  03,   16062021,   1047
000000000,  03,   16062021,   1048
000000000,  03,   16062021,   1048
000000000,  03,   16062021,   1048
000000000,  03,   16062021,   1048
000000000,  03,   16062021,   1049
000000000,  03,   16062021,   1049
000000000,  03,   16062021,   1049
000000000,  03,   16062021,   1049
000000000,  03,   16062021,   1049
000000000,  03,   16062021,   1049
000000000,  03,   16062021,   1050
000000000,  03,   16062021,   1051
110004004,  01,   16062021,   1051
000000000,  03,   16062021,   1051
000000000,  03,   16062021,   1051
000000000,  03,   16062021,   1053
110004004,  04,   16062021,   1053
000000000,  03,   16062021,   1053
000000000,  03,   16062021,   1053
000000000,  03,   16062021,   1053
000000000,  03,   16062021,   1054
000000000,  03,   16062021,   1054
000000000,  03,   16062021,   1054
000000000,  03,   16062021,   1054
000000000,  03,   16062021,   1054
000000000,  03,   16062021,   1054
000000000,  03,   16062021,   1054
000000000,  03,   16062021,   1054
000000000,  03,   16062021,   1054
000000000,  03,   16062021,   1054
000000000,  03,   16062021,   1055
101001321,  01,   16062021,   1055
000000000,  03,   16062021,   1055
000000000,  03,   16062021,   1055
000000000,  03,   16062021,   1055
000000000,  03,   16062021,   1055
000000000,  03,   16062021,   1055
000000000,  03,   16062021,   1055
000000000,  03,   16062021,   1055
000000000,  03,   16062021,   1055
000000000,  03,   16062021,   1055
000000000,  03,   16062021,   1055
000000000,  03,   16062021,   1055
000000000,  03,   16062021,   1055
000000000,  03,   16062021,   1055
000000000,  03,   16062021,   1056
000000000,  01,   16062021,   1056
000000000,  03,   16062021,   1056
104000358,  01,   16062021,   1056
000000000,  03,   16062021,   1056
000000000,  03,   16062021,   1056
000000000,  03,   16062021,   1056
000000000,  03,   16062021,   1056
000000000,  03,   16062021,   1056
000000000,  03,   16062021,   1056
000000000,  03,   16062021,   1056
000000000,  03,   16062021,   1056
000000000,  03,   16062021,   1056
104000358,  01,   16062021,   1057
000000000,  03,   16062021,   1057
000000000,  03,   16062021,   1057
000000000,  03,   16062021,   1057
000000000,  03,   16062021,   1057
000000000,  03,   16062021,   1057
000000000,  03,   16062021,   1057
000000000,  03,   16062021,   1057
000000000,  03,   16062021,   1057
000000000,  03,   16062021,   1057
110004004,  01,   16062021,   1057
000000000,  03,   16062021,   1058
000000000,  03,   16062021,   1058
000000000,  03,   16062021,   1058
000000000,  03,   16062021,   1058
000000000,  03,   16062021,   1058
000000000,  03,   16062021,   1058
000000000,  03,   16062021,   1058
000000000,  03,   16062021,   1058
000000000,  03,   16062021,   1059
000000000,  03,   16062021,   1059
101001320,  01,   16062021,   1103
000001802,  04,   16062021,   1103
104000006,  04,   16062021,   1103
101001321,  01,   16062021,   1105
000001802,  01,   16062021,   1105
000000000,  01,   16062021,   1105
101001321,  01,   16062021,   1106
106000013,  04,   16062021,   1108
101001320,  01,   16062021,   1110
106000013,  01,   16062021,   1110
000000000,  01,   16062021,   1110
104000006,  04,   16062021,   1111
000001802,  01,   16062021,   1111
000000000,  01,   16062021,   1111
101001321,  01,   16062021,   1116
104000297,  03,   16062021,   1118
110004004,  01,   16062021,   1122
104000112,  01,   16062021,   1123
104000048,  01,   16062021,   1123
104000047,  01,   16062021,   1123
104000334,  01,   16062021,   1123
104000334,  01,   16062021,   1123
104000046,  01,   16062021,   1124
104000277,  03,   16062021,   1127
104000004,  03,   16062021,   1127
104000272,  03,   16062021,   1127
104000009,  03,   16062021,   1127
000000000,  03,   16062021,   1127
000000000,  03,   16062021,   1127
104000005,  03,   16062021,   1127
000000000,  03,   16062021,   1127
104000011,  03,   16062021,   1127
104000009,  05,   16062021,   1128
104000005,  05,   16062021,   1128
000000000,  03,   16062021,   1128
000000000,  03,   16062021,   1128
106000013,  01,   16062021,   1129
106000013,  04,   16062021,   1131
000000000,  01,   16062021,   1141
101002738,  01,   16062021,   1157
101002738,  04,   16062021,   1158
000000000,  01,   16062021,   1158
000000000,  01,   16062021,   1158
106000008,  02,   16062021,   1205
106000008,  04,   16062021,   1206
000000000,  01,   16062021,   1232
106000008,  02,   16062021,   1234
104000334,  01,   16062021,   1237
104000358,  01,   16062021,   1237
000000000,  01,   16062021,   1238
103024303,  01,   16062021,   1239
000000000,  02,   16062021,   1244
000000000,  02,   16062021,   1244
000000000,  02,   16062021,   1244
000000000,  02,   16062021,   1244
000000000,  02,   16062021,   1249
000000000,  02,   16062021,   1249
000000000,  02,   16062021,   1249
000000000,  02,   16062021,   1249
106000008,  02,   16062021,   1249
106000010,  04,   16062021,   1253
000000000,  02,   16062021,   1253
000000000,  02,   16062021,   1253
000000000,  02,   16062021,   1253
106000010,  04,   16062021,   1254
000000000,  02,   16062021,   1255
101001320,  01,   16062021,   1255
104000334,  01,   16062021,   1257
104000358,  01,   16062021,   1257
000000000,  01,   16062021,   1303
106000010,  02,   16062021,   1306
104000047,  01,   16062021,   1306
106000010,  04,   16062021,   1307
000000000,  01,   16062021,   1312
104000343,  01,   16062021,   1312
000000000,  01,   16062021,   1314
104000047,  01,   16062021,   1315
106000010,  04,   16062021,   1317
000000000,  02,   16062021,   1318
104000095,  03,   16062021,   1318
000000000,  01,   16062021,   1319
000000000,  01,   16062021,   1324
101001320,  04,   16062021,   1328
000000000,  01,   16062021,   1328
101001320,  04,   16062021,   1330
101002738,  04,   16062021,   1331
000000000,  02,   16062021,   1332
101002738,  02,   16062021,   1333
101001320,  01,   16062021,   1333
101002738,  04,   16062021,   1333
101001320,  04,   16062021,   1337
000000000,  01,   16062021,   1338
000000000,  04,   16062021,   1340
000000000,  04,   16062021,   1340
000000000,  04,   16062021,   1340
000000000,  04,   16062021,   1340
000000000,  04,   16062021,   1340
101001320,  04,   16062021,   1340
000000000,  01,   16062021,   1343
000000000,  01,   16062021,   1343
101001320,  01,   16062021,   1343
000000000,  01,   16062021,   1349
103024303,  01,   16062021,   1350
000000000,  01,   16062021,   1351
104000047,  01,   16062021,   1356
106000128,  02,   16062021,   1358
106000013,  04,   16062021,   1401
103024303,  01,   16062021,   1402
106000013,  01,   16062021,   1403
106000013,  01,   16062021,   1403
000000000,  02,   16062021,   1403
104000006,  04,   16062021,   1405
104000006,  04,   16062021,   1405
104000006,  04,   16062021,   1409
000000000,  01,   16062021,   1410
000000000,  01,   16062021,   1412
103024303,  01,   16062021,   1416
000000000,  01,   16062021,   1417
000000000,  01,   16062021,   1418
103025489,  01,   16062021,   1420
103025489,  04,   16062021,   1422
000000000,  01,   16062021,   1423
000000000,  01,   16062021,   1423
000000000,  01,   16062021,   1426
106000128,  02,   16062021,   1435
000000000,  02,   16062021,   1436
104000343,  01,   16062021,   1437
000000000,  01,   16062021,   1444
000000000,  01,   16062021,   1445
000000000,  01,   16062021,   1446
000000000,  01,   16062021,   1447
000000000,  01,   16062021,   1449
000000000,  01,   16062021,   1452
104000274,  03,   16062021,   1452
110000828,  01,   16062021,   1455
104000358,  01,   16062021,   1500
000000000,  01,   16062021,   1501
104000360,  01,   16062021,   1501
104000334,  01,   16062021,   1501
104000358,  01,   16062021,   1501
000000000,  01,   16062021,   1502
104000274,  03,   16062021,   1504
000000000,  03,   16062021,   1504
000000000,  03,   16062021,   1505
104000237,  05,   16062021,   1508
106000013,  04,   16062021,   1510
106000013,  01,   16062021,   1510
104000239,  05,   16062021,   1512
104000237,  05,   16062021,   1514
110001870,  01,   16062021,   1519
000000000,  01,   16062021,   1523
103024303,  01,   16062021,   1525
104000047,  01,   16062021,   1529
104000360,  01,   16062021,   1537
104000358,  01,   16062021,   1537
104000334,  01,   16062021,   1537
104000334,  01,   16062021,   1537
000000000,  01,   16062021,   1538
104000222,  01,   16062021,   1540
104000006,  04,   16062021,   1544
104000006,  04,   16062021,   1548
104000046,  01,   16062021,   1548
103024303,  04,   16062021,   1557
000000000,  01,   16062021,   1558
106000013,  04,   16062021,   1559
104000046,  01,   16062021,   1601
106000013,  01,   16062021,   1603
106000013,  01,   16062021,   1605
103024303,  01,   16062021,   1606
101001321,  01,   16062021,   1609
000000000,  01,   16062021,   1620
104000040,  01,   16062021,   1623
000000000,  01,   16062021,   1628
101001320,  01,   16062021,   1633
104000338,  05,   16062021,   1638
103025489,  05,   16062021,   1639
104000043,  01,   16062021,   1649
104000041,  01,   16062021,   1650
106000013,  03,   16062021,   1657
104000041,  01,   16062021,   1657
000000000,  01,   16062021,   1701
101002738,  04,   16062021,   1703
101002738,  05,   16062021,   1704
101002738,  01,   16062021,   1705
103024303,  04,   16062021,   1706
103024303,  01,   16062021,   1708
104000343,  01,   16062021,   1710
101002738,  04,   16062021,   1710
101002738,  01,   16062021,   1711
104000222,  01,   16062021,   1716
104000349,  01,   16062021,   1716
104000006,  04,   16062021,   1717
104000046,  01,   16062021,   1718
104000042,  01,   16062021,   1718
104000334,  01,   16062021,   1719
104000360,  01,   16062021,   1719
104000006,  04,   16062021,   1722
000000000,  03,   16062021,   1731
000000000,  03,   16062021,   1734
000000000,  03,   16062021,   1735
000000000,  03,   16062021,   1735
000000000,  03,   16062021,   1735
104000041,  01,   16062021,   1735
000000000,  03,   16062021,   1735
000000000,  03,   16062021,   1735
000000000,  03,   16062021,   1736
000000000,  03,   16062021,   1736
000000000,  03,   16062021,   1736
000000000,  03,   16062021,   1736
000000000,  03,   16062021,   1737
000000000,  03,   16062021,   1737
000000000,  03,   16062021,   1737
000000000,  03,   16062021,   1738
000000000,  03,   16062021,   1739
000000000,  03,   16062021,   1739
000000000,  03,   16062021,   1739
000000000,  03,   16062021,   1740
000000000,  03,   16062021,   1740
000000000,  03,   16062021,   1740
000000000,  03,   16062021,   1740
104000041,  01,   16062021,   1741
000000000,  03,   16062021,   1741
000000000,  03,   16062021,   1741
000000000,  03,   16062021,   1743
000000000,  03,   16062021,   1743
000000000,  03,   16062021,   1744
000000000,  03,   16062021,   1744
000000000,  03,   16062021,   1747
000000000,  03,   16062021,   1747
000000000,  03,   16062021,   1747
000000000,  03,   16062021,   1747
000000000,  03,   16062021,   1747
000000000,  03,   16062021,   1747
000000000,  03,   16062021,   1748
000000000,  03,   16062021,   1748
000000000,  03,   16062021,   1748
000000000,  03,   16062021,   1749
000000000,  03,   16062021,   1749
000000000,  03,   16062021,   1749
000000000,  03,   16062021,   1749
000000000,  03,   16062021,   1749
000000000,  03,   16062021,   1750
000000000,  03,   16062021,   1750
000000000,  03,   16062021,   1750
000000000,  03,   16062021,   1754
000000000,  03,   16062021,   1754
000000000,  03,   16062021,   1756
000000000,  03,   16062021,   1757
000000000,  03,   16062021,   1758
000000000,  03,   16062021,   1759
000000000,  04,   16062021,   1800
000000000,  04,   16062021,   1800
000000000,  04,   16062021,   1800
104000338,  03,   16062021,   1800
000000000,  03,   16062021,   1801
104000099,  03,   16062021,   1802
104000270,  03,   16062021,   1802
104000237,  03,   16062021,   1802
000000000,  03,   16062021,   1802
104000343,  01,   16062021,   1802
000000000,  03,   16062021,   1803
104000285,  01,   16062021,   1803
104000041,  01,   16062021,   1803
104000006,  03,   16062021,   1803
000000000,  03,   16062021,   1804
000000000,  02,   16062021,   1804
000000000,  02,   16062021,   1804
000000000,  02,   16062021,   1804
000000000,  02,   16062021,   1804
000000000,  02,   16062021,   1804
000000000,  02,   16062021,   1804
000000000,  02,   16062021,   1804
000000000,  02,   16062021,   1804
104000277,  03,   16062021,   1805
104000011,  03,   16062021,   1807
110001868,  03,   16062021,   1807
104000239,  03,   16062021,   1807
104000274,  03,   16062021,   1808
104000004,  03,   16062021,   1808
104000047,  01,   16062021,   1809
104000358,  01,   16062021,   1809
104000111,  01,   16062021,   1809
000000000,  03,   16062021,   1810
000000000,  03,   16062021,   1810
104000005,  03,   16062021,   1810
104000009,  03,   16062021,   1810
104000272,  03,   16062021,   1810
104000008,  03,   16062021,   1810
104000273,  03,   16062021,   1811
104000098,  03,   16062021,   1813
104000244,  03,   16062021,   1813
104000047,  01,   16062021,   1814
000000000,  03,   16062021,   1818
103025488,  03,   16062021,   1819
000000000,  03,   16062021,   1820
103025488,  03,   16062021,   1820
000000000,  03,   16062021,   1820
000000000,  03,   16062021,   1822
000000000,  03,   16062021,   1822
000000000,  03,   16062021,   1823
000000000,  03,   16062021,   1824
000000000,  03,   16062021,   1825
000000000,  03,   16062021,   1826
104000088,  03,   16062021,   1835
104000047,  01,   16062021,   1840
104000047,  01,   16062021,   1843
104000048,  01,   16062021,   1843
104000112,  01,   16062021,   1843
104000112,  01,   16062021,   1844
000000000,  01,   16062021,   1858
103024303,  01,   16062021,   1859
103024303,  01,   16062021,   1900
103024303,  03,   16062021,   1902
000000000,  03,   16062021,   1902
000000000,  03,   16062021,   1903
000000000,  03,   16062021,   1903
000000000,  03,   16062021,   1903
000000000,  03,   16062021,   1903
000000000,  03,   16062021,   1903
000000000,  03,   16062021,   1903
000000000,  03,   16062021,   1903
000000000,  03,   16062021,   1903
103024303,  03,   16062021,   1903
000000000,  03,   16062021,   1904
101002737,  02,   16062021,   1914
000000000,  03,   16062021,   1919
000000000,  02,   16062021,   1921
000000000,  02,   16062021,   1921
000000000,  02,   16062021,   1921
000000000,  02,   16062021,   1921
000000000,  02,   16062021,   1952
103025489,  03,   16062021,   1955
104000297,  03,   16062021,   1955
101002738,  04,   16062021,   2017
000000000,  03,   16062021,   2026
000000000,  03,   16062021,   2026
000000000,  03,   16062021,   2050
000000000,  03,   16062021,   2057
000000000,  03,   16062021,   2057
000000000,  03,   16062021,   2057
000000000,  03,   16062021,   2057
000000000,  03,   16062021,   2057
000000000,  03,   16062021,   2105
000000000,  03,   16062021,   2109
000000000,  03,   16062021,   2110
104000095,  03,   16062021,   2142
101002738,  03,   16062021,   2143
000000000,  03,   16062021,   2221
101002738,  04,   17062021,   0733
101002738,  03,   17062021,   0734
101002738,  05,   17062021,   0736
106000013,  03,   17062021,   0745
106000013,  03,   17062021,   0745
103025489,  03,   17062021,   0746
103024303,  04,   17062021,   0747
103024303,  03,   17062021,   0748
103024303,  01,   17062021,   0750
000000000,  03,   17062021,   0811
000000000,  03,   17062021,   0815
000000000,  03,   17062021,   0817
103025488,  03,   17062021,   0819
104000088,  03,   17062021,   0828
000000000,  03,   17062021,   0829
106000013,  04,   17062021,   0831
106000013,  01,   17062021,   0833
107000157,  02,   17062021,   0843
101001320,  01,   17062021,   0855
101001321,  01,   17062021,   0857
000000000,  03,   17062021,   0901
104000048,  01,   17062021,   0913
104000360,  01,   17062021,   0913
104000046,  01,   17062021,   0913
104000047,  01,   17062021,   0913
104000112,  01,   17062021,   0913
104000222,  01,   17062021,   0915
103025488,  05,   17062021,   0916
104000285,  01,   17062021,   0916
104000041,  01,   17062021,   0916
104000040,  01,   17062021,   0916
104000338,  03,   17062021,   0916
103025488,  01,   17062021,   0918
103025488,  01,   17062021,   0919
104000043,  01,   17062021,   0920
104000273,  03,   17062021,   0920
104000111,  01,   17062021,   0932
104000358,  01,   17062021,   0932
104000237,  03,   17062021,   0933
104000098,  03,   17062021,   0933
104000011,  03,   17062021,   0933
104000099,  03,   17062021,   0933
106000013,  04,   17062021,   0936
106000013,  01,   17062021,   0936
104000343,  01,   17062021,   0937
104000277,  03,   17062021,   0937
104000272,  03,   17062021,   0937
000000000,  03,   17062021,   0937
000000000,  03,   17062021,   0937
104000004,  03,   17062021,   0937
104000009,  03,   17062021,   0937
110001868,  03,   17062021,   0937
104000008,  03,   17062021,   0946
104000244,  03,   17062021,   0946
104000239,  03,   17062021,   0946
000000000,  03,   17062021,   0949
104000006,  03,   17062021,   0949
000000000,  03,   17062021,   0949
110001870,  01,   17062021,   1002
104000334,  01,   17062021,   1003
104000334,  01,   17062021,   1003
000000000,  01,   17062021,   1008
104000043,  01,   17062021,   1009
104000043,  01,   17062021,   1009
104000047,  01,   17062021,   1014
110003994,  01,   17062021,   1017
104000349,  01,   17062021,   1018
000000000,  01,   17062021,   1021
106000013,  04,   17062021,   1022
106000013,  04,   17062021,   1022
101001321,  01,   17062021,   1022
107000157,  02,   17062021,   1024
101001321,  04,   17062021,   1025
104000052,  01,   17062021,   1025
000000000,  01,   17062021,   1027
101001321,  01,   17062021,   1027
106000013,  02,   17062021,   1030
104000047,  01,   17062021,   1030
101001320,  01,   17062021,   1030
106000013,  04,   17062021,   1030
104000239,  05,   17062021,   1035
104000004,  05,   17062021,   1045
104000042,  01,   17062021,   1048
000000000,  01,   17062021,   1048
101002738,  01,   17062021,   1056
000000000,  01,   17062021,   1057
101002738,  04,   17062021,   1059
101002738,  01,   17062021,   1059
103024303,  01,   17062021,   1100
106000013,  04,   17062021,   1103
101002738,  04,   17062021,   1103
000000000,  02,   17062021,   1105
101002738,  02,   17062021,   1106
101002738,  04,   17062021,   1106
000000000,  03,   17062021,   1106
106000013,  01,   17062021,   1107
000000000,  01,   17062021,   1108
000000000,  03,   17062021,   1109
103024303,  04,   17062021,   1110
103024303,  01,   17062021,   1113
000000000,  03,   17062021,   1113
000000000,  01,   17062021,   1115
104000343,  01,   17062021,   1123
104000006,  04,   17062021,   1123
104000006,  04,   17062021,   1123
106000013,  04,   17062021,   1128
106000013,  01,   17062021,   1128
104000006,  04,   17062021,   1129
000000000,  03,   17062021,   1131
000000000,  03,   17062021,   1131
000000000,  03,   17062021,   1132
000000000,  03,   17062021,   1132
000000000,  03,   17062021,   1132
000000000,  03,   17062021,   1133
000000000,  03,   17062021,   1133
000000000,  03,   17062021,   1133
000000000,  03,   17062021,   1133
000000000,  03,   17062021,   1133
000000000,  03,   17062021,   1133
000000000,  03,   17062021,   1133
000000000,  03,   17062021,   1133
000000000,  03,   17062021,   1133
000000000,  03,   17062021,   1133
000000000,  03,   17062021,   1133
000000000,  03,   17062021,   1133
000000000,  03,   17062021,   1133
000000000,  03,   17062021,   1134
101002737,  02,   17062021,   1138
101002737,  04,   17062021,   1138
106000128,  02,   17062021,   1141
000001809,  01,   17062021,   1143
104000358,  01,   17062021,   1144
110001870,  01,   17062021,   1145
101002737,  04,   17062021,   1149
101002737,  02,   17062021,   1150
101002737,  02,   17062021,   1150
104000343,  01,   17062021,   1150
110001870,  01,   17062021,   1151
104000041,  01,   17062021,   1153
104000095,  03,   17062021,   1156
104000041,  01,   17062021,   1157
104000274,  03,   17062021,   1157
000001809,  04,   17062021,   1204
000001809,  01,   17062021,   1205
104000343,  01,   17062021,   1209
104000343,  01,   17062021,   1210
000001809,  04,   17062021,   1219
000001809,  01,   17062021,   1221
101001321,  01,   17062021,   1224
000001809,  04,   17062021,   1229
000001809,  01,   17062021,   1230
101001321,  01,   17062021,   1232
101001321,  01,   17062021,   1233
000000000,  02,   17062021,   1237
105000082,  02,   17062021,   1237
105000082,  04,   17062021,   1237
000000000,  01,   17062021,   1238
000000000,  03,   17062021,   1246
000000000,  03,   17062021,   1246
000000000,  03,   17062021,   1247
000000000,  03,   17062021,   1247
000000000,  04,   17062021,   1247
000000000,  04,   17062021,   1247
000000000,  04,   17062021,   1247
000000000,  04,   17062021,   1247
000000000,  04,   17062021,   1247
000000000,  04,   17062021,   1247
000000000,  04,   17062021,   1247
000000000,  04,   17062021,   1247
000000000,  04,   17062021,   1247
000000000,  04,   17062021,   1247
000000000,  04,   17062021,   1247
000000000,  04,   17062021,   1247
000000000,  04,   17062021,   1247
000000000,  04,   17062021,   1247
000000000,  04,   17062021,   1247
000000000,  04,   17062021,   1247
000000000,  04,   17062021,   1247
000000000,  04,   17062021,   1247
000000000,  03,   17062021,   1248
000000000,  02,   17062021,   1249
000000000,  03,   17062021,   1249
000000000,  03,   17062021,   1251
000000000,  03,   17062021,   1251
000000000,  03,   17062021,   1251
103024303,  04,   17062021,   1255
000000000,  01,   17062021,   1256
104000285,  01,   17062021,   1256
000000000,  01,   17062021,   1256
103024303,  04,   17062021,   1256
105000021,  02,   17062021,   1257
000000000,  01,   17062021,   1258
000000000,  03,   17062021,   1301
105000082,  04,   17062021,   1303
000000000,  02,   17062021,   1303
000000000,  02,   17062021,   1303
000000000,  02,   17062021,   1304
104000047,  01,   17062021,   1313
000000000,  01,   17062021,   1321
104000047,  01,   17062021,   1323
104000046,  01,   17062021,   1328
104000046,  01,   17062021,   1328
000000000,  01,   17062021,   1329
000000000,  01,   17062021,   1332
101001320,  01,   17062021,   1334
104000098,  05,   17062021,   1338
103025489,  05,   17062021,   1340
000000000,  01,   17062021,   1340
104000046,  01,   17062021,   1342
104000239,  05,   17062021,   1342
101001321,  01,   17062021,   1343
000000000,  03,   17062021,   1343
103024303,  01,   17062021,   1345
000000000,  01,   17062021,   1349
000000000,  01,   17062021,   1349
000000000,  03,   17062021,   1350
103025488,  03,   17062021,   1351
000000000,  03,   17062021,   1351
000000000,  03,   17062021,   1351
000000000,  03,   17062021,   1351
000000000,  01,   17062021,   1352
000000000,  03,   17062021,   1353
000000000,  03,   17062021,   1356
000000000,  03,   17062021,   1356
000000000,  03,   17062021,   1356
000000000,  03,   17062021,   1356
000000000,  03,   17062021,   1357
000000000,  03,   17062021,   1357
000000000,  03,   17062021,   1357
000000000,  03,   17062021,   1358
000000000,  03,   17062021,   1358
000000000,  03,   17062021,   1358
000000000,  03,   17062021,   1359
000000000,  03,   17062021,   1359
000000000,  03,   17062021,   1401
109000009,  01,   17062021,   1401
104000006,  04,   17062021,   1402
109000009,  01,   17062021,   1403
106000013,  04,   17062021,   1403
106000013,  01,   17062021,   1406
000000000,  03,   17062021,   1408
104000006,  04,   17062021,   1408
105000021,  02,   17062021,   1419
000000000,  03,   17062021,   1423
000000000,  02,   17062021,   1424
000000000,  02,   17062021,   1424
000000000,  02,   17062021,   1424
000000000,  02,   17062021,   1424
104000041,  01,   17062021,   1430
104000041,  01,   17062021,   1430
104000041,  01,   17062021,   1431
104000041,  01,   17062021,   1438
000000000,  01,   17062021,   1439
103024303,  04,   17062021,   1440
103024303,  01,   17062021,   1442
000000000,  03,   17062021,   1445
000000000,  03,   17062021,   1446
105000264,  02,   17062021,   1448
105000264,  04,   17062021,   1448
000000000,  03,   17062021,   1448
000000000,  01,   17062021,   1448
000000000,  03,   17062021,   1448
110001870,  01,   17062021,   1448
104000040,  01,   17062021,   1450
104000041,  01,   17062021,   1450
000000000,  03,   17062021,   1452
000000000,  03,   17062021,   1452
000000000,  03,   17062021,   1452
000000000,  03,   17062021,   1452
000000000,  03,   17062021,   1453
000000000,  03,   17062021,   1453
000000000,  03,   17062021,   1454
000000000,  03,   17062021,   1454
000000000,  03,   17062021,   1454
000000000,  03,   17062021,   1455
000000000,  03,   17062021,   1455
000000000,  03,   17062021,   1456
000000000,  01,   17062021,   1459
000000000,  03,   17062021,   1500
106000013,  01,   17062021,   1502
106000013,  04,   17062021,   1502
104000052,  01,   17062021,   1503
000000000,  03,   17062021,   1504
000000000,  03,   17062021,   1505
101002738,  04,   17062021,   1506
107000197,  02,   17062021,   1509
107000197,  04,   17062021,   1509
101002738,  01,   17062021,   1509
101002738,  01,   17062021,   1509
101002738,  04,   17062021,   1519
000000000,  03,   17062021,   1519
107000197,  02,   17062021,   1519
107000197,  04,   17062021,   1519
000000000,  01,   17062021,   1519
000000000,  01,   17062021,   1520
103025487,  01,   17062021,   1520
104000047,  01,   17062021,   1523
103025487,  01,   17062021,   1526
101001320,  01,   17062021,   1529
000000000,  03,   17062021,   1530
000000000,  03,   17062021,   1530
000000000,  03,   17062021,   1530
000000000,  03,   17062021,   1530
000000000,  03,   17062021,   1530
104000360,  01,   17062021,   1531
106000013,  04,   17062021,   1532
106000013,  01,   17062021,   1535
106000013,  01,   17062021,   1538
104000222,  01,   17062021,   1541
104000360,  01,   17062021,   1541
000000000,  01,   17062021,   1544
000000000,  01,   17062021,   1549
103025489,  03,   17062021,   1549
104000043,  01,   17062021,   1550
104000274,  03,   17062021,   1551
106000013,  03,   17062021,   1555
105000021,  02,   17062021,   1603
104000274,  03,   17062021,   1604
000000000,  02,   17062021,   1609
000000000,  02,   17062021,   1609
104000040,  01,   17062021,   1615
000000000,  01,   17062021,   1617
104000006,  04,   17062021,   1621
104000006,  04,   17062021,   1625
104000043,  01,   17062021,   1631
000000000,  01,   17062021,   1653
000000000,  01,   17062021,   1655
104000046,  01,   17062021,   1657
000000000,  01,   17062021,   1659
104000222,  01,   17062021,   1700
101001320,  01,   17062021,   1703
000000000,  03,   17062021,   1706
000000000,  03,   17062021,   1706
000000000,  03,   17062021,   1706
000000000,  03,   17062021,   1706
000000000,  03,   17062021,   1706
000000000,  03,   17062021,   1706
000000000,  03,   17062021,   1707
000000000,  03,   17062021,   1707
000000000,  03,   17062021,   1707
104000334,  01,   17062021,   1707
000000000,  03,   17062021,   1707
000000000,  03,   17062021,   1707
000000000,  03,   17062021,   1707
000000000,  03,   17062021,   1707
104000046,  01,   17062021,   1707
104000334,  01,   17062021,   1707
104000042,  01,   17062021,   1707
104000360,  01,   17062021,   1707
000000000,  03,   17062021,   1707
000000000,  03,   17062021,   1707
000000000,  03,   17062021,   1708
000000000,  01,   17062021,   1710
104000285,  01,   17062021,   1713
103025488,  02,   17062021,   1715
103025488,  04,   17062021,   1716
103024303,  01,   17062021,   1726
107000197,  02,   17062021,   1734
107000197,  04,   17062021,   1734
000000000,  01,   17062021,   1736
000000000,  03,   17062021,   1740
104000047,  01,   17062021,   1743
104000006,  04,   17062021,   1748
104000006,  04,   17062021,   1749
000000000,  03,   17062021,   1750
104000047,  01,   17062021,   1751
000000000,  03,   17062021,   1751
000000000,  03,   17062021,   1753
110003994,  01,   17062021,   1754
104000006,  04,   17062021,   1754
000000000,  03,   17062021,   1754
000000000,  03,   17062021,   1754
000000000,  03,   17062021,   1755
000000000,  03,   17062021,   1755
000000000,  03,   17062021,   1755
000000000,  03,   17062021,   1756
000000000,  03,   17062021,   1757
000000000,  03,   17062021,   1757
000000000,  01,   17062021,   1757
104000274,  03,   17062021,   1801
104000043,  01,   17062021,   1801
104000338,  03,   17062021,   1801
104000285,  01,   17062021,   1801
104000270,  03,   17062021,   1801
000000000,  01,   17062021,   1801
104000040,  01,   17062021,   1802
103024303,  01,   17062021,   1803
110001868,  03,   17062021,   1803
104000111,  01,   17062021,   1803
104000273,  03,   17062021,   1805
104000277,  03,   17062021,   1805
104000237,  03,   17062021,   1805
104000272,  03,   17062021,   1805
104000004,  03,   17062021,   1807
104000009,  03,   17062021,   1807
104000237,  03,   17062021,   1807
000000000,  03,   17062021,   1809
000000000,  03,   17062021,   1809
000000000,  03,   17062021,   1809
104000099,  03,   17062021,   1810
104000011,  03,   17062021,   1810
000000000,  03,   17062021,   1810
104000098,  03,   17062021,   1810
104000237,  03,   17062021,   1810
104000237,  03,   17062021,   1811
104000008,  03,   17062021,   1813
104000239,  03,   17062021,   1815
103025487,  01,   17062021,   1815
000000000,  01,   17062021,   1815
000000000,  03,   17062021,   1816
000000000,  03,   17062021,   1816
000000000,  03,   17062021,   1816
104000222,  01,   17062021,   1816
000000000,  03,   17062021,   1816
000000000,  03,   17062021,   1816
000000000,  03,   17062021,   1816
000000000,  03,   17062021,   1817
103025487,  01,   17062021,   1819
103024303,  01,   17062021,   1821
000000000,  03,   17062021,   1821
000000000,  03,   17062021,   1822
103025488,  03,   17062021,   1824
103025488,  03,   17062021,   1824
000000000,  03,   17062021,   1825
000000000,  03,   17062021,   1826
000000000,  03,   17062021,   1826
000000000,  03,   17062021,   1826
000000000,  03,   17062021,   1827
107000197,  04,   17062021,   1835
107000197,  02,   17062021,   1835
107000197,  03,   17062021,   1837
000000000,  03,   17062021,   1837
000000000,  03,   17062021,   1841
104000088,  03,   17062021,   1842
104000047,  01,   17062021,   1843
104000048,  01,   17062021,   1843
104000112,  01,   17062021,   1843
000000000,  02,   17062021,   1844
000000000,  01,   17062021,   1848
103024303,  01,   17062021,   1849
103024303,  01,   17062021,   1904
000000000,  03,   17062021,   1907
103024303,  03,   17062021,   1907
000000000,  03,   17062021,   1907
000000000,  03,   17062021,   1907
103024303,  03,   17062021,   1908
101002738,  03,   17062021,   1917
101002738,  03,   17062021,   1937
101002738,  04,   17062021,   1940
104000095,  03,   17062021,   1945
101002738,  03,   17062021,   1951
000000000,  03,   18062021,   1436
000000000,  03,   18062021,   1438
000000000,  03,   18062021,   1648
000000000,  03,   18062021,   1651
000000000,  03,   18062021,   1651
000000000,  03,   18062021,   1653
000000000,  03,   18062021,   1655
000000000,  03,   18062021,   1655
000000000,  03,   18062021,   1656
000000000,  03,   18062021,   1656
000000000,  03,   18062021,   1710
000000000,  03,   18062021,   1710
000000000,  03,   18062021,   1711
000000000,  03,   18062021,   1716
000000000,  03,   18062021,   1724
000000000,  03,   18062021,   1725
000000000,  03,   18062021,   1725
000000000,  03,   18062021,   1725
000000000,  03,   18062021,   1730
000000000,  03,   18062021,   1735
000000000,  03,   18062021,   1739
000000000,  03,   18062021,   1739
000000000,  03,   18062021,   1741
000000000,  03,   18062021,   1743
000000000,  03,   18062021,   1748
000000000,  03,   18062021,   1843
000000000,  03,   18062021,   1851
000000000,  03,   18062021,   1852
000000000,  03,   18062021,   1853
000000000,  03,   18062021,   1853
000000000,  03,   18062021,   1905
000000000,  03,   18062021,   1906
000000000,  03,   18062021,   1906
000000000,  03,   18062021,   1906
000000000,  03,   18062021,   1907
000000000,  03,   18062021,   1907
000000000,  03,   18062021,   1907
000000000,  03,   18062021,   1908
000000000,  03,   18062021,   1908
000000000,  03,   18062021,   1909
000000000,  03,   18062021,   1910
000000000,  03,   18062021,   1910
000000000,  03,   18062021,   1910
000000000,  03,   18062021,   1910
000000000,  03,   18062021,   1910
000000000,  03,   18062021,   1911
000000000,  03,   18062021,   1911
000000000,  03,   18062021,   1911
000000000,  03,   18062021,   1912
000000000,  03,   18062021,   1913
000000000,  03,   18062021,   1913
000000000,  03,   18062021,   1913
000000000,  03,   18062021,   1915
000000000,  03,   18062021,   1916
000000000,  03,   18062021,   1916
000000000,  03,   18062021,   1924
000000000,  03,   18062021,   1924
000000000,  03,   18062021,   1924
000000000,  03,   18062021,   1924
000000000,  03,   18062021,   1928
000000000,  03,   18062021,   1928
000000000,  03,   18062021,   1930
000000000,  03,   18062021,   1930
000000000,  03,   18062021,   1948
000000000,  03,   18062021,   1948
000000000,  03,   18062021,   1949
000000000,  03,   18062021,   1949
000000000,  03,   18062021,   1950
000000000,  03,   18062021,   1950
000000000,  03,   18062021,   1950
000000000,  03,   18062021,   1950
000000000,  03,   18062021,   1950
000000000,  03,   18062021,   1950
000000000,  03,   18062021,   1950
000000000,  03,   18062021,   1950
000000000,  03,   18062021,   1950
000000000,  03,   18062021,   1951
000000000,  03,   18062021,   1951
000000000,  03,   18062021,   1951
000000000,  03,   18062021,   1952
000000000,  03,   18062021,   1952
000000000,  03,   18062021,   1952
000000000,  03,   18062021,   1952
000000000,  03,   18062021,   1954
000000000,  03,   18062021,   1954
000000000,  03,   18062021,   1954
000000000,  03,   18062021,   1955
000000000,  03,   18062021,   1955
000000000,  03,   18062021,   1956
000000000,  03,   18062021,   1956
000000000,  03,   18062021,   1956
000000000,  03,   18062021,   1956
000000000,  03,   18062021,   1956
000000000,  03,   18062021,   1956
000000000,  03,   18062021,   1956
000000000,  03,   18062021,   1956
000000000,  03,   18062021,   1956
000000000,  03,   18062021,   1956
000000000,  03,   18062021,   1956
000000000,  03,   18062021,   1956
000000000,  03,   18062021,   1956
000000000,  03,   18062021,   1956
000000000,  03,   18062021,   1956
000000000,  03,   18062021,   1956
000000000,  03,   18062021,   1957
000000000,  03,   18062021,   1957
000000000,  03,   18062021,   1957
000000000,  03,   18062021,   1957
000000000,  03,   18062021,   1957
000000000,  03,   18062021,   1957
000000000,  03,   18062021,   1957
000000000,  03,   18062021,   1958
000000000,  03,   18062021,   1958
000000000,  03,   18062021,   1958
000000000,  03,   18062021,   1958
000000000,  03,   18062021,   1958
000000000,  03,   18062021,   1958
000000000,  03,   18062021,   1958
000000000,  03,   18062021,   1958
000000000,  03,   18062021,   1958
000000000,  03,   18062021,   1958
000000000,  03,   18062021,   1958
000000000,  03,   18062021,   1959
000000000,  03,   18062021,   1959
000000000,  03,   18062021,   1959
000000000,  03,   18062021,   1959
000000000,  03,   18062021,   1959
000000000,  03,   18062021,   1959
000000000,  03,   18062021,   1959
000000000,  03,   18062021,   1959
000000000,  03,   18062021,   1959
000000000,  03,   18062021,   1959
000000000,  03,   18062021,   1959
000000000,  03,   18062021,   1959
000000000,  03,   18062021,   1959
000000000,  03,   18062021,   1959
000000000,  03,   18062021,   1959
000000000,  03,   18062021,   1959
000000000,  03,   18062021,   1959
000000000,  03,   18062021,   1959
000000000,  03,   18062021,   1959
000000000,  03,   18062021,   1959
000000000,  03,   18062021,   1959
000000000,  03,   18062021,   2000
000000000,  03,   18062021,   2000
000000000,  03,   18062021,   2000
000000000,  03,   18062021,   2000
000000000,  03,   18062021,   2000
000000000,  03,   18062021,   2001
000000000,  03,   18062021,   2007
000000000,  03,   18062021,   2007
000000000,  03,   18062021,   2007
000000000,  03,   18062021,   2008
000000000,  03,   18062021,   2014
000000000,  03,   18062021,   2015
000000000,  03,   18062021,   2020
000000000,  03,   18062021,   2020
000000000,  03,   18062021,   2042
000000000,  03,   18062021,   2042
000000000,  03,   18062021,   2042
000000000,  03,   18062021,   2042
000000000,  03,   18062021,   2042
000000000,  03,   18062021,   2042
000000000,  03,   18062021,   2042
000000000,  03,   18062021,   2042
000000000,  03,   18062021,   2042
000000000,  03,   18062021,   2043
000000000,  03,   18062021,   2043
000000000,  03,   18062021,   2044
000000000,  03,   18062021,   2044
000000000,  03,   18062021,   2044
000000000,  03,   18062021,   2044
000000000,  03,   18062021,   2044
000000000,  03,   18062021,   2044
000000000,  03,   18062021,   2045
000000000,  03,   18062021,   2045
000000000,  03,   18062021,   2045
000000000,  03,   18062021,   2046
000000000,  03,   18062021,   2046
000000000,  03,   18062021,   2046
000000000,  03,   18062021,   2046
000000000,  03,   18062021,   2047
000000000,  03,   18062021,   2047
000000000,  03,   18062021,   2047
000000000,  03,   18062021,   2047
000000000,  03,   18062021,   2047
000000000,  03,   18062021,   2047
000000000,  03,   18062021,   2047
000000000,  03,   18062021,   2047
000000000,  03,   18062021,   2047
000000000,  03,   18062021,   2047
000000000,  03,   18062021,   2047
000000000,  03,   18062021,   2047
000000000,  03,   18062021,   2048
000000000,  03,   18062021,   2048
000000000,  03,   18062021,   2048
000000000,  03,   18062021,   2048
000000000,  03,   18062021,   2049
000000000,  03,   18062021,   2049
000000000,  03,   18062021,   2050
000000000,  03,   18062021,   2050
000000000,  03,   18062021,   2052
000000000,  03,   18062021,   2052
000000000,  03,   18062021,   2052
000000000,  03,   18062021,   2053
000000000,  03,   18062021,   2057
000000000,  03,   18062021,   2058
000000000,  03,   18062021,   2101
000000000,  03,   18062021,   2101
000000000,  03,   18062021,   2105
000000000,  03,   18062021,   2107
000000000,  03,   18062021,   2107
000000000,  03,   18062021,   2107
000000000,  03,   18062021,   2107
000000000,  03,   18062021,   2107
000000000,  03,   18062021,   2108
000000000,  03,   18062021,   2108
000000000,  03,   18062021,   2108
000000000,  03,   18062021,   2108
000000000,  03,   18062021,   2108
000000000,  03,   18062021,   2111
000000000,  03,   18062021,   2111
000000000,  03,   18062021,   2112
000000000,  03,   18062021,   2112
000000000,  03,   18062021,   2112
000000000,  03,   18062021,   2112
000000000,  03,   18062021,   2112
000000000,  03,   18062021,   2112
000000000,  03,   18062021,   2112
000000000,  03,   18062021,   2112
000000000,  03,   18062021,   2113
000000000,  03,   18062021,   2119
000000000,  03,   18062021,   2119
000000000,  03,   18062021,   2119
000000000,  03,   18062021,   2119
000000000,  03,   18062021,   2120
000000000,  03,   18062021,   2120
000000000,  03,   18062021,   2121
000000000,  03,   18062021,   2121
000000000,  03,   18062021,   2121
000000000,  03,   18062021,   2121
000000000,  03,   18062021,   2139
000000000,  03,   18062021,   2140
000000000,  03,   18062021,   2140
000000000,  03,   18062021,   2140
000000000,  03,   18062021,   2140
000000000,  03,   18062021,   2140
000000000,  03,   18062021,   2140
000000000,  03,   18062021,   2140
000000000,  03,   18062021,   2142
000000000,  03,   18062021,   2143
000000000,  03,   18062021,   2144
000000000,  03,   18062021,   2144
000000000,  03,   18062021,   2145
000000000,  03,   18062021,   2145
000000000,  03,   18062021,   2145
000000000,  03,   18062021,   2145
000000000,  03,   18062021,   2145
000000000,  03,   18062021,   2146
000000000,  03,   18062021,   2146
000000000,  03,   18062021,   2147
000000000,  03,   19062021,   0142
000000000,  03,   19062021,   0142
000000000,  03,   19062021,   0150
000000000,  03,   19062021,   0150
000000000,  03,   19062021,   0210
000000000,  03,   19062021,   0211
000000000,  03,   19062021,   0211
000000000,  03,   19062021,   0211
000000000,  03,   19062021,   0211
000000000,  03,   19062021,   0212
000000000,  03,   19062021,   0212
000000000,  03,   19062021,   0212
000000000,  03,   19062021,   0212
000000000,  03,   19062021,   0213
000000000,  03,   19062021,   0213
000000000,  03,   19062021,   0213
000000000,  03,   19062021,   0213
000000000,  03,   19062021,   0213
000000000,  03,   19062021,   0213
000000000,  03,   19062021,   0213
000000000,  03,   19062021,   0213
000000000,  03,   19062021,   0213
000000000,  03,   19062021,   0213
000000000,  03,   19062021,   0214
000000000,  03,   19062021,   0215
000000000,  03,   19062021,   0215
000000000,  03,   19062021,   0215
000000000,  03,   19062021,   0215
000000000,  03,   19062021,   0216
000000000,  03,   19062021,   0216
000000000,  03,   19062021,   0216
000000000,  03,   19062021,   0217
000000000,  03,   19062021,   0217
000000000,  03,   19062021,   0217
000000000,  03,   19062021,   0219
000000000,  03,   19062021,   0219
000000000,  03,   19062021,   0220
000000000,  03,   19062021,   0220
000000000,  03,   19062021,   0220
000000000,  03,   19062021,   0220
000000000,  03,   19062021,   0221
000000000,  03,   19062021,   0221
000000000,  03,   19062021,   0223
000000000,  03,   19062021,   0223
000000000,  03,   19062021,   0223
000000000,  03,   19062021,   0224
000000000,  03,   19062021,   0225
000000000,  03,   19062021,   0226
000000000,  03,   19062021,   0226
000000000,  03,   19062021,   0227
000000000,  03,   19062021,   0227
000000000,  03,   19062021,   0227
000000000,  03,   19062021,   0227
000000000,  03,   19062021,   0227
000000000,  03,   19062021,   0227
000000000,  03,   19062021,   0228
000000000,  03,   19062021,   0228
000000000,  03,   19062021,   0228
000000000,  03,   19062021,   0228
000000000,  03,   19062021,   0228
000000000,  03,   19062021,   0228
000000000,  03,   19062021,   0228
000000000,  03,   19062021,   0228
000000000,  03,   19062021,   0229
000000000,  03,   19062021,   0229
000000000,  03,   19062021,   0229
000000000,  03,   19062021,   0229
000000000,  03,   19062021,   0229
000000000,  03,   19062021,   0229
000000000,  03,   19062021,   0229
000000000,  03,   19062021,   0229
000000000,  03,   19062021,   0230
000000000,  03,   19062021,   0231
000000000,  03,   19062021,   0231
000000000,  03,   19062021,   0231
000000000,  03,   19062021,   0232
000000000,  03,   19062021,   0232
000000000,  03,   19062021,   0232
000000000,  03,   19062021,   0232
000000000,  03,   19062021,   0232
000000000,  03,   19062021,   0232
000000000,  03,   19062021,   0232
000000000,  03,   19062021,   0232
000000000,  03,   19062021,   0232
000000000,  03,   19062021,   0234
000000000,  03,   19062021,   0234
000000000,  03,   19062021,   0235
000000000,  03,   19062021,   0235
000000000,  03,   19062021,   0235
000000000,  03,   19062021,   0235
000000000,  03,   19062021,   0235
000000000,  03,   19062021,   0235
000000000,  03,   19062021,   0236
000000000,  03,   19062021,   0236
000000000,  03,   19062021,   0236
000000000,  03,   19062021,   0236
000000000,  03,   19062021,   0236
000000000,  03,   19062021,   0236
000000000,  03,   19062021,   0237
000000000,  03,   19062021,   0237
000000000,  03,   19062021,   0237
000000000,  03,   19062021,   0237
000000000,  03,   19062021,   0237
000000000,  03,   19062021,   0237
000000000,  03,   19062021,   0237
000000000,  03,   19062021,   0237
000000000,  03,   19062021,   0238
000000000,  03,   19062021,   0238
000000000,  03,   19062021,   0238
000000000,  03,   19062021,   0241
000000000,  03,   19062021,   0241
000000000,  03,   19062021,   0241
000000000,  03,   19062021,   0241
000000000,  03,   19062021,   0243
000000000,  03,   19062021,   0243
000000000,  03,   19062021,   0243
000000000,  03,   19062021,   0243
000000000,  03,   19062021,   0243
000000000,  03,   19062021,   0243
000000000,  03,   19062021,   0243
000000000,  03,   19062021,   0243
000000000,  03,   19062021,   0244
000000000,  03,   19062021,   0244
000000000,  03,   19062021,   0244
000000000,  03,   19062021,   0244
000000000,  03,   19062021,   0244
000000000,  03,   19062021,   0244
000000000,  03,   19062021,   0245
000000000,  03,   19062021,   0245
000000000,  03,   19062021,   0246
000000000,  03,   19062021,   0246
000000000,  03,   19062021,   0247
000000000,  03,   19062021,   0247
000000000,  03,   19062021,   0247
000000000,  03,   19062021,   0247
000000000,  03,   19062021,   0247
000000000,  03,   19062021,   0247
000000000,  03,   19062021,   0248
000000000,  03,   19062021,   0248
000000000,  03,   19062021,   0248
000000000,  03,   19062021,   0248
000000000,  03,   19062021,   0248
000000000,  03,   19062021,   0249
000000000,  03,   19062021,   0250
000000000,  03,   19062021,   0250
000000000,  03,   19062021,   0250
000000000,  03,   19062021,   0250
000000000,  03,   19062021,   0250
000000000,  03,   19062021,   0250
000000000,  03,   19062021,   0250
000000000,  03,   19062021,   0250
000000000,  03,   19062021,   0251
000000000,  03,   19062021,   0251
000000000,  03,   19062021,   0251
000000000,  03,   19062021,   0251
000000000,  03,   19062021,   0251
000000000,  03,   19062021,   0251
000000000,  03,   19062021,   0251
000000000,  03,   19062021,   0252
000000000,  03,   19062021,   0252
000000000,  03,   19062021,   0252
000000000,  03,   19062021,   0252
000000000,  03,   19062021,   0252
000000000,  03,   19062021,   0252
000000000,  03,   19062021,   0253
000000000,  03,   19062021,   0253
000000000,  03,   19062021,   0253
000000000,  03,   19062021,   0253
000000000,  03,   19062021,   0253
000000000,  03,   19062021,   0253
000000000,  03,   19062021,   0254
000000000,  03,   19062021,   0254
000000000,  03,   19062021,   0254
000000000,  03,   19062021,   0254
000000000,  03,   19062021,   0254
000000000,  03,   19062021,   0254
000000000,  03,   19062021,   0255
000000000,  03,   19062021,   0255
000000000,  03,   19062021,   0255
000000000,  03,   19062021,   0255
000000000,  03,   19062021,   0256
000000000,  03,   19062021,   0256
000000000,  03,   19062021,   0256
000000000,  03,   19062021,   0256
000000000,  03,   19062021,   0256
000000000,  03,   19062021,   0256
000000000,  03,   19062021,   0256
000000000,  03,   19062021,   0256
000000000,  03,   19062021,   0256
000000000,  03,   19062021,   0256
000000000,  03,   19062021,   0256
000000000,  03,   19062021,   0256
000000000,  03,   19062021,   0256
000000000,  03,   19062021,   0256
000000000,  03,   19062021,   0256
000000000,  03,   19062021,   0257
000000000,  03,   19062021,   0257
000000000,  03,   19062021,   0257
000000000,  03,   19062021,   0257
000000000,  03,   19062021,   0257
000000000,  03,   19062021,   0257
000000000,  03,   19062021,   0258
000000000,  03,   19062021,   0258
000000000,  03,   19062021,   0259
000000000,  03,   19062021,   0259
000000000,  03,   19062021,   0259
000000000,  03,   19062021,   0259
000000000,  03,   19062021,   0259
000000000,  03,   19062021,   0259
000000000,  03,   19062021,   0259
000000000,  03,   19062021,   0259
000000000,  03,   19062021,   0259
000000000,  03,   19062021,   0259
000000000,  03,   19062021,   0259
000000000,  03,   19062021,   0300
000000000,  03,   19062021,   0300
000000000,  03,   19062021,   0300
000000000,  03,   19062021,   0300
000000000,  03,   19062021,   0301
000000000,  03,   19062021,   0306
000000000,  03,   19062021,   0306
000000000,  03,   19062021,   0306
000000000,  03,   19062021,   0306
000000000,  03,   19062021,   0306
101002738,  04,   19062021,   0736
101002738,  03,   19062021,   0737
101002738,  05,   19062021,   0739
106000013,  03,   19062021,   0745
106000013,  03,   19062021,   0745
106000013,  03,   19062021,   0745
000000000,  03,   19062021,   0756
103024303,  04,   19062021,   0806
103024303,  03,   19062021,   0806
103024303,  01,   19062021,   0809
000000000,  03,   19062021,   0810
103025488,  03,   19062021,   0826
000000000,  01,   19062021,   0828
104000088,  03,   19062021,   0833
106000013,  04,   19062021,   0835
000000000,  03,   19062021,   0835
000000000,  03,   19062021,   0837
106000013,  01,   19062021,   0837
000000000,  03,   19062021,   0837
000000000,  03,   19062021,   0837
000000000,  03,   19062021,   0838
000000000,  03,   19062021,   0839
000000000,  03,   19062021,   0839
000000000,  03,   19062021,   0839
000000000,  03,   19062021,   0839
000000000,  03,   19062021,   0839
000000000,  03,   19062021,   0839
000000000,  03,   19062021,   0839
000000000,  03,   19062021,   0839
000000000,  03,   19062021,   0839
000000000,  03,   19062021,   0839
000000000,  03,   19062021,   0839
000000000,  03,   19062021,   0839
000000000,  03,   19062021,   0839
107000157,  02,   19062021,   0841
000000000,  03,   19062021,   0851
104000274,  03,   19062021,   0852
000000000,  03,   19062021,   0853
000000000,  03,   19062021,   0853
000000000,  03,   19062021,   0853
104000274,  05,   19062021,   0853
000000000,  03,   19062021,   0854
000000000,  03,   19062021,   0854
000000000,  03,   19062021,   0856
000000000,  03,   19062021,   0856
000000000,  03,   19062021,   0856
000000000,  03,   19062021,   0856
000000000,  03,   19062021,   0857
000000000,  03,   19062021,   0858
000000000,  03,   19062021,   0859
000000000,  03,   19062021,   0859
000000000,  01,   19062021,   0901
104000285,  01,   19062021,   0902
104000043,  01,   19062021,   0902
104000338,  03,   19062021,   0903
104000048,  01,   19062021,   0904
104000360,  01,   19062021,   0905
104000112,  01,   19062021,   0905
104000046,  01,   19062021,   0905
104000270,  03,   19062021,   0905
000000000,  03,   19062021,   0906
000000000,  03,   19062021,   0908
000000000,  01,   19062021,   0908
104000222,  01,   19062021,   0909
000000000,  01,   19062021,   0911
104000111,  01,   19062021,   0912
104000237,  03,   19062021,   0912
104000244,  03,   19062021,   0912
104000098,  03,   19062021,   0912
104000099,  03,   19062021,   0913
104000008,  03,   19062021,   0913
104000239,  03,   19062021,   0913
103024303,  01,   19062021,   0914
000000000,  03,   19062021,   0915
000000000,  03,   19062021,   0915
000000000,  03,   19062021,   0915
000000000,  01,   19062021,   0915
104000006,  03,   19062021,   0916
104000349,  01,   19062021,   0924
000000000,  01,   19062021,   0925
104000005,  03,   19062021,   0926
104000004,  03,   19062021,   0926
104000009,  03,   19062021,   0926
104000011,  03,   19062021,   0926
104000005,  05,   19062021,   0926
104000009,  05,   19062021,   0926
104000272,  03,   19062021,   0927
104000046,  01,   19062021,   0928
103024303,  01,   19062021,   0930
104000273,  03,   19062021,   0932
104000343,  01,   19062021,   0936
106000013,  04,   19062021,   0940
106000013,  01,   19062021,   0940
110001868,  03,   19062021,   0942
110003994,  01,   19062021,   0944
110004004,  01,   19062021,   0949
110001870,  01,   19062021,   1000
101001320,  01,   19062021,   1002
101001320,  01,   19062021,   1002
104000042,  01,   19062021,   1009
000000000,  02,   19062021,   1014
000000000,  02,   19062021,   1015
000000000,  02,   19062021,   1015
000000000,  02,   19062021,   1015
000001802,  01,   19062021,   1017
106000128,  02,   19062021,   1024
000000000,  02,   19062021,   1030
000000000,  02,   19062021,   1030
000001802,  04,   19062021,   1033
106000013,  02,   19062021,   1033
000000000,  01,   19062021,   1034
106000013,  04,   19062021,   1037
104000334,  01,   19062021,   1042
104000334,  01,   19062021,   1042
000000000,  01,   19062021,   1043
104000343,  01,   19062021,   1048
000000000,  01,   19062021,   1050
104000343,  01,   19062021,   1054
000001802,  04,   19062021,   1054
000001802,  04,   19062021,   1055
000000000,  02,   19062021,   1056
000000000,  02,   19062021,   1056
000000000,  02,   19062021,   1056
104000006,  04,   19062021,   1057
000001802,  01,   19062021,   1057
104000006,  04,   19062021,   1058
000000000,  01,   19062021,   1104
000000000,  01,   19062021,   1105
104000006,  04,   19062021,   1105
103024303,  04,   19062021,   1106
106000013,  04,   19062021,   1106
000000000,  01,   19062021,   1106
000000000,  01,   19062021,   1107
103024303,  01,   19062021,   1109
106000013,  01,   19062021,   1109
104000040,  01,   19062021,   1112
104000040,  01,   19062021,   1112
104000040,  01,   19062021,   1113
000000000,  01,   19062021,   1115
106000013,  01,   19062021,   1116
104000040,  01,   19062021,   1117
106000013,  04,   19062021,   1118
104000297,  03,   19062021,   1124
104000285,  01,   19062021,   1126
103025488,  04,   19062021,   1127
103025488,  01,   19062021,   1129
000000000,  01,   19062021,   1130
000000000,  01,   19062021,   1132
000000000,  01,   19062021,   1134
000000000,  01,   19062021,   1136
104000285,  01,   19062021,   1143
103025488,  01,   19062021,   1147
000000000,  01,   19062021,   1148
000000000,  01,   19062021,   1148
104000095,  03,   19062021,   1152
104000095,  03,   19062021,   1152
105000264,  02,   19062021,   1156
105000264,  04,   19062021,   1159
104000285,  01,   19062021,   1207
104000040,  01,   19062021,   1207
110001870,  01,   19062021,   1207
110001870,  01,   19062021,   1208
000000000,  01,   19062021,   1213
103025488,  04,   19062021,   1215
000000000,  03,   19062021,   1215
101002738,  04,   19062021,   1216
103025488,  01,   19062021,   1217
000000000,  01,   19062021,   1219
101002738,  01,   19062021,   1219
101002738,  04,   19062021,   1223
000000000,  02,   19062021,   1223
000000000,  02,   19062021,   1223
000000000,  02,   19062021,   1223
101002738,  01,   19062021,   1223
000000000,  02,   19062021,   1227
000000000,  02,   19062021,   1228
000000000,  02,   19062021,   1228
000000000,  02,   19062021,   1228
000000000,  02,   19062021,   1228
000000000,  02,   19062021,   1228
000000000,  02,   19062021,   1228
000000000,  02,   19062021,   1228
104000343,  01,   19062021,   1229
101002738,  04,   19062021,   1230
000000000,  03,   19062021,   1230
000000000,  02,   19062021,   1232
101002738,  04,   19062021,   1233
101002737,  02,   19062021,   1234
109000009,  04,   19062021,   1234
000000000,  01,   19062021,   1236
101002737,  02,   19062021,   1238
104000360,  01,   19062021,   1241
000000000,  02,   19062021,   1243
000000000,  01,   19062021,   1243
000000000,  03,   19062021,   1243
000000000,  03,   19062021,   1243
000000000,  03,   19062021,   1243
104000006,  04,   19062021,   1245
000000000,  03,   19062021,   1246
104000042,  01,   19062021,   1249
104000042,  01,   19062021,   1249
104000042,  01,   19062021,   1249
000000000,  01,   19062021,   1250
104000006,  04,   19062021,   1250
103025488,  01,   19062021,   1252
000000000,  01,   19062021,   1253
000000000,  02,   19062021,   1254
000000000,  02,   19062021,   1254
000000000,  02,   19062021,   1254
000000000,  02,   19062021,   1254
000000000,  02,   19062021,   1254
000000000,  02,   19062021,   1254
000000000,  02,   19062021,   1254
000000000,  03,   19062021,   1254
000000000,  03,   19062021,   1255
000000000,  03,   19062021,   1255
104000277,  03,   19062021,   1255
000000000,  02,   19062021,   1256
000000000,  03,   19062021,   1256
000000000,  03,   19062021,   1256
104000360,  01,   19062021,   1257
104000046,  01,   19062021,   1257
000000000,  03,   19062021,   1258
000000000,  03,   19062021,   1258
000000000,  03,   19062021,   1258
000000000,  03,   19062021,   1259
000000000,  03,   19062021,   1259
000000000,  03,   19062021,   1259
000000000,  03,   19062021,   1259
000000000,  03,   19062021,   1300
000000000,  03,   19062021,   1300
000000000,  03,   19062021,   1300
000000000,  03,   19062021,   1300
000000000,  03,   19062021,   1300
000000000,  03,   19062021,   1300
000000000,  03,   19062021,   1301
000000000,  03,   19062021,   1301
000000000,  02,   19062021,   1301
000000000,  03,   19062021,   1301
000000000,  03,   19062021,   1301
000000000,  01,   19062021,   1301
000000000,  03,   19062021,   1302
000000000,  03,   19062021,   1302
000000000,  03,   19062021,   1302
000000000,  03,   19062021,   1302
000000000,  03,   19062021,   1302
000000000,  03,   19062021,   1302
000000000,  03,   19062021,   1302
000000000,  03,   19062021,   1302
000000000,  03,   19062021,   1302
000000000,  03,   19062021,   1302
000000000,  03,   19062021,   1303
000000000,  03,   19062021,   1303
000000000,  02,   19062021,   1304
000000000,  02,   19062021,   1304
000000000,  02,   19062021,   1306
000000000,  02,   19062021,   1306
107000157,  02,   19062021,   1308
000000000,  02,   19062021,   1328
103024303,  01,   19062021,   1331
104000041,  01,   19062021,   1334
107000157,  02,   19062021,   1338
103024303,  04,   19062021,   1341
103024303,  01,   19062021,   1343
000000000,  01,   19062021,   1343
101002737,  02,   19062021,   1350
101002737,  04,   19062021,   1350
103024303,  01,   19062021,   1354
000000000,  01,   19062021,   1357
106000013,  04,   19062021,   1405
106000013,  01,   19062021,   1407
103024303,  01,   19062021,   1409
107000157,  01,   19062021,   1421
000000000,  01,   19062021,   1425
000000000,  01,   19062021,   1427
101002737,  04,   19062021,   1429
107000157,  02,   19062021,   1430
110001868,  04,   19062021,   1436
110004004,  01,   19062021,   1437
106000013,  01,   19062021,   1438
101002738,  01,   19062021,   1439
101002738,  01,   19062021,   1439
101002738,  04,   19062021,   1440
101002738,  01,   19062021,   1440
000000000,  01,   19062021,   1445
000000000,  01,   19062021,   1446
106000128,  02,   19062021,   1448
000000000,  02,   19062021,   1450
101002738,  05,   19062021,   1509
104000270,  05,   19062021,   1510
101002738,  05,   19062021,   1510
104000239,  05,   19062021,   1515
000000000,  01,   19062021,   1517
104000360,  01,   19062021,   1517
106000128,  02,   19062021,   1519
104000273,  05,   19062021,   1521
000000000,  02,   19062021,   1522
000000000,  04,   19062021,   1525
000000000,  04,   19062021,   1525
000000000,  04,   19062021,   1525
000000000,  04,   19062021,   1525
000000000,  04,   19062021,   1525
000000000,  04,   19062021,   1525
000000000,  04,   19062021,   1525
000000000,  04,   19062021,   1525
000000000,  02,   19062021,   1526
000000000,  02,   19062021,   1526
104000338,  05,   19062021,   1527
104000222,  01,   19062021,   1529
104000360,  01,   19062021,   1529
110004004,  01,   19062021,   1536
104000222,  01,   19062021,   1541
104000099,  03,   19062021,   1554
104000006,  04,   19062021,   1556
104000006,  04,   19062021,   1602
106000013,  04,   19062021,   1604
106000013,  01,   19062021,   1607
106000013,  01,   19062021,   1609
106000013,  03,   19062021,   1641
000000000,  01,   19062021,   1647
103024303,  04,   19062021,   1647
104000343,  01,   19062021,   1650
103025488,  04,   19062021,   1655
103025488,  01,   19062021,   1657
104000046,  01,   19062021,   1658
104000046,  01,   19062021,   1700
103025488,  01,   19062021,   1701
000000000,  02,   19062021,   1708
104000046,  01,   19062021,   1709
104000334,  01,   19062021,   1709
104000360,  01,   19062021,   1709
104000222,  01,   19062021,   1713
104000222,  01,   19062021,   1722
104000349,  01,   19062021,   1722
104000006,  04,   19062021,   1723
104000006,  04,   19062021,   1723
000000000,  01,   19062021,   1725
104000041,  01,   19062021,   1727
104000041,  01,   19062021,   1728
104000041,  01,   19062021,   1728
103024303,  01,   19062021,   1729
104000112,  01,   19062021,   1729
104000006,  04,   19062021,   1730
104000112,  01,   19062021,   1730
104000041,  01,   19062021,   1730
000000000,  01,   19062021,   1731
104000041,  01,   19062021,   1732
104000043,  01,   19062021,   1734
103024303,  01,   19062021,   1735
104000041,  01,   19062021,   1739
104000041,  01,   19062021,   1739
110003994,  01,   19062021,   1747
104000041,  01,   19062021,   1754
104000043,  01,   19062021,   1754
104000040,  01,   19062021,   1755
104000285,  01,   19062021,   1755
110004004,  01,   19062021,   1756
110001868,  03,   19062021,   1759
104000338,  03,   19062021,   1759
104000004,  03,   19062021,   1800
104000011,  03,   19062021,   1800
104000009,  03,   19062021,   1800
104000005,  03,   19062021,   1800
104000043,  01,   19062021,   1800
000000000,  01,   19062021,   1801
104000239,  03,   19062021,   1803
104000244,  03,   19062021,   1803
104000111,  01,   19062021,   1803
104000006,  03,   19062021,   1803
104000237,  03,   19062021,   1803
104000008,  03,   19062021,   1804
104000343,  01,   19062021,   1804
104000270,  03,   19062021,   1805
104000273,  03,   19062021,   1805
104000343,  01,   19062021,   1807
104000272,  03,   19062021,   1809
104000274,  03,   19062021,   1812
104000277,  03,   19062021,   1813
103025488,  03,   19062021,   1814
103025488,  03,   19062021,   1814
104000297,  03,   19062021,   1825
104000048,  01,   19062021,   1826
104000112,  01,   19062021,   1826
104000088,  03,   19062021,   1827
000000000,  01,   19062021,   1832
103024303,  01,   19062021,   1834
103024303,  01,   19062021,   1836
000000000,  03,   19062021,   1838
103024303,  03,   19062021,   1838
000000000,  03,   19062021,   1838
000000000,  03,   19062021,   1838
000000000,  03,   19062021,   1838
000000000,  03,   19062021,   1838
103024303,  03,   19062021,   1839
000000000,  03,   19062021,   1904
101002738,  03,   19062021,   1912
101002738,  03,   19062021,   1936
000000000,  03,   19062021,   1958
000000000,  03,   19062021,   1958
000000000,  03,   19062021,   1958
000000000,  03,   19062021,   1958
000000000,  03,   19062021,   1958
000000000,  03,   19062021,   1958
000000000,  03,   19062021,   1958
000000000,  03,   19062021,   2042
101002738,  04,   19062021,   2108
000000000,  03,   19062021,   2111
104000095,  03,   19062021,   2214
101002738,  03,   19062021,   2215
101002738,  04,   20062021,   0739
101002738,  03,   20062021,   0739
101002738,  05,   20062021,   0742
106000013,  03,   20062021,   0745
106000013,  03,   20062021,   0745
103025488,  03,   20062021,   0811
000000000,  03,   20062021,   0814
103024303,  03,   20062021,   0825
103024303,  01,   20062021,   0827
000001801,  01,   20062021,   0828
104000088,  03,   20062021,   0832
106000013,  04,   20062021,   0835
000000000,  02,   20062021,   0836
106000013,  01,   20062021,   0838
000000000,  01,   20062021,   0839
103024303,  01,   20062021,   0845
107000157,  02,   20062021,   0849
107000157,  02,   20062021,   0849
101001320,  01,   20062021,   0908
104000222,  01,   20062021,   0909
104000112,  01,   20062021,   0917
104000048,  01,   20062021,   0917
104000360,  01,   20062021,   0917
104000334,  01,   20062021,   0917
104000047,  01,   20062021,   0917
104000349,  01,   20062021,   0919
104000349,  01,   20062021,   0919
104000041,  01,   20062021,   0919
104000285,  01,   20062021,   0919
110004004,  01,   20062021,   0919
104000040,  01,   20062021,   0919
104000338,  03,   20062021,   0920
104000338,  05,   20062021,   0920
104000043,  01,   20062021,   0921
104000111,  01,   20062021,   0923
104000046,  01,   20062021,   0923
104000098,  03,   20062021,   0923
104000099,  03,   20062021,   0923
110001868,  03,   20062021,   0924
107000231,  03,   20062021,   0924
104000273,  03,   20062021,   0927
104000237,  03,   20062021,   0927
104000274,  03,   20062021,   0927
106000013,  04,   20062021,   0928
106000013,  01,   20062021,   0928
101001321,  01,   20062021,   0930
104000272,  03,   20062021,   0931
104000005,  03,   20062021,   0931
104000277,  03,   20062021,   0931
104000004,  03,   20062021,   0932
104000009,  03,   20062021,   0932
104000011,  03,   20062021,   0932
104000005,  05,   20062021,   0932
104000009,  05,   20062021,   0932
107000157,  02,   20062021,   0934
103024303,  04,   20062021,   0935
000000000,  01,   20062021,   0935
104000008,  03,   20062021,   0940
104000239,  03,   20062021,   0941
104000244,  03,   20062021,   0941
107000231,  04,   20062021,   0943
103024303,  04,   20062021,   0945
104000343,  01,   20062021,   0946
104000006,  03,   20062021,   0947
103024303,  01,   20062021,   0947
107000231,  04,   20062021,   0948
104000334,  01,   20062021,   0950
000000000,  01,   20062021,   0953
101001321,  04,   20062021,   0955
101001321,  01,   20062021,   0957
104000042,  01,   20062021,   1000
110003994,  01,   20062021,   1004
000000000,  01,   20062021,   1008
000000000,  01,   20062021,   1014
106000013,  04,   20062021,   1016
000000000,  01,   20062021,   1017
000001801,  04,   20062021,   1017
000000000,  02,   20062021,   1018
000000000,  02,   20062021,   1018
000000000,  02,   20062021,   1018
000000000,  02,   20062021,   1018
000000000,  02,   20062021,   1018
000000000,  02,   20062021,   1018
000000000,  02,   20062021,   1018
000000000,  01,   20062021,   1019
106000013,  02,   20062021,   1025
106000013,  04,   20062021,   1025
110001870,  01,   20062021,   1026
104000343,  01,   20062021,   1029
104000244,  03,   20062021,   1031
104000272,  03,   20062021,   1032
104000338,  03,   20062021,   1036
104000047,  01,   20062021,   1041
101002737,  02,   20062021,   1045
101002737,  04,   20062021,   1045
106000128,  02,   20062021,   1045
110004004,  01,   20062021,   1049
000000000,  02,   20062021,   1051
000000000,  02,   20062021,   1051
000000000,  02,   20062021,   1051
104000047,  01,   20062021,   1051
104000006,  04,   20062021,   1054
104000043,  01,   20062021,   1054
110004004,  01,   20062021,   1100
104000043,  01,   20062021,   1104
000000000,  01,   20062021,   1104
104000006,  04,   20062021,   1105
104000285,  01,   20062021,   1106
106000013,  04,   20062021,   1107
104000272,  03,   20062021,   1108
104000244,  03,   20062021,   1108
104000270,  03,   20062021,   1108
106000013,  01,   20062021,   1111
104000338,  03,   20062021,   1114
104000297,  03,   20062021,   1116
101002738,  04,   20062021,   1119
101002738,  01,   20062021,   1122
107000231,  04,   20062021,   1125
104000360,  01,   20062021,   1127
101002738,  04,   20062021,   1129
101002738,  01,   20062021,   1129
107000231,  04,   20062021,   1132
103025487,  02,   20062021,   1133
103025487,  02,   20062021,   1133
103025487,  04,   20062021,   1133
106000013,  01,   20062021,   1134
000000000,  01,   20062021,   1135
106000013,  04,   20062021,   1136
103025489,  03,   20062021,   1143
000000000,  01,   20062021,   1153
000000000,  01,   20062021,   1154
103024303,  04,   20062021,   1155
