101002738,  04,   21032021,   0746
101002738,  03,   21032021,   0746
103025489,  03,   21032021,   0746
106000013,  03,   21032021,   0748
106000013,  03,   21032021,   0748
101002738,  05,   21032021,   0749
103024303,  04,   21032021,   0809
103024303,  03,   21032021,   0809
104000088,  03,   21032021,   0812
103024303,  01,   21032021,   0813
103025488,  03,   21032021,   0814
000000000,  02,   21032021,   0817
101001320,  01,   21032021,   0826
107000157,  02,   21032021,   0828
106000013,  04,   21032021,   0836
106000013,  01,   21032021,   0839
101002738,  04,   21032021,   0842
104000285,  01,   21032021,   0847
104000338,  03,   21032021,   0847
110004004,  01,   21032021,   0847
104000041,  01,   21032021,   0847
104000338,  05,   21032021,   0848
104000043,  01,   21032021,   0848
000000000,  01,   21032021,   0905
104000099,  03,   21032021,   0907
104000111,  01,   21032021,   0907
104000098,  03,   21032021,   0907
104000358,  01,   21032021,   0907
104000237,  03,   21032021,   0909
000000000,  01,   21032021,   0913
104000349,  01,   21032021,   0917
104000349,  01,   21032021,   0917
104000222,  01,   21032021,   0919
104000008,  03,   21032021,   0919
104000239,  03,   21032021,   0919
103024303,  01,   21032021,   0922
104000360,  01,   21032021,   0927
104000046,  01,   21032021,   0927
104000047,  01,   21032021,   0927
104000048,  01,   21032021,   0927
104000244,  03,   21032021,   0927
104000006,  03,   21032021,   0927
104000274,  03,   21032021,   0927
104000334,  01,   21032021,   0927
104000270,  03,   21032021,   0927
104000270,  03,   21032021,   0928
104000112,  01,   21032021,   0928
104000277,  03,   21032021,   0929
104000005,  03,   21032021,   0929
104000009,  03,   21032021,   0929
104000272,  03,   21032021,   0929
106000013,  04,   21032021,   0929
104000004,  05,   21032021,   0930
104000005,  05,   21032021,   0930
104000009,  05,   21032021,   0930
106000013,  01,   21032021,   0930
110001868,  03,   21032021,   0931
104000011,  03,   21032021,   0931
104000334,  01,   21032021,   0932
104000046,  01,   21032021,   0932
104000334,  01,   21032021,   0934
104000273,  03,   21032021,   0934
104000046,  01,   21032021,   0935
104000467,  03,   21032021,   0940
101002738,  02,   21032021,   0943
104000043,  01,   21032021,   0945
101002738,  04,   21032021,   0946
101002738,  01,   21032021,   0946
101002738,  01,   21032021,   0947
000000000,  02,   21032021,   0949
107000157,  02,   21032021,   0954
107000157,  02,   21032021,   0956
110001870,  01,   21032021,   0957
101001321,  01,   21032021,   0958
000000000,  01,   21032021,   1002
104000465,  03,   21032021,   1007
106000013,  04,   21032021,   1012
106000013,  02,   21032021,   1014
104000358,  01,   21032021,   1017
104000358,  01,   21032021,   1017
104000358,  01,   21032021,   1018
103024303,  01,   21032021,   1022
106000013,  02,   21032021,   1022
106000013,  04,   21032021,   1022
104000358,  01,   21032021,   1025
000000000,  01,   21032021,   1025
000000000,  01,   21032021,   1027
104000358,  01,   21032021,   1028
101001321,  01,   21032021,   1029
000000000,  01,   21032021,   1032
000000000,  01,   21032021,   1034
101001320,  04,   21032021,   1036
000000000,  01,   21032021,   1037
101001321,  04,   21032021,   1040
104000042,  01,   21032021,   1043
103024303,  04,   21032021,   1044
101001320,  01,   21032021,   1044
101001320,  01,   21032021,   1045
000000000,  01,   21032021,   1045
000000000,  01,   21032021,   1045
110003994,  01,   21032021,   1046
103024303,  04,   21032021,   1047
104000095,  03,   21032021,   1047
103024303,  01,   21032021,   1049
106000013,  04,   21032021,   1058
106000013,  04,   21032021,   1058
101002738,  01,   21032021,   1059
104000467,  03,   21032021,   1059
000000000,  01,   21032021,   1100
106000013,  01,   21032021,   1101
101002738,  04,   21032021,   1102
104000297,  03,   21032021,   1102
000000000,  01,   21032021,   1103
101002738,  01,   21032021,   1103
106000128,  02,   21032021,   1106
106000128,  02,   21032021,   1109
000000000,  01,   21032021,   1111
106000013,  01,   21032021,   1116
106000013,  04,   21032021,   1117
104000467,  03,   21032021,   1122
000000000,  01,   21032021,   1123
000001809,  01,   21032021,   1128
104000006,  04,   21032021,   1134
110001870,  01,   21032021,   1134
104000006,  04,   21032021,   1142
106000008,  02,   21032021,   1144
104000465,  04,   21032021,   1146
104000467,  04,   21032021,   1146
000000000,  01,   21032021,   1152
104000500,  01,   21032021,   1154
000000000,  01,   21032021,   1200
106000008,  02,   21032021,   1204
107000197,  01,   21032021,   1209
107000197,  01,   21032021,   1210
000001809,  04,   21032021,   1211
000001809,  01,   21032021,   1212
000000000,  01,   21032021,   1216
000000000,  01,   21032021,   1217
104000358,  01,   21032021,   1218
104000358,  01,   21032021,   1218
000000000,  01,   21032021,   1222
107000157,  01,   21032021,   1222
000000000,  01,   21032021,   1223
104000334,  01,   21032021,   1225
000000000,  02,   21032021,   1225
000000000,  01,   21032021,   1231
104000272,  04,   21032021,   1232
107000197,  04,   21032021,   1232
107000197,  02,   21032021,   1233
000001809,  04,   21032021,   1235
104000272,  04,   21032021,   1235
105000064,  04,   21032021,   1236
105000064,  02,   21032021,   1236
000001809,  01,   21032021,   1237
105000064,  02,   21032021,   1238
000001809,  01,   21032021,   1238
107000197,  04,   21032021,   1241
105000021,  02,   21032021,   1241
107000197,  02,   21032021,   1241
000001809,  04,   21032021,   1245
105000021,  02,   21032021,   1246
000000000,  01,   21032021,   1246
104000277,  03,   21032021,   1247
106000128,  02,   21032021,   1253
110003994,  01,   21032021,   1255
104000358,  01,   21032021,   1256
104000334,  01,   21032021,   1256
104000277,  03,   21032021,   1256
106000128,  02,   21032021,   1259
000000000,  01,   21032021,   1316
104000041,  01,   21032021,   1316
000000000,  01,   21032021,   1317
000000000,  01,   21032021,   1318
101001320,  01,   21032021,   1318
104000338,  05,   21032021,   1319
000000000,  01,   21032021,   1319
104000239,  05,   21032021,   1322
000000000,  02,   21032021,   1323
107000197,  04,   21032021,   1323
107000197,  02,   21032021,   1323
000000000,  02,   21032021,   1323
105000082,  04,   21032021,   1323
107000197,  04,   21032021,   1323
105000082,  02,   21032021,   1324
107000197,  02,   21032021,   1325
000000000,  01,   21032021,   1326
000000000,  01,   21032021,   1327
105000082,  04,   21032021,   1329
103024303,  01,   21032021,   1330
105000082,  02,   21032021,   1330
101001320,  04,   21032021,   1331
000000000,  01,   21032021,   1332
000001809,  01,   21032021,   1332
101001320,  01,   21032021,   1332
107000197,  04,   21032021,   1333
107000197,  02,   21032021,   1333
000001809,  01,   21032021,   1333
107000197,  04,   21032021,   1334
000001809,  01,   21032021,   1334
107000197,  02,   21032021,   1335
101001320,  01,   21032021,   1337
101001320,  04,   21032021,   1337
000000000,  01,   21032021,   1338
101001320,  04,   21032021,   1340
103024303,  01,   21032021,   1342
101001321,  01,   21032021,   1343
101001320,  01,   21032021,   1343
000000000,  01,   21032021,   1344
106000008,  02,   21032021,   1344
104000334,  01,   21032021,   1346
103024303,  04,   21032021,   1347
106000008,  02,   21032021,   1349
103024303,  01,   21032021,   1349
104000046,  01,   21032021,   1350
104000004,  05,   21032021,   1351
103025488,  05,   21032021,   1352
104000334,  01,   21032021,   1352
104000004,  05,   21032021,   1352
104000239,  05,   21032021,   1354
110001868,  05,   21032021,   1356
110001868,  05,   21032021,   1356
104000052,  04,   21032021,   1356
104000239,  05,   21032021,   1356
104000239,  05,   21032021,   1357
000000000,  02,   21032021,   1358
104000239,  05,   21032021,   1358
104000239,  05,   21032021,   1401
104000046,  01,   21032021,   1402
104000244,  05,   21032021,   1402
104000052,  02,   21032021,   1404
104000244,  05,   21032021,   1404
104000239,  05,   21032021,   1405
104000052,  02,   21032021,   1405
104000006,  04,   21032021,   1407
104000098,  05,   21032021,   1409
110004004,  01,   21032021,   1410
106000013,  04,   21032021,   1411
104000006,  04,   21032021,   1413
106000013,  01,   21032021,   1413
000000000,  01,   21032021,   1420
104000334,  01,   21032021,   1420
105000264,  02,   21032021,   1422
105000264,  04,   21032021,   1422
103024303,  01,   21032021,   1423
000000000,  01,   21032021,   1423
104000272,  03,   21032021,   1425
104000334,  01,   21032021,   1425
110004004,  01,   21032021,   1427
101001320,  01,   21032021,   1428
104000272,  03,   21032021,   1432
105000021,  02,   21032021,   1435
104000338,  03,   21032021,   1438
105000021,  02,   21032021,   1441
000000000,  01,   21032021,   1442
104000009,  03,   21032021,   1444
104000465,  04,   21032021,   1454
104000046,  01,   21032021,   1455
104000467,  03,   21032021,   1455
104000467,  04,   21032021,   1455
104000277,  05,   21032021,   1455
104000465,  02,   21032021,   1457
104000467,  02,   21032021,   1457
104000360,  01,   21032021,   1503
104000047,  01,   21032021,   1509
104000285,  01,   21032021,   1512
104000360,  01,   21032021,   1512
104000360,  01,   21032021,   1512
104000360,  01,   21032021,   1514
103024303,  04,   21032021,   1514
103024303,  04,   21032021,   1515
110003994,  01,   21032021,   1516
103024303,  04,   21032021,   1516
106000013,  04,   21032021,   1517
000000000,  01,   21032021,   1518
103024303,  01,   21032021,   1518
000000000,  03,   21032021,   1521
104000360,  01,   21032021,   1523
000000000,  03,   21032021,   1524
110003994,  01,   21032021,   1526
104000047,  01,   21032021,   1527
000000000,  01,   21032021,   1529
110003994,  04,   21032021,   1536
110003994,  04,   21032021,   1536
110003994,  01,   21032021,   1538
000000000,  03,   21032021,   1539
110003994,  01,   21032021,   1542
104000465,  02,   21032021,   1545
104000467,  02,   21032021,   1545
104000358,  01,   21032021,   1546
101002738,  04,   21032021,   1546
104000467,  04,   21032021,   1546
104000465,  04,   21032021,   1546
106000013,  04,   21032021,   1547
104000358,  01,   21032021,   1549
101002738,  01,   21032021,   1549
106000013,  01,   21032021,   1550
104000244,  03,   21032021,   1552
104000244,  03,   21032021,   1553
101001320,  01,   21032021,   1556
101002738,  04,   21032021,   1556
101002738,  01,   21032021,   1557
000000000,  01,   21032021,   1558
104000338,  03,   21032021,   1558
104000009,  03,   21032021,   1558
000000000,  03,   21032021,   1558
000000000,  03,   21032021,   1559
104000006,  04,   21032021,   1603
000000000,  03,   21032021,   1605
000000000,  01,   21032021,   1607
104000112,  01,   21032021,   1608
104000006,  04,   21032021,   1610
000000000,  01,   21032021,   1611
000000000,  01,   21032021,   1611
000000000,  01,   21032021,   1611
000000000,  01,   21032021,   1611
000000000,  01,   21032021,   1611
000000000,  03,   21032021,   1612
106000013,  01,   21032021,   1613
000000000,  03,   21032021,   1614
104000043,  01,   21032021,   1621
104000009,  04,   21032021,   1624
107000197,  04,   21032021,   1628
107000197,  02,   21032021,   1628
000000000,  02,   21032021,   1632
104000009,  04,   21032021,   1637
101002738,  04,   21032021,   1638
101002738,  02,   21032021,   1639
107000197,  04,   21032021,   1640
101002738,  02,   21032021,   1642
101002738,  04,   21032021,   1642
000000000,  01,   21032021,   1645
101002738,  04,   21032021,   1647
104000046,  01,   21032021,   1647
101002738,  01,   21032021,   1650
101002738,  04,   21032021,   1650
107000197,  04,   21032021,   1651
101002738,  01,   21032021,   1651
107000197,  02,   21032021,   1651
104000046,  01,   21032021,   1654
106000013,  03,   21032021,   1658
104000244,  03,   21032021,   1700
104000112,  01,   21032021,   1702
104000358,  01,   21032021,   1707
104000334,  01,   21032021,   1712
104000042,  01,   21032021,   1712
104000358,  01,   21032021,   1712
104000465,  03,   21032021,   1717
104000500,  01,   21032021,   1717
103025489,  04,   21032021,   1728
103025489,  02,   21032021,   1729
103025489,  02,   21032021,   1729
103025489,  04,   21032021,   1729
104000222,  01,   21032021,   1730
104000349,  01,   21032021,   1730
000000000,  04,   21032021,   1731
000000000,  04,   21032021,   1731
000000000,  01,   21032021,   1732
000000000,  01,   21032021,   1732
103024303,  01,   21032021,   1739
101001320,  01,   21032021,   1741
000000000,  01,   21032021,   1744
103024303,  01,   21032021,   1744
000000000,  01,   21032021,   1748
104000046,  01,   21032021,   1757
104000043,  01,   21032021,   1803
104000046,  01,   21032021,   1806
000000000,  04,   21032021,   1811
000000000,  04,   21032021,   1811
000000000,  04,   21032021,   1811
000000000,  04,   21032021,   1811
000000000,  04,   21032021,   1811
000000000,  04,   21032021,   1811
000000000,  04,   21032021,   1811
000000000,  04,   21032021,   1811
000000000,  04,   21032021,   1811
000000000,  04,   21032021,   1811
000000000,  04,   21032021,   1811
104000043,  01,   21032021,   1811
000000000,  02,   21032021,   1812
000000000,  02,   21032021,   1812
000000000,  02,   21032021,   1812
104000272,  03,   21032021,   1820
104000273,  03,   21032021,   1826
104000358,  01,   21032021,   1826
104000046,  01,   21032021,   1828
104000338,  03,   21032021,   1829
104000004,  03,   21032021,   1829
104000111,  01,   21032021,   1831
104000046,  01,   21032021,   1832
104000277,  03,   21032021,   1833
104000244,  03,   21032021,   1834
104000005,  03,   21032021,   1835
104000270,  03,   21032021,   1835
104000467,  03,   21032021,   1835
104000239,  03,   21032021,   1835
104000009,  03,   21032021,   1837
104000046,  01,   21032021,   1837
104000047,  01,   21032021,   1837
104000008,  03,   21032021,   1837
104000048,  01,   21032021,   1837
104000360,  01,   21032021,   1837
104000274,  03,   21032021,   1838
104000098,  03,   21032021,   1838
104000237,  03,   21032021,   1838
110004004,  01,   21032021,   1838
104000112,  01,   21032021,   1838
104000011,  03,   21032021,   1839
104000099,  03,   21032021,   1840
104000285,  01,   21032021,   1841
104000043,  01,   21032021,   1841
101002738,  04,   21032021,   1848
101002738,  02,   21032021,   1849
101002738,  02,   21032021,   1850
101002738,  04,   21032021,   1850
000000000,  01,   21032021,   1851
103024303,  01,   21032021,   1852
103024303,  01,   21032021,   1853
103024303,  01,   21032021,   1853
103024303,  01,   21032021,   1853
104000096,  02,   21032021,   1932
104000096,  02,   21032021,   1932
000000000,  04,   21032021,   1932
000000000,  04,   21032021,   1932
000000000,  04,   21032021,   1932
000000000,  04,   21032021,   1932
000000000,  04,   21032021,   1932
104000096,  04,   21032021,   1932
000000000,  04,   21032021,   1932
000000000,  04,   21032021,   1932
000000000,  04,   21032021,   1932
103025488,  03,   21032021,   2002
103025488,  03,   21032021,   2002
103025488,  03,   21032021,   2002
103025489,  03,   21032021,   2008
104000088,  03,   21032021,   2018
104000297,  03,   21032021,   2022
110001868,  03,   21032021,   2023
101002738,  04,   21032021,   2137
000000000,  03,   21032021,   2156
107000157,  02,   21032021,   2158
107000157,  03,   21032021,   2202
107000157,  03,   21032021,   2203
107000157,  03,   21032021,   2204
104000095,  03,   21032021,   2209
101002738,  03,   21032021,   2210
101002738,  03,   22032021,   0744
101002738,  04,   22032021,   0744
103025489,  03,   22032021,   0745
106000013,  03,   22032021,   0747
106000013,  03,   22032021,   0747
106000013,  03,   22032021,   0747
101002738,  05,   22032021,   0747
000000000,  03,   22032021,   0816
000000000,  03,   22032021,   0816
000000000,  03,   22032021,   0816
103025488,  03,   22032021,   0818
103024303,  03,   22032021,   0823
000000000,  03,   22032021,   0823
000000000,  03,   22032021,   0823
000000000,  03,   22032021,   0823
000000000,  03,   22032021,   0823
000000000,  03,   22032021,   0823
000000000,  03,   22032021,   0823
000000000,  03,   22032021,   0823
000000000,  03,   22032021,   0824
000000000,  03,   22032021,   0824
000000000,  03,   22032021,   0824
000000000,  03,   22032021,   0824
000000000,  03,   22032021,   0824
000000000,  03,   22032021,   0824
000000000,  03,   22032021,   0824
000000000,  02,   22032021,   0825
103024303,  01,   22032021,   0827
000000000,  03,   22032021,   0827
000000000,  03,   22032021,   0828
000000000,  03,   22032021,   0828
000000000,  03,   22032021,   0828
000000000,  03,   22032021,   0828
000000000,  03,   22032021,   0828
107000157,  02,   22032021,   0831
000000000,  03,   22032021,   0832
000000000,  03,   22032021,   0833
000000000,  03,   22032021,   0834
000000000,  03,   22032021,   0834
000000000,  03,   22032021,   0834
101001320,  01,   22032021,   0835
000000000,  03,   22032021,   0835
106000013,  04,   22032021,   0836
000000000,  03,   22032021,   0836
000000000,  03,   22032021,   0836
104000088,  03,   22032021,   0837
000000000,  03,   22032021,   0837
000000000,  03,   22032021,   0837
000000000,  03,   22032021,   0837
000000000,  03,   22032021,   0838
106000013,  01,   22032021,   0838
101002738,  02,   22032021,   0840
101002738,  04,   22032021,   0841
000000000,  03,   22032021,   0841
000000000,  03,   22032021,   0849
000000000,  03,   22032021,   0849
000000000,  03,   22032021,   0850
000000000,  03,   22032021,   0850
000000000,  03,   22032021,   0850
101001321,  01,   22032021,   0852
104000338,  03,   22032021,   0854
104000285,  01,   22032021,   0854
110004004,  01,   22032021,   0854
000000000,  03,   22032021,   0855
104000338,  05,   22032021,   0855
000000000,  03,   22032021,   0855
000000000,  03,   22032021,   0855
000000000,  03,   22032021,   0855
000000000,  03,   22032021,   0855
000000000,  03,   22032021,   0855
000000000,  03,   22032021,   0855
000000000,  03,   22032021,   0855
000000000,  03,   22032021,   0855
000000000,  01,   22032021,   0900
104000043,  01,   22032021,   0901
000000000,  03,   22032021,   0903
000000000,  03,   22032021,   0908
000000000,  03,   22032021,   0908
000000000,  03,   22032021,   0908
000000000,  03,   22032021,   0908
000000000,  03,   22032021,   0908
000000000,  03,   22032021,   0908
103024303,  01,   22032021,   0908
000000000,  03,   22032021,   0909
000000000,  01,   22032021,   0911
103024303,  01,   22032021,   0911
103024303,  01,   22032021,   0912
104000004,  03,   22032021,   0916
104000009,  03,   22032021,   0916
104000005,  03,   22032021,   0916
104000009,  05,   22032021,   0917
104000005,  05,   22032021,   0917
104000277,  03,   22032021,   0918
104000272,  03,   22032021,   0918
110001868,  03,   22032021,   0918
000000000,  01,   22032021,   0918
104000098,  03,   22032021,   0920
104000098,  03,   22032021,   0920
104000270,  03,   22032021,   0920
104000099,  03,   22032021,   0920
104000237,  03,   22032021,   0921
104000360,  01,   22032021,   0921
104000111,  01,   22032021,   0921
104000111,  01,   22032021,   0921
104000048,  01,   22032021,   0921
104000112,  01,   22032021,   0922
104000112,  01,   22032021,   0922
104000334,  01,   22032021,   0922
104000046,  01,   22032021,   0922
104000358,  01,   22032021,   0922
104000047,  01,   22032021,   0922
106000013,  04,   22032021,   0924
104000274,  03,   22032021,   0925
106000013,  01,   22032021,   0925
104000008,  03,   22032021,   0930
104000244,  03,   22032021,   0930
104000239,  03,   22032021,   0930
104000239,  03,   22032021,   0930
000000000,  03,   22032021,   0931
000000000,  03,   22032021,   0931
104000273,  03,   22032021,   0932
110001870,  01,   22032021,   0932
110001870,  01,   22032021,   0932
000000000,  03,   22032021,   0932
000000000,  03,   22032021,   0932
000000000,  03,   22032021,   0933
000000000,  03,   22032021,   0933
000000000,  03,   22032021,   0933
000000000,  03,   22032021,   0934
000000000,  03,   22032021,   0934
000000000,  03,   22032021,   0934
000000000,  03,   22032021,   0934
000000000,  03,   22032021,   0934
000000000,  03,   22032021,   0934
000000000,  03,   22032021,   0934
000000000,  03,   22032021,   0934
000000000,  03,   22032021,   0934
000000000,  03,   22032021,   0935
000000000,  03,   22032021,   0935
000000000,  03,   22032021,   0935
000000000,  03,   22032021,   0935
000000000,  03,   22032021,   0935
000000000,  03,   22032021,   0935
000000000,  03,   22032021,   0936
000000000,  03,   22032021,   0936
000000000,  03,   22032021,   0936
000000000,  03,   22032021,   0937
000000000,  01,   22032021,   0937
000000000,  03,   22032021,   0937
000000000,  03,   22032021,   0937
101002738,  02,   22032021,   0938
101002738,  04,   22032021,   0939
000000000,  01,   22032021,   0941
104000467,  03,   22032021,   0942
000000000,  03,   22032021,   0943
000000000,  03,   22032021,   0943
103024303,  04,   22032021,   0948
000000000,  03,   22032021,   0948
000000000,  03,   22032021,   0949
000000000,  03,   22032021,   0949
000000000,  03,   22032021,   0949
000000000,  03,   22032021,   0949
103024303,  01,   22032021,   0950
000000000,  03,   22032021,   0956
000000000,  03,   22032021,   0956
000000000,  01,   22032021,   0957
000000000,  01,   22032021,   0958
000000000,  03,   22032021,   0958
000000000,  03,   22032021,   0959
000000000,  03,   22032021,   0959
000000000,  01,   22032021,   0959
000000000,  03,   22032021,   1001
000000000,  03,   22032021,   1001
000000000,  03,   22032021,   1003
104000465,  03,   22032021,   1004
104000285,  01,   22032021,   1004
000000000,  03,   22032021,   1007
000000000,  03,   22032021,   1008
000000000,  03,   22032021,   1009
000000000,  03,   22032021,   1009
000000000,  03,   22032021,   1009
000000000,  03,   22032021,   1009
000000000,  03,   22032021,   1009
000000000,  03,   22032021,   1009
000000000,  03,   22032021,   1009
000000000,  03,   22032021,   1009
000000000,  03,   22032021,   1009
000000000,  03,   22032021,   1010
000000000,  03,   22032021,   1010
000000000,  03,   22032021,   1010
000000000,  03,   22032021,   1010
000000000,  03,   22032021,   1010
000000000,  03,   22032021,   1010
106000013,  04,   22032021,   1012
106000013,  02,   22032021,   1014
110001870,  01,   22032021,   1014
110001870,  04,   22032021,   1015
000000000,  02,   22032021,   1016
110001870,  04,   22032021,   1016
110001870,  01,   22032021,   1016
110001870,  01,   22032021,   1019
106000013,  02,   22032021,   1020
106000013,  04,   22032021,   1020
000000000,  01,   22032021,   1026
000000000,  03,   22032021,   1027
000000000,  03,   22032021,   1027
000000000,  03,   22032021,   1028
000000000,  03,   22032021,   1028
000000000,  03,   22032021,   1028
000000000,  03,   22032021,   1029
000000000,  03,   22032021,   1029
000000000,  03,   22032021,   1030
000000000,  03,   22032021,   1030
000000000,  03,   22032021,   1031
000000000,  03,   22032021,   1031
000000000,  03,   22032021,   1032
000000000,  03,   22032021,   1032
104000046,  01,   22032021,   1036
104000349,  01,   22032021,   1036
000000000,  03,   22032021,   1036
000000000,  03,   22032021,   1036
000000000,  03,   22032021,   1036
000000000,  03,   22032021,   1036
000000000,  03,   22032021,   1036
000000000,  03,   22032021,   1037
000000000,  03,   22032021,   1037
000000000,  03,   22032021,   1037
000000000,  03,   22032021,   1037
000000000,  03,   22032021,   1038
000000000,  03,   22032021,   1038
000001809,  04,   22032021,   1039
000000000,  03,   22032021,   1040
000000000,  03,   22032021,   1040
000000000,  03,   22032021,   1040
000000000,  03,   22032021,   1040
000000000,  03,   22032021,   1041
000000000,  03,   22032021,   1041
000000000,  03,   22032021,   1041
000001809,  01,   22032021,   1041
104000112,  01,   22032021,   1045
000000000,  03,   22032021,   1045
000000000,  03,   22032021,   1045
000000000,  03,   22032021,   1045
000001809,  01,   22032021,   1045
000000000,  03,   22032021,   1045
000000000,  03,   22032021,   1045
000000000,  03,   22032021,   1046
000000000,  03,   22032021,   1046
000000000,  03,   22032021,   1046
000000000,  03,   22032021,   1046
000000000,  01,   22032021,   1047
000000000,  03,   22032021,   1048
110003994,  01,   22032021,   1049
000000000,  03,   22032021,   1049
104000042,  01,   22032021,   1049
000000000,  03,   22032021,   1050
000000000,  03,   22032021,   1050
104000046,  01,   22032021,   1050
000000000,  03,   22032021,   1050
000000000,  03,   22032021,   1050
000000000,  03,   22032021,   1050
000000000,  03,   22032021,   1050
000000000,  03,   22032021,   1050
000000000,  03,   22032021,   1050
000000000,  03,   22032021,   1050
000000000,  03,   22032021,   1050
000000000,  03,   22032021,   1050
000000000,  03,   22032021,   1050
000000000,  03,   22032021,   1050
000000000,  03,   22032021,   1050
000000000,  03,   22032021,   1051
000000000,  03,   22032021,   1051
000000000,  03,   22032021,   1052
000000000,  03,   22032021,   1052
000000000,  03,   22032021,   1052
000000000,  03,   22032021,   1055
000000000,  03,   22032021,   1055
000000000,  03,   22032021,   1055
000000000,  03,   22032021,   1055
000000000,  03,   22032021,   1055
000000000,  03,   22032021,   1056
000000000,  03,   22032021,   1056
000000000,  03,   22032021,   1056
000000000,  03,   22032021,   1056
000000000,  03,   22032021,   1056
000000000,  03,   22032021,   1056
000000000,  03,   22032021,   1056
000000000,  03,   22032021,   1056
000000000,  03,   22032021,   1056
000000000,  03,   22032021,   1057
000000000,  03,   22032021,   1057
104000358,  01,   22032021,   1058
000000000,  03,   22032021,   1058
000000000,  03,   22032021,   1058
000000000,  03,   22032021,   1058
000000000,  03,   22032021,   1059
000000000,  03,   22032021,   1059
104000358,  01,   22032021,   1100
104000467,  03,   22032021,   1102
000000000,  03,   22032021,   1102
000000000,  03,   22032021,   1103
000000000,  01,   22032021,   1103
000000000,  03,   22032021,   1105
101002738,  02,   22032021,   1105
101002738,  04,   22032021,   1105
000000000,  03,   22032021,   1105
106000013,  04,   22032021,   1107
104000338,  03,   22032021,   1109
000001809,  04,   22032021,   1109
000000000,  03,   22032021,   1110
000001809,  01,   22032021,   1110
106000013,  01,   22032021,   1110
000000000,  03,   22032021,   1111
000000000,  03,   22032021,   1111
000000000,  03,   22032021,   1111
000000000,  03,   22032021,   1111
000000000,  03,   22032021,   1111
000000000,  03,   22032021,   1112
000000000,  03,   22032021,   1113
000000000,  03,   22032021,   1113
000000000,  03,   22032021,   1113
000000000,  03,   22032021,   1113
000000000,  03,   22032021,   1113
000000000,  03,   22032021,   1113
000000000,  03,   22032021,   1113
000000000,  03,   22032021,   1114
000000000,  03,   22032021,   1115
106000128,  02,   22032021,   1116
000000000,  03,   22032021,   1116
000001809,  04,   22032021,   1117
104000467,  03,   22032021,   1118
000000000,  03,   22032021,   1118
104000112,  01,   22032021,   1120
110003994,  04,   22032021,   1120
110003994,  01,   22032021,   1121
000000000,  01,   22032021,   1121
106000128,  02,   22032021,   1123
104000297,  03,   22032021,   1124
000001801,  01,   22032021,   1125
000001801,  04,   22032021,   1130
106000013,  04,   22032021,   1130
106000013,  01,   22032021,   1131
000000000,  03,   22032021,   1132
000001801,  04,   22032021,   1132
110003994,  01,   22032021,   1132
000001809,  01,   22032021,   1133
000001801,  01,   22032021,   1134
110003994,  01,   22032021,   1135
106000128,  02,   22032021,   1135
000000000,  01,   22032021,   1135
110003994,  04,   22032021,   1138
106000128,  02,   22032021,   1138
000001801,  01,   22032021,   1138
110003994,  01,   22032021,   1140
000000000,  03,   22032021,   1142
000000000,  03,   22032021,   1142
000000000,  03,   22032021,   1144
104000095,  03,   22032021,   1144
104000338,  03,   22032021,   1148
000000000,  03,   22032021,   1154
000000000,  03,   22032021,   1155
104000349,  01,   22032021,   1155
000000000,  03,   22032021,   1159
000000000,  03,   22032021,   1203
104000349,  01,   22032021,   1203
104000046,  01,   22032021,   1206
104000043,  01,   22032021,   1207
000000000,  04,   22032021,   1209
000000000,  02,   22032021,   1210
000000000,  03,   22032021,   1213
000000000,  03,   22032021,   1213
000000000,  03,   22032021,   1213
000000000,  03,   22032021,   1217
000000000,  03,   22032021,   1217
000000000,  03,   22032021,   1217
104000046,  01,   22032021,   1224
000000000,  01,   22032021,   1228
000000000,  03,   22032021,   1229
106000008,  04,   22032021,   1236
106000008,  02,   22032021,   1236
000000000,  03,   22032021,   1239
000000000,  03,   22032021,   1242
000000000,  01,   22032021,   1243
101002738,  04,   22032021,   1243
101002738,  02,   22032021,   1245
101002738,  02,   22032021,   1245
000000000,  03,   22032021,   1247
000000000,  03,   22032021,   1247
000000000,  03,   22032021,   1247
000000000,  03,   22032021,   1247
000000000,  03,   22032021,   1247
104000465,  04,   22032021,   1248
104000467,  04,   22032021,   1249
000000000,  03,   22032021,   1249
104000465,  02,   22032021,   1250
104000467,  02,   22032021,   1250
103024303,  04,   22032021,   1250
103024303,  02,   22032021,   1250
000000000,  03,   22032021,   1251
000000000,  03,   22032021,   1252
000000000,  03,   22032021,   1252
000000000,  03,   22032021,   1252
000000000,  03,   22032021,   1252
000000000,  03,   22032021,   1254
000000000,  03,   22032021,   1254
000000000,  03,   22032021,   1254
000000000,  03,   22032021,   1300
000000000,  03,   22032021,   1300
000000000,  03,   22032021,   1301
104000048,  01,   22032021,   1302
104000048,  01,   22032021,   1302
000000000,  03,   22032021,   1302
000000000,  03,   22032021,   1302
103024303,  01,   22032021,   1303
000000000,  03,   22032021,   1303
104000046,  01,   22032021,   1304
000000000,  03,   22032021,   1305
106000010,  02,   22032021,   1305
000000000,  03,   22032021,   1305
000000000,  03,   22032021,   1305
106000010,  04,   22032021,   1305
000000000,  03,   22032021,   1305
000000000,  03,   22032021,   1305
104000009,  04,   22032021,   1305
000000000,  03,   22032021,   1306
000000000,  03,   22032021,   1307
000000000,  03,   22032021,   1307
000000000,  03,   22032021,   1308
000000000,  03,   22032021,   1308
000000000,  03,   22032021,   1309
000000000,  01,   22032021,   1309
104000046,  01,   22032021,   1311
103024303,  01,   22032021,   1311
104000009,  04,   22032021,   1313
000000000,  03,   22032021,   1314
000000000,  03,   22032021,   1314
000000000,  03,   22032021,   1314
000000000,  03,   22032021,   1314
000000000,  03,   22032021,   1314
000000000,  03,   22032021,   1314
000000000,  03,   22032021,   1314
000000000,  03,   22032021,   1315
000000000,  03,   22032021,   1315
000000000,  03,   22032021,   1315
000000000,  03,   22032021,   1315
000000000,  03,   22032021,   1315
000000000,  03,   22032021,   1315
000000000,  03,   22032021,   1315
000000000,  03,   22032021,   1315
000000000,  03,   22032021,   1315
000000000,  03,   22032021,   1315
000000000,  03,   22032021,   1316
000000000,  03,   22032021,   1316
000000000,  03,   22032021,   1316
000000000,  03,   22032021,   1316
000000000,  03,   22032021,   1316
000000000,  03,   22032021,   1316
000000000,  03,   22032021,   1316
000000000,  03,   22032021,   1316
000000000,  03,   22032021,   1316
104000467,  02,   22032021,   1317
104000465,  02,   22032021,   1317
104000465,  04,   22032021,   1318
104000467,  04,   22032021,   1318
000000000,  03,   22032021,   1319
104000047,  01,   22032021,   1319
000000000,  03,   22032021,   1323
000000000,  03,   22032021,   1323
000000000,  03,   22032021,   1323
000000000,  03,   22032021,   1323
000000000,  03,   22032021,   1323
000000000,  03,   22032021,   1323
000000000,  03,   22032021,   1323
000000000,  03,   22032021,   1323
000000000,  03,   22032021,   1323
000000000,  03,   22032021,   1324
000000000,  03,   22032021,   1324
104000270,  05,   22032021,   1324
000000000,  03,   22032021,   1324
000000000,  03,   22032021,   1324
000000000,  03,   22032021,   1325
000000000,  03,   22032021,   1325
000000000,  03,   22032021,   1327
000000000,  03,   22032021,   1328
000000000,  03,   22032021,   1328
000000000,  03,   22032021,   1328
000000000,  03,   22032021,   1328
000000000,  03,   22032021,   1328
000000000,  03,   22032021,   1328
000000000,  03,   22032021,   1328
000000000,  03,   22032021,   1328
000000000,  03,   22032021,   1328
000000000,  03,   22032021,   1328
000000000,  03,   22032021,   1328
104000047,  01,   22032021,   1330
101001320,  01,   22032021,   1332
104000467,  03,   22032021,   1336
104000009,  04,   22032021,   1336
000000000,  01,   22032021,   1338
106000128,  02,   22032021,   1339
104000009,  04,   22032021,   1341
106000128,  02,   22032021,   1342
101001321,  01,   22032021,   1343
103024303,  01,   22032021,   1344
000000000,  03,   22032021,   1348
000000000,  03,   22032021,   1352
000000000,  01,   22032021,   1356
000000000,  03,   22032021,   1356
000000000,  03,   22032021,   1356
000000000,  03,   22032021,   1356
103024303,  01,   22032021,   1357
104000046,  01,   22032021,   1357
000000000,  03,   22032021,   1357
000000000,  03,   22032021,   1357
000000000,  03,   22032021,   1358
000000000,  03,   22032021,   1358
000000000,  03,   22032021,   1358
000000000,  03,   22032021,   1358
000000000,  01,   22032021,   1358
000000000,  03,   22032021,   1401
000000000,  03,   22032021,   1401
000000000,  03,   22032021,   1401
000000000,  03,   22032021,   1401
000000000,  03,   22032021,   1401
000000000,  03,   22032021,   1401
000000000,  03,   22032021,   1401
000000000,  03,   22032021,   1402
000000000,  02,   22032021,   1407
000000000,  02,   22032021,   1407
000000000,  02,   22032021,   1407
106000013,  04,   22032021,   1414
104000239,  02,   22032021,   1415
104000239,  04,   22032021,   1415
000000000,  03,   22032021,   1416
000000000,  03,   22032021,   1416
000000000,  03,   22032021,   1416
000000000,  03,   22032021,   1417
000000000,  03,   22032021,   1417
106000013,  01,   22032021,   1417
107000157,  04,   22032021,   1418
107000157,  02,   22032021,   1418
103024303,  01,   22032021,   1421
000000000,  03,   22032021,   1421
000000000,  03,   22032021,   1423
110003994,  01,   22032021,   1425
000000000,  03,   22032021,   1425
000000000,  03,   22032021,   1431
000000000,  03,   22032021,   1431
000000000,  03,   22032021,   1431
110004004,  01,   22032021,   1432
000000000,  03,   22032021,   1434
000000000,  03,   22032021,   1435
000000000,  01,   22032021,   1441
000000000,  01,   22032021,   1444
104000095,  03,   22032021,   1444
110003994,  01,   22032021,   1447
110004004,  01,   22032021,   1451
104000467,  03,   22032021,   1457
000000000,  03,   22032021,   1458
000000000,  03,   22032021,   1458
000000000,  03,   22032021,   1458
104000358,  01,   22032021,   1458
000000000,  03,   22032021,   1500
000000000,  03,   22032021,   1501
104000360,  01,   22032021,   1501
104000467,  04,   22032021,   1509
104000467,  02,   22032021,   1510
106000013,  04,   22032021,   1510
106000013,  01,   22032021,   1511
104000467,  04,   22032021,   1514
104000467,  02,   22032021,   1514
104000360,  01,   22032021,   1514
104000360,  01,   22032021,   1515
000000000,  03,   22032021,   1516
000000000,  03,   22032021,   1516
000000000,  03,   22032021,   1517
000000000,  03,   22032021,   1517
000000000,  03,   22032021,   1517
000000000,  03,   22032021,   1517
000000000,  03,   22032021,   1517
000000000,  03,   22032021,   1517
000000000,  03,   22032021,   1517
000000000,  03,   22032021,   1517
000000000,  03,   22032021,   1517
110001870,  01,   22032021,   1518
000000000,  03,   22032021,   1519
000000000,  03,   22032021,   1519
000000000,  03,   22032021,   1519
110001870,  01,   22032021,   1519
000000000,  03,   22032021,   1521
000000000,  03,   22032021,   1522
000000000,  03,   22032021,   1522
000000000,  03,   22032021,   1523
000000000,  03,   22032021,   1523
000000000,  03,   22032021,   1523
101002738,  04,   22032021,   1524
000000000,  03,   22032021,   1524
000000000,  03,   22032021,   1525
000000000,  03,   22032021,   1525
000000000,  03,   22032021,   1525
000000000,  03,   22032021,   1525
000000000,  03,   22032021,   1525
000000000,  03,   22032021,   1525
104000360,  01,   22032021,   1525
101002738,  01,   22032021,   1527
000000000,  03,   22032021,   1527
000000000,  03,   22032021,   1527
000000000,  03,   22032021,   1527
107000197,  01,   22032021,   1530
000000000,  03,   22032021,   1530
107000197,  01,   22032021,   1531
101002738,  04,   22032021,   1533
000000000,  03,   22032021,   1534
000000000,  01,   22032021,   1534
000000000,  03,   22032021,   1534
000000000,  03,   22032021,   1534
000000000,  03,   22032021,   1534
000000000,  03,   22032021,   1534
000000000,  03,   22032021,   1535
000000000,  03,   22032021,   1535
000000000,  03,   22032021,   1535
000000000,  03,   22032021,   1535
000000000,  03,   22032021,   1535
000000000,  03,   22032021,   1535
000000000,  03,   22032021,   1535
000000000,  03,   22032021,   1535
000000000,  03,   22032021,   1535
000000000,  03,   22032021,   1535
000000000,  03,   22032021,   1535
000000000,  03,   22032021,   1535
000000000,  03,   22032021,   1536
000000000,  03,   22032021,   1536
107000197,  04,   22032021,   1543
107000197,  02,   22032021,   1543
104000500,  01,   22032021,   1543
104000358,  01,   22032021,   1544
104000047,  01,   22032021,   1547
000000000,  01,   22032021,   1550
106000013,  04,   22032021,   1555
000000000,  01,   22032021,   1556
106000013,  01,   22032021,   1557
000000000,  01,   22032021,   1559
101001321,  01,   22032021,   1600
110004004,  01,   22032021,   1600
110004004,  01,   22032021,   1601
000000000,  01,   22032021,   1602
106000013,  01,   22032021,   1604
110004004,  01,   22032021,   1605
104000047,  01,   22032021,   1609
110001870,  01,   22032021,   1609
110001870,  01,   22032021,   1609
106000128,  02,   22032021,   1611
106000128,  02,   22032021,   1613
110004004,  04,   22032021,   1618
110004004,  01,   22032021,   1621
104000043,  01,   22032021,   1645
107000197,  04,   22032021,   1646
107000197,  02,   22032021,   1646
107000197,  04,   22032021,   1647
107000197,  02,   22032021,   1648
101001320,  01,   22032021,   1652
107000197,  04,   22032021,   1653
107000197,  02,   22032021,   1653
106000013,  03,   22032021,   1654
110003994,  01,   22032021,   1654
107000197,  04,   22032021,   1655
104000047,  01,   22032021,   1656
107000197,  02,   22032021,   1656
104000274,  03,   22032021,   1702
110003994,  01,   22032021,   1709
104000046,  01,   22032021,   1711
104000042,  01,   22032021,   1713
104000349,  01,   22032021,   1714
104000334,  01,   22032021,   1716
104000046,  01,   22032021,   1719
101001320,  01,   22032021,   1719
104000212,  04,   22032021,   1723
104000358,  01,   22032021,   1724
104000212,  02,   22032021,   1725
104000358,  01,   22032021,   1728
000000000,  01,   22032021,   1732
000000000,  01,   22032021,   1742
110003994,  01,   22032021,   1743
104000212,  04,   22032021,   1747
104000212,  02,   22032021,   1747
000000000,  04,   22032021,   1751
000000000,  01,   22032021,   1753
000000000,  03,   22032021,   1756
000000000,  03,   22032021,   1757
000000000,  03,   22032021,   1757
000000000,  03,   22032021,   1759
000000000,  03,   22032021,   1759
000000000,  03,   22032021,   1759
000000000,  03,   22032021,   1759
000000000,  03,   22032021,   1759
000000000,  03,   22032021,   1800
000000000,  03,   22032021,   1800
000000000,  03,   22032021,   1800
000000000,  03,   22032021,   1800
103024303,  01,   22032021,   1800
000000000,  03,   22032021,   1801
104000046,  01,   22032021,   1801
000000000,  03,   22032021,   1801
000000000,  03,   22032021,   1801
000000000,  03,   22032021,   1801
000000000,  03,   22032021,   1801
000000000,  03,   22032021,   1801
000000000,  03,   22032021,   1801
000000000,  03,   22032021,   1801
000000000,  03,   22032021,   1802
104000046,  01,   22032021,   1803
000000000,  01,   22032021,   1805
000000000,  03,   22032021,   1805
104000099,  03,   22032021,   1806
103024303,  04,   22032021,   1807
000000000,  03,   22032021,   1807
000000000,  03,   22032021,   1807
000000000,  03,   22032021,   1808
000000000,  01,   22032021,   1808
103024303,  01,   22032021,   1809
000000000,  03,   22032021,   1812
000000000,  03,   22032021,   1812
000000000,  03,   22032021,   1814
000000000,  03,   22032021,   1815
000000000,  03,   22032021,   1815
000000000,  01,   22032021,   1816
000000000,  02,   22032021,   1817
000000000,  02,   22032021,   1817
000000000,  01,   22032021,   1817
104000272,  03,   22032021,   1819
000000000,  03,   22032021,   1820
103024303,  01,   22032021,   1821
000000000,  03,   22032021,   1821
000000000,  03,   22032021,   1823
000000000,  03,   22032021,   1824
000000000,  03,   22032021,   1826
104000212,  04,   22032021,   1826
000000000,  03,   22032021,   1827
104000273,  03,   22032021,   1827
104000338,  03,   22032021,   1827
104000212,  02,   22032021,   1828
104000046,  01,   22032021,   1828
104000212,  04,   22032021,   1830
104000004,  03,   22032021,   1830
104000212,  02,   22032021,   1830
104000358,  01,   22032021,   1830
000000000,  03,   22032021,   1830
104000111,  01,   22032021,   1831
104000046,  01,   22032021,   1831
000000000,  03,   22032021,   1832
000000000,  03,   22032021,   1832
000000000,  03,   22032021,   1832
104000467,  03,   22032021,   1832
104000277,  03,   22032021,   1832
104000005,  03,   22032021,   1832
104000239,  03,   22032021,   1833
104000270,  03,   22032021,   1833
000000000,  03,   22032021,   1833
000000000,  01,   22032021,   1833
104000008,  03,   22032021,   1833
000000000,  03,   22032021,   1834
000000000,  03,   22032021,   1835
000000000,  03,   22032021,   1835
000000000,  03,   22032021,   1835
000000000,  03,   22032021,   1835
000000000,  03,   22032021,   1835
000000000,  03,   22032021,   1835
000000000,  03,   22032021,   1835
110004004,  01,   22032021,   1835
000000000,  03,   22032021,   1835
000000000,  03,   22032021,   1835
104000098,  03,   22032021,   1835
000000000,  03,   22032021,   1835
000000000,  03,   22032021,   1835
104000285,  01,   22032021,   1836
000000000,  03,   22032021,   1836
104000009,  03,   22032021,   1836
104000465,  03,   22032021,   1836
000000000,  03,   22032021,   1836
104000237,  03,   22032021,   1836
104000043,  01,   22032021,   1836
000000000,  03,   22032021,   1836
000000000,  03,   22032021,   1836
000000000,  03,   22032021,   1836
104000046,  01,   22032021,   1837
103024303,  01,   22032021,   1837
104000244,  03,   22032021,   1838
104000360,  01,   22032021,   1843
104000112,  01,   22032021,   1843
107000157,  02,   22032021,   1843
110001868,  03,   22032021,   1845
000000000,  04,   22032021,   1846
000000000,  04,   22032021,   1846
000000000,  04,   22032021,   1847
000000000,  04,   22032021,   1847
000000000,  04,   22032021,   1847
000000000,  04,   22032021,   1847
000000000,  01,   22032021,   1847
103024303,  01,   22032021,   1849
103024303,  01,   22032021,   1854
104000297,  03,   22032021,   1858
000000000,  03,   22032021,   1905
000000000,  03,   22032021,   1905
000000000,  03,   22032021,   1914
000000000,  03,   22032021,   1914
000000000,  03,   22032021,   1914
000000000,  03,   22032021,   1916
000000000,  03,   22032021,   1918
000000000,  03,   22032021,   1927
000000000,  03,   22032021,   1939
103025488,  03,   22032021,   1944
000000000,  03,   22032021,   1944
000000000,  03,   22032021,   2010
000000000,  03,   22032021,   2010
000000000,  03,   22032021,   2010
000000000,  03,   22032021,   2010
000000000,  03,   22032021,   2010
000000000,  03,   22032021,   2010
000000000,  03,   22032021,   2010
000000000,  03,   22032021,   2010
000000000,  03,   22032021,   2011
000000000,  03,   22032021,   2011
000000000,  03,   22032021,   2012
000000000,  03,   22032021,   2017
000000000,  03,   22032021,   2017
000000000,  03,   22032021,   2018
000000000,  03,   22032021,   2018
000000000,  03,   22032021,   2019
000000000,  03,   22032021,   2019
000000000,  03,   22032021,   2019
000000000,  03,   22032021,   2019
000000000,  03,   22032021,   2019
000000000,  03,   22032021,   2020
000000000,  03,   22032021,   2020
000000000,  03,   22032021,   2021
000000000,  03,   22032021,   2024
104000212,  03,   22032021,   2034
000000000,  03,   22032021,   2041
104000088,  03,   22032021,   2041
000000000,  03,   22032021,   2045
000000000,  03,   22032021,   2046
000000000,  03,   22032021,   2046
000000000,  03,   22032021,   2046
000000000,  03,   22032021,   2046
000000000,  03,   22032021,   2046
000000000,  03,   22032021,   2052
000000000,  03,   22032021,   2052
000000000,  03,   22032021,   2052
000000000,  03,   22032021,   2052
000000000,  03,   22032021,   2052
000000000,  03,   22032021,   2052
000000000,  03,   22032021,   2053
000000000,  03,   22032021,   2055
000000000,  03,   22032021,   2055
000000000,  03,   22032021,   2058
000000000,  03,   22032021,   2058
000000000,  03,   22032021,   2058
000000000,  03,   22032021,   2058
000000000,  03,   22032021,   2059
000000000,  03,   22032021,   2059
000000000,  03,   22032021,   2059
000000000,  03,   22032021,   2059
000000000,  03,   22032021,   2059
000000000,  03,   22032021,   2059
000000000,  03,   22032021,   2059
000000000,  03,   22032021,   2100
000000000,  03,   22032021,   2100
000000000,  03,   22032021,   2101
000000000,  03,   22032021,   2101
000000000,  03,   22032021,   2101
000000000,  03,   22032021,   2101
000000000,  03,   22032021,   2101
000000000,  03,   22032021,   2101
000000000,  03,   22032021,   2101
000000000,  03,   22032021,   2102
000000000,  03,   22032021,   2102
000000000,  03,   22032021,   2102
000000000,  03,   22032021,   2102
000000000,  03,   22032021,   2102
000000000,  03,   22032021,   2102
000000000,  03,   22032021,   2102
000000000,  03,   22032021,   2102
000000000,  03,   22032021,   2103
000000000,  03,   22032021,   2103
000000000,  03,   22032021,   2103
000000000,  03,   22032021,   2103
000000000,  03,   22032021,   2106
000000000,  03,   22032021,   2107
000000000,  03,   22032021,   2107
000000000,  03,   22032021,   2107
000000000,  03,   22032021,   2109
000000000,  03,   22032021,   2111
000000000,  03,   22032021,   2112
000000000,  03,   22032021,   2113
000000000,  03,   22032021,   2113
000000000,  03,   22032021,   2114
000000000,  03,   22032021,   2116
000000000,  03,   22032021,   2116
000000000,  03,   22032021,   2116
000000000,  03,   22032021,   2116
000000000,  03,   22032021,   2119
000000000,  03,   22032021,   2119
000000000,  03,   22032021,   2119
000000000,  03,   22032021,   2119
000000000,  03,   22032021,   2119
000000000,  03,   22032021,   2119
000000000,  03,   22032021,   2119
000000000,  03,   22032021,   2120
000000000,  03,   22032021,   2120
000000000,  03,   22032021,   2120
000000000,  03,   22032021,   2120
000000000,  03,   22032021,   2120
000000000,  03,   22032021,   2326
000000000,  03,   22032021,   2327
000000000,  03,   22032021,   2327
000000000,  03,   22032021,   2349
000000000,  03,   22032021,   2349
000000000,  03,   22032021,   2357
000000000,  03,   22032021,   2358
000000000,  03,   22032021,   2359
000000000,  03,   23032021,   0004
000000000,  03,   23032021,   0004
000000000,  03,   23032021,   0017
000000000,  03,   23032021,   0018
000000000,  03,   23032021,   0018
000000000,  03,   23032021,   0018
000000000,  03,   23032021,   0018
000000000,  03,   23032021,   0019
000000000,  03,   23032021,   0024
000000000,  03,   23032021,   0024
000000000,  03,   23032021,   0024
000000000,  03,   23032021,   0024
000000000,  03,   23032021,   0024
000000000,  03,   23032021,   0024
000000000,  03,   23032021,   0024
000000000,  03,   23032021,   0024
000000000,  03,   23032021,   0024
000000000,  03,   23032021,   0024
000000000,  03,   23032021,   0024
000000000,  03,   23032021,   0025
000000000,  03,   23032021,   0025
000000000,  03,   23032021,   0025
000000000,  03,   23032021,   0025
000000000,  03,   23032021,   0026
000000000,  03,   23032021,   0026
000000000,  03,   23032021,   0026
000000000,  03,   23032021,   0026
000000000,  03,   23032021,   0027
000000000,  03,   23032021,   0028
000000000,  03,   23032021,   0028
000000000,  03,   23032021,   0028
000000000,  03,   23032021,   0029
000000000,  03,   23032021,   0030
000000000,  03,   23032021,   0030
000000000,  03,   23032021,   0030
000000000,  03,   23032021,   0030
000000000,  03,   23032021,   0030
000000000,  03,   23032021,   0030
000000000,  03,   23032021,   0030
000000000,  03,   23032021,   0030
000000000,  03,   23032021,   0031
000000000,  03,   23032021,   0031
000000000,  03,   23032021,   0031
000000000,  03,   23032021,   0031
000000000,  03,   23032021,   0031
000000000,  03,   23032021,   0031
000000000,  03,   23032021,   0031
000000000,  03,   23032021,   0031
000000000,  03,   23032021,   0031
000000000,  03,   23032021,   0032
000000000,  03,   23032021,   0032
000000000,  03,   23032021,   0032
000000000,  03,   23032021,   0032
000000000,  03,   23032021,   0032
000000000,  03,   23032021,   0032
000000000,  03,   23032021,   0035
000000000,  03,   23032021,   0037
000000000,  03,   23032021,   0044
000000000,  03,   23032021,   0045
000000000,  03,   23032021,   0047
000000000,  03,   23032021,   0047
000000000,  03,   23032021,   0047
000000000,  03,   23032021,   0047
000000000,  03,   23032021,   0048
000000000,  03,   23032021,   0048
000000000,  03,   23032021,   0048
000000000,  03,   23032021,   0049
000000000,  03,   23032021,   0049
000000000,  03,   23032021,   0049
000000000,  03,   23032021,   0049
000000000,  03,   23032021,   0049
000000000,  03,   23032021,   0049
000000000,  03,   23032021,   0049
000000000,  03,   23032021,   0049
000000000,  03,   23032021,   0049
000000000,  03,   23032021,   0049
000000000,  03,   23032021,   0049
000000000,  03,   23032021,   0049
000000000,  03,   23032021,   0143
000000000,  03,   23032021,   0143
000000000,  03,   23032021,   0144
000000000,  03,   23032021,   0144
000000000,  03,   23032021,   0144
000000000,  03,   23032021,   0144
000000000,  03,   23032021,   0248
000000000,  03,   23032021,   0248
000000000,  03,   23032021,   0248
000000000,  03,   23032021,   0254
000000000,  03,   23032021,   0312
000000000,  03,   23032021,   0312
000000000,  03,   23032021,   0313
000000000,  03,   23032021,   0313
000000000,  03,   23032021,   0321
000000000,  03,   23032021,   0340
000000000,  03,   23032021,   0407
000000000,  03,   23032021,   0409
000000000,  03,   23032021,   0409
000000000,  03,   23032021,   0409
000000000,  03,   23032021,   0409
000000000,  03,   23032021,   0410
000000000,  03,   23032021,   0411
000000000,  03,   23032021,   0411
000000000,  03,   23032021,   0411
000000000,  03,   23032021,   0411
000000000,  03,   23032021,   0411
000000000,  03,   23032021,   0557
000000000,  03,   23032021,   0557
000000000,  03,   23032021,   0557
000000000,  03,   23032021,   0558
000000000,  03,   23032021,   0559
000000000,  03,   23032021,   0559
000000000,  03,   23032021,   0559
000000000,  03,   23032021,   0603
000000000,  03,   23032021,   0603
000000000,  03,   23032021,   0603
000000000,  03,   23032021,   0603
000000000,  03,   23032021,   0603
000000000,  03,   23032021,   0603
000000000,  03,   23032021,   0604
000000000,  03,   23032021,   0604
000000000,  03,   23032021,   0604
000000000,  03,   23032021,   0604
000000000,  03,   23032021,   0605
000000000,  03,   23032021,   0605
000000000,  03,   23032021,   0606
000000000,  03,   23032021,   0607
000000000,  03,   23032021,   0607
000000000,  03,   23032021,   0609
000000000,  03,   23032021,   0609
000000000,  03,   23032021,   0609
000000000,  03,   23032021,   0609
104000088,  03,   23032021,   0746
103025489,  03,   23032021,   0747
106000013,  03,   23032021,   0747
106000013,  03,   23032021,   0747
103025489,  04,   23032021,   0748
103025489,  05,   23032021,   0750
103025488,  03,   23032021,   0811
000000000,  02,   23032021,   0813
103024303,  04,   23032021,   0819
103024303,  03,   23032021,   0821
000000000,  03,   23032021,   0821
000000000,  03,   23032021,   0821
000000000,  03,   23032021,   0821
103024303,  01,   23032021,   0823
000000000,  01,   23032021,   0825
000000000,  03,   23032021,   0835
106000013,  04,   23032021,   0843
106000013,  01,   23032021,   0846
107000157,  02,   23032021,   0849
000000000,  01,   23032021,   0849
000000000,  01,   23032021,   0850
107000157,  02,   23032021,   0850
101001320,  01,   23032021,   0857
103024303,  01,   23032021,   0859
104000338,  03,   23032021,   0859
110004004,  01,   23032021,   0900
104000285,  01,   23032021,   0900
104000043,  01,   23032021,   0900
104000098,  03,   23032021,   0906
104000358,  01,   23032021,   0906
104000099,  03,   23032021,   0907
101001321,  01,   23032021,   0907
000000000,  01,   23032021,   0908
104000277,  03,   23032021,   0909
104000272,  03,   23032021,   0909
104000009,  03,   23032021,   0909
104000005,  03,   23032021,   0909
104000011,  03,   23032021,   0909
104000274,  03,   23032021,   0910
104000004,  05,   23032021,   0910
104000009,  05,   23032021,   0910
104000005,  05,   23032021,   0910
104000360,  01,   23032021,   0923
104000112,  01,   23032021,   0923
104000047,  01,   23032021,   0923
104000046,  01,   23032021,   0923
000000000,  01,   23032021,   0924
104000465,  03,   23032021,   0925
104000222,  01,   23032021,   0925
000000000,  01,   23032021,   0928
104000349,  01,   23032021,   0929
104000349,  01,   23032021,   0929
103024303,  01,   23032021,   0929
106000013,  04,   23032021,   0930
106000013,  01,   23032021,   0931
000000000,  01,   23032021,   0935
104000334,  01,   23032021,   0936
104000334,  01,   23032021,   0936
104000334,  01,   23032021,   0936
104000237,  03,   23032021,   0936
104000273,  03,   23032021,   0938
110001868,  03,   23032021,   0940
000001801,  01,   23032021,   0943
104000467,  03,   23032021,   0945
104000008,  03,   23032021,   0952
104000244,  03,   23032021,   0952
104000285,  01,   23032021,   0955
104000239,  03,   23032021,   0955
104000006,  03,   23032021,   1000
110001870,  01,   23032021,   1002
103024303,  04,   23032021,   1004
000000000,  01,   23032021,   1004
103024303,  04,   23032021,   1008
103024303,  01,   23032021,   1010
110003994,  01,   23032021,   1013
106000013,  04,   23032021,   1014
000000000,  02,   23032021,   1015
000000000,  02,   23032021,   1015
000000000,  01,   23032021,   1015
106000013,  02,   23032021,   1016
103024303,  04,   23032021,   1017
104000009,  03,   23032021,   1018
000000000,  01,   23032021,   1019
103024303,  04,   23032021,   1022
106000013,  02,   23032021,   1023
106000013,  04,   23032021,   1023
103024303,  01,   23032021,   1024
000000000,  01,   23032021,   1026
103025488,  04,   23032021,   1027
104000042,  01,   23032021,   1027
000000000,  01,   23032021,   1029
000000000,  01,   23032021,   1030
000000000,  01,   23032021,   1032
101001320,  01,   23032021,   1032
000000000,  01,   23032021,   1032
000000000,  01,   23032021,   1034
000000000,  01,   23032021,   1034
000001801,  04,   23032021,   1037
000001801,  01,   23032021,   1038
104000009,  03,   23032021,   1040
110001870,  04,   23032021,   1040
110001870,  01,   23032021,   1040
110001870,  01,   23032021,   1041
000001801,  04,   23032021,   1041
000001801,  01,   23032021,   1044
000001801,  04,   23032021,   1044
104000046,  01,   23032021,   1045
000001801,  01,   23032021,   1045
110001870,  04,   23032021,   1049
000000000,  01,   23032021,   1052
110001870,  01,   23032021,   1052
104000297,  03,   23032021,   1057
000000000,  01,   23032021,   1058
104000046,  01,   23032021,   1059
104000006,  04,   23032021,   1101
000000000,  02,   23032021,   1105
000000000,  02,   23032021,   1105
000000000,  02,   23032021,   1105
000000000,  02,   23032021,   1105
000000000,  02,   23032021,   1105
104000467,  03,   23032021,   1106
106000013,  04,   23032021,   1107
106000128,  02,   23032021,   1108
000000000,  01,   23032021,   1109
106000013,  01,   23032021,   1110
110001870,  01,   23032021,   1111
104000285,  01,   23032021,   1112
106000128,  02,   23032021,   1114
106000013,  04,   23032021,   1115
106000013,  01,   23032021,   1116
000001801,  04,   23032021,   1116
105000082,  04,   23032021,   1118
105000082,  02,   23032021,   1118
104000095,  03,   23032021,   1119
000001801,  01,   23032021,   1120
104000467,  03,   23032021,   1121
000000000,  01,   23032021,   1122
104000334,  01,   23032021,   1125
000001801,  04,   23032021,   1125
000001801,  01,   23032021,   1126
104000222,  01,   23032021,   1132
106000128,  02,   23032021,   1139
106000128,  02,   23032021,   1140
105000082,  04,   23032021,   1142
105000082,  02,   23032021,   1143
103024303,  01,   23032021,   1147
000000000,  01,   23032021,   1148
103024303,  01,   23032021,   1148
104000334,  01,   23032021,   1150
103024303,  01,   23032021,   1151
104000046,  01,   23032021,   1207
110004004,  01,   23032021,   1210
104000043,  01,   23032021,   1212
000001809,  04,   23032021,   1218
000001809,  01,   23032021,   1220
110004004,  01,   23032021,   1221
101001320,  01,   23032021,   1227
104000006,  04,   23032021,   1229
000000000,  04,   23032021,   1233
000000000,  04,   23032021,   1233
000000000,  04,   23032021,   1233
000000000,  04,   23032021,   1233
000000000,  04,   23032021,   1233
000000000,  04,   23032021,   1233
104000006,  04,   23032021,   1237
000000000,  02,   23032021,   1238
107000197,  04,   23032021,   1246
107000197,  02,   23032021,   1247
104000046,  01,   23032021,   1248
110003994,  01,   23032021,   1250
000001809,  04,   23032021,   1252
000001809,  01,   23032021,   1253
104000349,  01,   23032021,   1254
103025489,  01,   23032021,   1256
103025489,  04,   23032021,   1257
000000000,  01,   23032021,   1258
104000500,  01,   23032021,   1259
000001801,  04,   23032021,   1313
104000338,  03,   23032021,   1315
000001801,  01,   23032021,   1315
000001801,  01,   23032021,   1316
000000000,  01,   23032021,   1325
104000467,  03,   23032021,   1328
000000000,  01,   23032021,   1329
000000000,  01,   23032021,   1330
000000000,  05,   23032021,   1333
104000349,  01,   23032021,   1333
000000000,  01,   23032021,   1336
107000197,  02,   23032021,   1341
107000197,  02,   23032021,   1344
107000197,  02,   23032021,   1354
107000197,  04,   23032021,   1354
103024303,  01,   23032021,   1359
104000006,  04,   23032021,   1359
106000013,  04,   23032021,   1401
106000013,  01,   23032021,   1403
104000338,  03,   23032021,   1405
104000042,  01,   23032021,   1408
000000000,  01,   23032021,   1412
103024303,  01,   23032021,   1413
000000000,  01,   23032021,   1415
000000000,  01,   23032021,   1416
103024303,  01,   23032021,   1425
110001868,  03,   23032021,   1426
107000157,  04,   23032021,   1433
107000157,  02,   23032021,   1433
106000128,  02,   23032021,   1438
000000000,  01,   23032021,   1439
106000128,  02,   23032021,   1442
104000343,  01,   23032021,   1443
107000197,  01,   23032021,   1444
107000197,  01,   23032021,   1448
110001870,  01,   23032021,   1450
110001870,  01,   23032021,   1450
104000467,  03,   23032021,   1453
104000222,  01,   23032021,   1459
000000000,  01,   23032021,   1508
103024303,  02,   23032021,   1510
104000343,  04,   23032021,   1512
103024303,  01,   23032021,   1513
000000000,  01,   23032021,   1517
106000013,  04,   23032021,   1517
106000013,  01,   23032021,   1518
106000013,  05,   23032021,   1519
104000343,  01,   23032021,   1523
104000360,  01,   23032021,   1526
104000006,  04,   23032021,   1526
000000000,  01,   23032021,   1527
000000000,  01,   23032021,   1527
103024303,  01,   23032021,   1529
104000006,  04,   23032021,   1532
104000043,  01,   23032021,   1537
104000360,  01,   23032021,   1539
104000360,  01,   23032021,   1541
104000467,  04,   23032021,   1541
000000000,  01,   23032021,   1541
104000465,  02,   23032021,   1543
104000467,  02,   23032021,   1543
110001870,  01,   23032021,   1545
104000222,  01,   23032021,   1551
106000013,  04,   23032021,   1552
110004004,  01,   23032021,   1553
104000360,  01,   23032021,   1554
106000013,  01,   23032021,   1555
000000000,  01,   23032021,   1602
104000465,  02,   23032021,   1603
104000467,  02,   23032021,   1603
104000500,  01,   23032021,   1609
104000500,  01,   23032021,   1609
000000000,  01,   23032021,   1613
106000013,  01,   23032021,   1614
107000197,  02,   23032021,   1614
000000000,  01,   23032021,   1615
107000197,  04,   23032021,   1617
104000465,  04,   23032021,   1617
104000467,  04,   23032021,   1617
107000197,  01,   23032021,   1617
107000197,  01,   23032021,   1618
105000082,  02,   23032021,   1624
105000082,  04,   23032021,   1625
000000000,  01,   23032021,   1625
000000000,  04,   23032021,   1627
000000000,  04,   23032021,   1627
101001321,  01,   23032021,   1627
000000000,  04,   23032021,   1627
000000000,  02,   23032021,   1629
105000082,  04,   23032021,   1632
105000082,  02,   23032021,   1633
000000000,  04,   23032021,   1634
000000000,  04,   23032021,   1634
000000000,  04,   23032021,   1634
000000000,  04,   23032021,   1634
104000212,  04,   23032021,   1634
000000000,  04,   23032021,   1634
104000043,  01,   23032021,   1635
104000212,  02,   23032021,   1635
000000000,  01,   23032021,   1637
000000000,  01,   23032021,   1650
104000043,  01,   23032021,   1650
104000212,  02,   23032021,   1652
104000096,  02,   23032021,   1652
104000096,  04,   23032021,   1652
104000212,  04,   23032021,   1653
104000222,  01,   23032021,   1653
104000465,  04,   23032021,   1657
106000013,  03,   23032021,   1657
104000465,  02,   23032021,   1659
104000222,  01,   23032021,   1702
104000349,  01,   23032021,   1702
104000334,  01,   23032021,   1703
000000000,  02,   23032021,   1704
000000000,  02,   23032021,   1704
104000358,  01,   23032021,   1705
101001320,  01,   23032021,   1705
104000047,  01,   23032021,   1711
103025489,  01,   23032021,   1715
000000000,  03,   23032021,   1717
000000000,  03,   23032021,   1717
107000157,  04,   23032021,   1718
107000157,  02,   23032021,   1720
000000000,  01,   23032021,   1723
103025488,  01,   23032021,   1731
104000043,  01,   23032021,   1735
104000465,  02,   23032021,   1735
104000465,  04,   23032021,   1735
000000000,  01,   23032021,   1739
000000000,  01,   23032021,   1740
000000000,  02,   23032021,   1740
104000285,  01,   23032021,   1740
104000043,  01,   23032021,   1743
103024303,  01,   23032021,   1756
104000043,  01,   23032021,   1808
104000343,  01,   23032021,   1808
104000043,  04,   23032021,   1811
104000043,  01,   23032021,   1813
104000467,  03,   23032021,   1818
104000272,  03,   23032021,   1818
104000244,  03,   23032021,   1823
104000274,  03,   23032021,   1824
104000244,  03,   23032021,   1824
104000273,  03,   23032021,   1825
104000338,  03,   23032021,   1827
104000005,  03,   23032021,   1827
104000004,  03,   23032021,   1827
104000011,  03,   23032021,   1827
104000008,  03,   23032021,   1828
104000009,  03,   23032021,   1828
104000277,  03,   23032021,   1831
104000239,  03,   23032021,   1831
104000270,  03,   23032021,   1835
104000046,  01,   23032021,   1836
104000360,  01,   23032021,   1837
103025489,  04,   23032021,   1837
104000047,  01,   23032021,   1837
110004004,  01,   23032021,   1838
104000285,  01,   23032021,   1838
104000043,  01,   23032021,   1838
104000112,  01,   23032021,   1839
104000098,  03,   23032021,   1839
104000465,  03,   23032021,   1841
104000237,  03,   23032021,   1841
104000297,  03,   23032021,   1842
103025488,  03,   23032021,   1848
000000000,  01,   23032021,   1848
103025488,  03,   23032021,   1849
103025488,  03,   23032021,   1849
103024303,  01,   23032021,   1849
103025489,  03,   23032021,   1855
103024303,  01,   23032021,   1857
103024303,  03,   23032021,   1906
000000000,  03,   23032021,   1906
103024303,  03,   23032021,   1906
103025489,  03,   23032021,   1907
000000000,  03,   23032021,   1907
000000000,  03,   23032021,   1907
000000000,  03,   23032021,   1907
000000000,  03,   23032021,   1912
000000000,  03,   23032021,   1912
000000000,  03,   23032021,   1913
000000000,  03,   23032021,   1946
000000000,  03,   23032021,   1946
000000000,  03,   23032021,   1950
104000095,  03,   23032021,   1950
104000088,  03,   23032021,   1953
103025489,  03,   23032021,   1953
000000000,  03,   23032021,   2006
000000000,  03,   23032021,   2006
000000000,  03,   23032021,   2006
000000000,  03,   23032021,   2007
000000000,  03,   23032021,   2007
000000000,  03,   23032021,   2007
000000000,  03,   23032021,   2008
000000000,  03,   23032021,   2009
000000000,  03,   23032021,   2015
000000000,  03,   23032021,   2015
000000000,  03,   23032021,   2015
000000000,  03,   23032021,   2015
000000000,  03,   23032021,   2016
000000000,  03,   23032021,   2016
000000000,  03,   23032021,   2016
000000000,  03,   23032021,   2016
000000000,  03,   23032021,   2017
000000000,  03,   23032021,   2017
000000000,  03,   23032021,   2017
000000000,  03,   23032021,   2017
000000000,  03,   23032021,   2018
000000000,  03,   23032021,   2018
000000000,  03,   23032021,   2018
000000000,  03,   23032021,   2224
000000000,  03,   23032021,   2225
104000088,  03,   24032021,   0748
101002738,  04,   24032021,   0748
101002738,  03,   24032021,   0748
103025489,  03,   24032021,   0748
106000013,  03,   24032021,   0749
106000013,  03,   24032021,   0749
101002738,  05,   24032021,   0751
103024303,  04,   24032021,   0755
000000000,  03,   24032021,   0756
103024303,  03,   24032021,   0756
000000000,  03,   24032021,   0756
000000000,  03,   24032021,   0756
000000000,  03,   24032021,   0756
000000000,  03,   24032021,   0756
000000000,  03,   24032021,   0756
000000000,  03,   24032021,   0756
000000000,  03,   24032021,   0756
000000000,  03,   24032021,   0756
000000000,  03,   24032021,   0756
000000000,  03,   24032021,   0756
000000000,  03,   24032021,   0756
000000000,  03,   24032021,   0756
000000000,  03,   24032021,   0757
000000000,  03,   24032021,   0757
000000000,  03,   24032021,   0757
000000000,  03,   24032021,   0757
000000000,  03,   24032021,   0757
000000000,  03,   24032021,   0757
000000000,  03,   24032021,   0757
000000000,  03,   24032021,   0757
000000000,  03,   24032021,   0757
000000000,  03,   24032021,   0757
000000000,  03,   24032021,   0757
000000000,  03,   24032021,   0757
000000000,  03,   24032021,   0757
000000000,  03,   24032021,   0757
000000000,  03,   24032021,   0757
000000000,  03,   24032021,   0757
000000000,  03,   24032021,   0758
000000000,  03,   24032021,   0758
000000000,  03,   24032021,   0758
000000000,  03,   24032021,   0758
000000000,  03,   24032021,   0758
000000000,  03,   24032021,   0758
103024303,  01,   24032021,   0758
000000000,  03,   24032021,   0758
000000000,  03,   24032021,   0758
000000000,  03,   24032021,   0759
000000000,  03,   24032021,   0800
000000000,  03,   24032021,   0800
000000000,  03,   24032021,   0800
000000000,  03,   24032021,   0800
000000000,  03,   24032021,   0800
000000000,  03,   24032021,   0800
000000000,  03,   24032021,   0802
103025488,  03,   24032021,   0808
000000000,  03,   24032021,   0814
000000000,  03,   24032021,   0814
000000000,  03,   24032021,   0815
000000000,  01,   24032021,   0815
000000000,  02,   24032021,   0815
000000000,  02,   24032021,   0815
000000000,  02,   24032021,   0815
000000000,  02,   24032021,   0815
000000000,  02,   24032021,   0815
000000000,  02,   24032021,   0815
000000000,  02,   24032021,   0815
000000000,  02,   24032021,   0816
000000000,  02,   24032021,   0816
000000000,  02,   24032021,   0816
000000000,  02,   24032021,   0816
000000000,  02,   24032021,   0816
000000000,  02,   24032021,   0816
000000000,  03,   24032021,   0817
000000000,  01,   24032021,   0817
000000000,  03,   24032021,   0817
000000000,  03,   24032021,   0818
000000000,  03,   24032021,   0821
101001320,  01,   24032021,   0821
000000000,  03,   24032021,   0821
000000000,  03,   24032021,   0822
000000000,  03,   24032021,   0823
000000000,  03,   24032021,   0823
000000000,  03,   24032021,   0824
107000157,  02,   24032021,   0825
000000000,  03,   24032021,   0826
000000000,  03,   24032021,   0827
000000000,  03,   24032021,   0827
000000000,  03,   24032021,   0827
000000000,  03,   24032021,   0827
000000000,  03,   24032021,   0830
000000000,  03,   24032021,   0830
000000000,  03,   24032021,   0831
000000000,  03,   24032021,   0831
000000000,  03,   24032021,   0831
000000000,  03,   24032021,   0831
000000000,  03,   24032021,   0832
000000000,  03,   24032021,   0833
106000013,  04,   24032021,   0835
106000013,  01,   24032021,   0838
104000465,  03,   24032021,   0849
103025488,  05,   24032021,   0850
104000285,  01,   24032021,   0850
104000338,  03,   24032021,   0850
104000043,  01,   24032021,   0850
000000000,  01,   24032021,   0853
000000000,  01,   24032021,   0854
000000000,  01,   24032021,   0857
000000000,  03,   24032021,   0858
000000000,  01,   24032021,   0859
103024303,  01,   24032021,   0900
000000000,  03,   24032021,   0901
000000000,  03,   24032021,   0901
000000000,  03,   24032021,   0901
000000000,  03,   24032021,   0901
110004004,  01,   24032021,   0902
104000277,  03,   24032021,   0914
104000360,  01,   24032021,   0914
104000009,  03,   24032021,   0914
104000334,  01,   24032021,   0914
104000005,  03,   24032021,   0914
104000334,  01,   24032021,   0914
104000270,  03,   24032021,   0914
104000112,  01,   24032021,   0914
104000011,  03,   24032021,   0914
104000272,  03,   24032021,   0914
104000111,  01,   24032021,   0914
104000047,  01,   24032021,   0914
104000004,  05,   24032021,   0914
104000005,  05,   24032021,   0914
104000009,  05,   24032021,   0914
104000244,  03,   24032021,   0916
104000239,  03,   24032021,   0916
104000046,  01,   24032021,   0919
110001868,  03,   24032021,   0920
104000006,  03,   24032021,   0920
104000006,  03,   24032021,   0920
104000006,  03,   24032021,   0920
104000006,  03,   24032021,   0920
104000222,  01,   24032021,   0926
104000349,  01,   24032021,   0926
106000013,  04,   24032021,   0926
106000013,  01,   24032021,   0927
104000273,  03,   24032021,   0933
104000343,  01,   24032021,   0934
104000465,  03,   24032021,   0935
000001809,  01,   24032021,   0938
104000465,  03,   24032021,   0940
000000000,  03,   24032021,   0942
000000000,  03,   24032021,   0943
000000000,  02,   24032021,   0943
000000000,  02,   24032021,   0943
000000000,  03,   24032021,   0943
000000000,  03,   24032021,   0943
000000000,  03,   24032021,   0943
000000000,  03,   24032021,   0943
000000000,  03,   24032021,   0943
000000000,  03,   24032021,   0943
000000000,  03,   24032021,   0943
000000000,  03,   24032021,   0943
000000000,  03,   24032021,   0943
000000000,  03,   24032021,   0943
000000000,  03,   24032021,   0943
000000000,  02,   24032021,   0943
000000000,  03,   24032021,   0943
000000000,  03,   24032021,   0944
000000000,  03,   24032021,   0944
000000000,  03,   24032021,   0944
000000000,  03,   24032021,   0944
000000000,  03,   24032021,   0944
104000467,  03,   24032021,   0945
104000274,  03,   24032021,   0948
110001870,  01,   24032021,   0948
000000000,  03,   24032021,   0948
000000000,  03,   24032021,   0948
104000042,  01,   24032021,   0958
104000099,  03,   24032021,   1001
104000098,  03,   24032021,   1002
104000043,  01,   24032021,   1006
000000000,  03,   24032021,   1009
106000128,  02,   24032021,   1009
106000013,  04,   24032021,   1010
000000000,  03,   24032021,   1010
106000013,  02,   24032021,   1012
000001809,  04,   24032021,   1013
106000008,  03,   24032021,   1013
000000000,  03,   24032021,   1013
000001809,  04,   24032021,   1013
000001809,  01,   24032021,   1014
106000128,  02,   24032021,   1015
104000358,  01,   24032021,   1016
106000013,  02,   24032021,   1018
000000000,  01,   24032021,   1018
106000013,  04,   24032021,   1018
103025488,  03,   24032021,   1018
103025488,  01,   24032021,   1019
000000000,  01,   24032021,   1020
103025488,  03,   24032021,   1021
101002737,  02,   24032021,   1022
000000000,  03,   24032021,   1022
000000000,  01,   24032021,   1023
104000297,  03,   24032021,   1026
103024303,  04,   24032021,   1027
101001321,  01,   24032021,   1028
107000197,  04,   24032021,   1029
107000197,  02,   24032021,   1030
103024303,  01,   24032021,   1031
000000000,  03,   24032021,   1031
000000000,  03,   24032021,   1031
104000006,  04,   24032021,   1032
000000000,  01,   24032021,   1033
107000197,  03,   24032021,   1033
000000000,  01,   24032021,   1034
107000197,  03,   24032021,   1034
101002737,  02,   24032021,   1038
103025489,  03,   24032021,   1039
104000006,  04,   24032021,   1040
101001320,  01,   24032021,   1041
103024303,  01,   24032021,   1041
000000000,  01,   24032021,   1042
106000128,  04,   24032021,   1043
106000128,  02,   24032021,   1043
104000047,  01,   24032021,   1045
000000000,  01,   24032021,   1046
104000244,  05,   24032021,   1050
104000222,  01,   24032021,   1051
000000000,  01,   24032021,   1051
104000047,  01,   24032021,   1052
104000046,  01,   24032021,   1053
000000000,  03,   24032021,   1053
110001870,  01,   24032021,   1053
000000000,  03,   24032021,   1053
104000046,  01,   24032021,   1053
000000000,  01,   24032021,   1054
000000000,  01,   24032021,   1055
104000112,  01,   24032021,   1055
104000237,  03,   24032021,   1059
000000000,  01,   24032021,   1103
104000222,  01,   24032021,   1104
106000128,  04,   24032021,   1107
106000128,  02,   24032021,   1108
104000046,  01,   24032021,   1108
101002738,  04,   24032021,   1109
110003994,  01,   24032021,   1111
104000467,  03,   24032021,   1112
101002738,  01,   24032021,   1112
104000052,  03,   24032021,   1113
106000013,  04,   24032021,   1113
000000000,  03,   24032021,   1113
000000000,  01,   24032021,   1116
106000013,  01,   24032021,   1116
104000222,  01,   24032021,   1116
104000334,  01,   24032021,   1116
101001321,  03,   24032021,   1117
101001321,  03,   24032021,   1117
101002738,  04,   24032021,   1121
000000000,  03,   24032021,   1121
104000095,  03,   24032021,   1121
101002738,  01,   24032021,   1122
106000013,  04,   24032021,   1123
101002738,  03,   24032021,   1123
106000013,  01,   24032021,   1123
101001321,  04,   24032021,   1124
101001321,  01,   24032021,   1127
000000000,  01,   24032021,   1127
104000052,  03,   24032021,   1127
000000000,  01,   24032021,   1128
104000467,  03,   24032021,   1129
000000000,  01,   24032021,   1131
106000128,  02,   24032021,   1139
101002738,  03,   24032021,   1141
104000244,  05,   24032021,   1141
104000244,  05,   24032021,   1142
103025489,  03,   24032021,   1142
103025489,  03,   24032021,   1143
106000128,  02,   24032021,   1144
104000465,  04,   24032021,   1145
104000467,  04,   24032021,   1145
000001809,  04,   24032021,   1145
103025489,  03,   24032021,   1145
104000465,  02,   24032021,   1146
103024303,  01,   24032021,   1146
000001809,  01,   24032021,   1146
104000467,  02,   24032021,   1146
000001809,  05,   24032021,   1147
000000000,  03,   24032021,   1149
000000000,  03,   24032021,   1149
000000000,  03,   24032021,   1149
103025488,  03,   24032021,   1151
000001809,  04,   24032021,   1152
103025488,  05,   24032021,   1153
104000006,  04,   24032021,   1153
000000000,  04,   24032021,   1154
000001809,  01,   24032021,   1155
000000000,  03,   24032021,   1156
000000000,  03,   24032021,   1156
