101002738,  03,   18042021,   0740
101002738,  04,   18042021,   0740
101002738,  05,   18042021,   0744
103025489,  03,   18042021,   0747
106000013,  03,   18042021,   0749
000000000,  03,   18042021,   0803
000000000,  03,   18042021,   0804
000000000,  03,   18042021,   0813
000000000,  03,   18042021,   0813
000000000,  03,   18042021,   0814
000000000,  03,   18042021,   0815
000000000,  03,   18042021,   0815
000000000,  03,   18042021,   0817
000000000,  03,   18042021,   0817
000000000,  03,   18042021,   0817
000000000,  03,   18042021,   0817
000000000,  03,   18042021,   0817
103025488,  03,   18042021,   0824
106000013,  04,   18042021,   0840
106000013,  04,   18042021,   0841
101002738,  04,   18042021,   0842
101002738,  01,   18042021,   0845
106000013,  01,   18042021,   0845
101002738,  04,   18042021,   0849
101002738,  01,   18042021,   0849
000000000,  03,   18042021,   0849
104000088,  03,   18042021,   0850
104000274,  03,   18042021,   0850
101001320,  01,   18042021,   0853
104000338,  03,   18042021,   0853
104000285,  01,   18042021,   0853
104000040,  01,   18042021,   0853
110004004,  01,   18042021,   0853
104000041,  01,   18042021,   0853
103024303,  01,   18042021,   0857
104000043,  01,   18042021,   0858
110004004,  01,   18042021,   0858
104000043,  01,   18042021,   0901
104000048,  01,   18042021,   0903
104000046,  01,   18042021,   0903
104000047,  01,   18042021,   0903
104000270,  03,   18042021,   0903
104000112,  01,   18042021,   0903
104000112,  01,   18042021,   0903
104000360,  01,   18042021,   0903
101001321,  01,   18042021,   0903
104000334,  01,   18042021,   0903
104000334,  01,   18042021,   0903
110004004,  01,   18042021,   0906
104000343,  01,   18042021,   0909
104000008,  03,   18042021,   0909
110001868,  03,   18042021,   0909
104000006,  03,   18042021,   0909
000000000,  01,   18042021,   0909
104000006,  03,   18042021,   0909
104000239,  03,   18042021,   0909
110001868,  05,   18042021,   0910
104000046,  01,   18042021,   0913
104000043,  01,   18042021,   0924
104000272,  03,   18042021,   0928
104000277,  03,   18042021,   0928
104000005,  03,   18042021,   0928
104000009,  03,   18042021,   0928
104000004,  03,   18042021,   0928
104000011,  03,   18042021,   0928
106000013,  04,   18042021,   0928
104000005,  05,   18042021,   0929
104000009,  05,   18042021,   0929
106000013,  01,   18042021,   0929
104000273,  03,   18042021,   0938
000000000,  02,   18042021,   0941
000000000,  02,   18042021,   0941
000000000,  01,   18042021,   0949
104000111,  01,   18042021,   0951
104000358,  01,   18042021,   0952
104000099,  03,   18042021,   0952
104000098,  03,   18042021,   0952
104000237,  03,   18042021,   0952
000000000,  03,   18042021,   0957
000000000,  03,   18042021,   0959
104000467,  03,   18042021,   1000
104000222,  01,   18042021,   1001
104000465,  03,   18042021,   1001
104000349,  01,   18042021,   1001
000000000,  03,   18042021,   1002
000000000,  03,   18042021,   1003
000000000,  01,   18042021,   1003
103024303,  04,   18042021,   1006
103024303,  04,   18042021,   1006
103024303,  01,   18042021,   1009
106000013,  04,   18042021,   1013
106000013,  02,   18042021,   1015
104000042,  01,   18042021,   1016
101001320,  01,   18042021,   1019
000000000,  01,   18042021,   1021
000000000,  03,   18042021,   1023
106000013,  02,   18042021,   1023
000000000,  03,   18042021,   1023
106000013,  04,   18042021,   1024
000000000,  03,   18042021,   1024
000000000,  03,   18042021,   1025
104000095,  03,   18042021,   1026
000000000,  03,   18042021,   1026
104000297,  03,   18042021,   1029
104000285,  01,   18042021,   1030
000000000,  03,   18042021,   1032
000000000,  03,   18042021,   1032
000000000,  03,   18042021,   1033
110001870,  01,   18042021,   1033
110001870,  01,   18042021,   1033
000000000,  03,   18042021,   1033
000000000,  03,   18042021,   1033
000000000,  02,   18042021,   1035
103025488,  03,   18042021,   1036
103025488,  03,   18042021,   1036
000000000,  01,   18042021,   1038
104000212,  03,   18042021,   1042
000000000,  03,   18042021,   1045
000000000,  03,   18042021,   1046
104000285,  01,   18042021,   1053
101002738,  04,   18042021,   1054
101002738,  02,   18042021,   1055
101002738,  02,   18042021,   1056
101002738,  04,   18042021,   1057
104000043,  01,   18042021,   1102
000000000,  01,   18042021,   1105
101001321,  01,   18042021,   1105
000000000,  01,   18042021,   1106
000000000,  03,   18042021,   1107
101002737,  04,   18042021,   1118
101002737,  02,   18042021,   1118
104000042,  01,   18042021,   1122
104000339,  03,   18042021,   1122
104000465,  03,   18042021,   1123
000000000,  01,   18042021,   1124
000000000,  01,   18042021,   1124
104000237,  03,   18042021,   1133
000000000,  01,   18042021,   1135
000000000,  03,   18042021,   1138
000000000,  01,   18042021,   1138
110001870,  04,   18042021,   1139
110001870,  01,   18042021,   1140
000000000,  03,   18042021,   1148
000000000,  03,   18042021,   1148
000000000,  03,   18042021,   1148
000000000,  03,   18042021,   1148
000000000,  03,   18042021,   1148
000000000,  03,   18042021,   1148
104000237,  03,   18042021,   1148
104000285,  01,   18042021,   1148
000000000,  03,   18042021,   1148
000000000,  03,   18042021,   1148
110001870,  01,   18042021,   1149
000000000,  03,   18042021,   1149
101002737,  04,   18042021,   1150
101002737,  02,   18042021,   1151
104000042,  01,   18042021,   1154
000000000,  01,   18042021,   1157
000000000,  01,   18042021,   1158
000000000,  01,   18042021,   1159
000000000,  02,   18042021,   1202
106000008,  04,   18042021,   1203
104000360,  01,   18042021,   1203
106000008,  02,   18042021,   1205
104000360,  01,   18042021,   1205
103024303,  04,   18042021,   1206
104000338,  03,   18042021,   1209
103024303,  01,   18042021,   1209
000000000,  04,   18042021,   1211
000000000,  03,   18042021,   1221
000000000,  03,   18042021,   1221
000000000,  03,   18042021,   1221
000000000,  03,   18042021,   1221
000000000,  03,   18042021,   1225
000000000,  03,   18042021,   1226
000000000,  03,   18042021,   1227
000000000,  03,   18042021,   1233
000000000,  03,   18042021,   1233
000000000,  03,   18042021,   1233
104000358,  01,   18042021,   1233
101002738,  04,   18042021,   1235
101002738,  01,   18042021,   1238
101001320,  01,   18042021,   1240
101002738,  04,   18042021,   1241
104000358,  01,   18042021,   1241
104000334,  01,   18042021,   1241
104000500,  01,   18042021,   1242
000000000,  01,   18042021,   1246
101001320,  01,   18042021,   1247
000000000,  01,   18042021,   1254
000000000,  01,   18042021,   1254
000000000,  01,   18042021,   1257
000000000,  01,   18042021,   1309
107000157,  05,   18042021,   1309
104000338,  03,   18042021,   1311
104000338,  05,   18042021,   1312
000000000,  01,   18042021,   1312
104000040,  01,   18042021,   1317
103024303,  01,   18042021,   1324
000000000,  03,   18042021,   1324
110001870,  01,   18042021,   1328
000000000,  01,   18042021,   1329
103024303,  01,   18042021,   1336
000000000,  01,   18042021,   1337
000000000,  01,   18042021,   1344
104000041,  01,   18042021,   1349
104000041,  01,   18042021,   1350
104000222,  01,   18042021,   1351
000000000,  01,   18042021,   1357
104000043,  01,   18042021,   1402
000000000,  01,   18042021,   1402
103024303,  01,   18042021,   1404
000000000,  01,   18042021,   1405
104000334,  01,   18042021,   1410
104000358,  01,   18042021,   1410
104000500,  01,   18042021,   1412
000000000,  01,   18042021,   1414
101001321,  04,   18042021,   1418
106000013,  03,   18042021,   1418
101001321,  01,   18042021,   1421
000000000,  04,   18042021,   1423
000000000,  04,   18042021,   1423
000000000,  04,   18042021,   1423
000000000,  04,   18042021,   1423
000000000,  04,   18042021,   1423
000000000,  01,   18042021,   1427
103024303,  04,   18042021,   1427
103024303,  01,   18042021,   1430
104000349,  01,   18042021,   1433
000000000,  01,   18042021,   1441
105000082,  02,   18042021,   1447
105000082,  04,   18042021,   1447
104000239,  02,   18042021,   1447
104000239,  04,   18042021,   1447
000000000,  01,   18042021,   1454
104000041,  01,   18042021,   1454
103024303,  01,   18042021,   1456
104000349,  01,   18042021,   1457
103025489,  01,   18042021,   1501
000000000,  01,   18042021,   1506
104000222,  01,   18042021,   1508
105000082,  04,   18042021,   1511
105000082,  02,   18042021,   1512
000000000,  03,   18042021,   1513
104000041,  01,   18042021,   1514
101002738,  04,   18042021,   1517
101002738,  02,   18042021,   1519
101002738,  02,   18042021,   1521
107000157,  01,   18042021,   1521
000000000,  01,   18042021,   1521
101002738,  04,   18042021,   1522
107000157,  01,   18042021,   1524
000000000,  01,   18042021,   1530
104000465,  03,   18042021,   1531
104000343,  01,   18042021,   1534
104000349,  01,   18042021,   1535
104000042,  01,   18042021,   1536
000000000,  01,   18042021,   1543
103024303,  01,   18042021,   1547
103025489,  05,   18042021,   1604
104000098,  05,   18042021,   1608
104000274,  05,   18042021,   1609
110001868,  05,   18042021,   1609
104000274,  05,   18042021,   1609
101002738,  05,   18042021,   1613
000000000,  01,   18042021,   1613
104000239,  05,   18042021,   1615
104000338,  05,   18042021,   1617
110004004,  01,   18042021,   1627
101001320,  01,   18042021,   1627
104000046,  01,   18042021,   1630
104000040,  01,   18042021,   1630
104000041,  01,   18042021,   1630
104000285,  01,   18042021,   1630
104000358,  01,   18042021,   1630
104000111,  01,   18042021,   1630
104000043,  01,   18042021,   1630
104000048,  01,   18042021,   1632
104000334,  01,   18042021,   1632
104000360,  01,   18042021,   1632
104000467,  03,   18042021,   1632
104000270,  03,   18042021,   1632
104000047,  01,   18042021,   1632
104000011,  03,   18042021,   1632
104000338,  03,   18042021,   1632
104000272,  03,   18042021,   1632
104000237,  03,   18042021,   1632
104000239,  03,   18042021,   1632
104000005,  03,   18042021,   1632
104000008,  03,   18042021,   1633
104000009,  03,   18042021,   1633
000000000,  01,   18042021,   1633
104000004,  03,   18042021,   1633
104000277,  03,   18042021,   1633
104000112,  01,   18042021,   1634
101001321,  01,   18042021,   1634
104000099,  03,   18042021,   1635
104000009,  03,   18042021,   1636
110001868,  03,   18042021,   1638
104000343,  01,   18042021,   1638
104000098,  03,   18042021,   1638
104000273,  03,   18042021,   1638
000000000,  01,   18042021,   1641
000000000,  01,   18042021,   1642
000000000,  01,   18042021,   1652
103024303,  01,   18042021,   1653
103024303,  01,   18042021,   1653
105000064,  04,   18042021,   1702
105000064,  02,   18042021,   1702
105000064,  04,   18042021,   1703
105000064,  02,   18042021,   1705
000000000,  03,   18042021,   1712
000000000,  03,   18042021,   1713
103025489,  03,   18042021,   1715
000000000,  03,   18042021,   1715
000000000,  03,   18042021,   1715
000000000,  03,   18042021,   1715
104000297,  03,   18042021,   1722
104000274,  03,   18042021,   1723
104000095,  03,   18042021,   1727
101002738,  04,   18042021,   1727
000000000,  02,   18042021,   1730
104000088,  03,   18042021,   1746
101002738,  03,   18042021,   1755
000000000,  03,   19042021,   0044
101002738,  03,   19042021,   0733
101002738,  04,   19042021,   0737
101002738,  05,   19042021,   0740
103025489,  03,   19042021,   0747
106000013,  03,   19042021,   0749
104000088,  03,   19042021,   0803
103025488,  03,   19042021,   0819
103024303,  03,   19042021,   0827
103024303,  01,   19042021,   0832
106000013,  04,   19042021,   0835
104000334,  01,   19042021,   0837
104000048,  01,   19042021,   0837
104000046,  01,   19042021,   0837
104000465,  03,   19042021,   0837
104000047,  01,   19042021,   0837
106000013,  01,   19042021,   0838
101001321,  01,   19042021,   0839
000000000,  01,   19042021,   0840
101001321,  01,   19042021,   0845
000000000,  01,   19042021,   0850
000000000,  01,   19042021,   0853
000001802,  01,   19042021,   0855
000000000,  01,   19042021,   0857
104000041,  01,   19042021,   0907
104000285,  01,   19042021,   0907
110004004,  01,   19042021,   0907
104000338,  03,   19042021,   0907
104000040,  01,   19042021,   0907
104000043,  01,   19042021,   0909
101001320,  01,   19042021,   0918
106000013,  04,   19042021,   0918
106000013,  01,   19042021,   0919
104000360,  01,   19042021,   0920
104000112,  01,   19042021,   0920
104000274,  03,   19042021,   0920
104000006,  03,   19042021,   0922
104000008,  03,   19042021,   0922
104000239,  03,   19042021,   0922
104000273,  03,   19042021,   0924
104000011,  03,   19042021,   0924
104000277,  03,   19042021,   0924
104000005,  03,   19042021,   0924
104000009,  03,   19042021,   0924
104000004,  03,   19042021,   0924
104000272,  03,   19042021,   0924
104000009,  05,   19042021,   0925
104000005,  05,   19042021,   0925
110001868,  03,   19042021,   0926
110001868,  05,   19042021,   0927
104000343,  01,   19042021,   0929
110001870,  01,   19042021,   0932
000000000,  02,   19042021,   0938
000000000,  02,   19042021,   0938
106000013,  04,   19042021,   0941
000000000,  01,   19042021,   0942
104000334,  01,   19042021,   0942
106000013,  02,   19042021,   0943
104000358,  01,   19042021,   0943
104000099,  03,   19042021,   0943
104000098,  03,   19042021,   0943
104000237,  03,   19042021,   0943
106000013,  02,   19042021,   0943
106000013,  04,   19042021,   0943
000000000,  01,   19042021,   0944
104000043,  01,   19042021,   0946
104000043,  01,   19042021,   0946
101001321,  04,   19042021,   0947
104000043,  01,   19042021,   0948
101001321,  01,   19042021,   0950
104000043,  01,   19042021,   0952
000000000,  01,   19042021,   0953
103024303,  01,   19042021,   0957
000000000,  01,   19042021,   0959
110001870,  01,   19042021,   1002
101001321,  01,   19042021,   1003
110001870,  04,   19042021,   1006
107000157,  02,   19042021,   1008
110001870,  01,   19042021,   1009
000000000,  01,   19042021,   1009
104000334,  01,   19042021,   1009
104000334,  01,   19042021,   1009
101001320,  01,   19042021,   1010
000000000,  01,   19042021,   1010
104000467,  03,   19042021,   1011
000001809,  04,   19042021,   1013
110001870,  01,   19042021,   1013
000001809,  01,   19042021,   1014
104000338,  05,   19042021,   1014
000000000,  01,   19042021,   1020
000001809,  04,   19042021,   1021
000001809,  04,   19042021,   1023
000001809,  01,   19042021,   1025
104000343,  01,   19042021,   1027
103024303,  01,   19042021,   1039
110001870,  01,   19042021,   1041
104000297,  03,   19042021,   1043
000001802,  04,   19042021,   1044
000001809,  01,   19042021,   1045
000001809,  01,   19042021,   1046
000001802,  01,   19042021,   1047
000001809,  01,   19042021,   1047
110003994,  01,   19042021,   1050
000000000,  01,   19042021,   1052
000000000,  01,   19042021,   1052
000000000,  03,   19042021,   1054
000000000,  03,   19042021,   1055
000000000,  03,   19042021,   1056
000000000,  01,   19042021,   1057
000000000,  01,   19042021,   1102
103024303,  01,   19042021,   1106
000000000,  01,   19042021,   1106
000001809,  04,   19042021,   1107
000001809,  01,   19042021,   1108
104000343,  01,   19042021,   1108
104000095,  03,   19042021,   1124
000000000,  01,   19042021,   1126
103024303,  01,   19042021,   1129
000001809,  04,   19042021,   1131
000001809,  01,   19042021,   1133
000001802,  01,   19042021,   1134
000000000,  03,   19042021,   1134
000000000,  03,   19042021,   1134
000000000,  03,   19042021,   1134
000000000,  03,   19042021,   1135
000000000,  03,   19042021,   1135
000000000,  03,   19042021,   1135
000000000,  03,   19042021,   1135
000000000,  03,   19042021,   1139
000000000,  03,   19042021,   1142
107000197,  02,   19042021,   1151
107000197,  04,   19042021,   1151
000000000,  01,   19042021,   1154
000000000,  01,   19042021,   1157
104000343,  01,   19042021,   1157
110003994,  04,   19042021,   1201
110003994,  01,   19042021,   1202
110003994,  04,   19042021,   1202
110003994,  01,   19042021,   1204
000001802,  04,   19042021,   1227
000000000,  01,   19042021,   1227
101001321,  01,   19042021,   1232
101002738,  04,   19042021,   1232
101002738,  01,   19042021,   1236
101001320,  01,   19042021,   1240
000000000,  01,   19042021,   1243
101002738,  04,   19042021,   1246
101002738,  01,   19042021,   1246
000000000,  02,   19042021,   1250
000000000,  01,   19042021,   1254
104000343,  01,   19042021,   1254
110001870,  01,   19042021,   1255
110001870,  01,   19042021,   1256
104000358,  01,   19042021,   1258
104000358,  01,   19042021,   1258
104000358,  01,   19042021,   1259
110003994,  01,   19042021,   1300
110003994,  01,   19042021,   1301
103025488,  04,   19042021,   1301
101001321,  01,   19042021,   1301
000000000,  01,   19042021,   1303
103025488,  01,   19042021,   1304
000000000,  01,   19042021,   1304
104000358,  01,   19042021,   1304
101001321,  02,   19042021,   1305
104000358,  01,   19042021,   1306
101001321,  01,   19042021,   1308
104000047,  01,   19042021,   1310
104000272,  03,   19042021,   1321
104000047,  01,   19042021,   1325
110001870,  01,   19042021,   1330
103024303,  01,   19042021,   1348
000000000,  01,   19042021,   1353
104000358,  01,   19042021,   1356
104000272,  03,   19042021,   1357
101001320,  01,   19042021,   1401
000000000,  01,   19042021,   1410
103024303,  04,   19042021,   1411
106000013,  03,   19042021,   1411
103024303,  01,   19042021,   1414
000000000,  03,   19042021,   1416
104000500,  01,   19042021,   1422
000000000,  02,   19042021,   1423
000000000,  04,   19042021,   1423
104000043,  01,   19042021,   1431
104000043,  01,   19042021,   1431
104000043,  01,   19042021,   1435
104000043,  01,   19042021,   1439
104000043,  01,   19042021,   1441
000000000,  03,   19042021,   1449
000000000,  03,   19042021,   1449
000000000,  03,   19042021,   1449
000000000,  03,   19042021,   1450
000000000,  01,   19042021,   1511
000000000,  01,   19042021,   1519
103024303,  01,   19042021,   1521
000000000,  03,   19042021,   1521
104000043,  01,   19042021,   1524
110003994,  01,   19042021,   1525
000000000,  01,   19042021,   1531
103024303,  04,   19042021,   1531
103024303,  01,   19042021,   1533
104000465,  03,   19042021,   1534
000000000,  01,   19042021,   1536
000000000,  01,   19042021,   1541
103024303,  01,   19042021,   1545
000000000,  01,   19042021,   1556
110004004,  01,   19042021,   1627
101001320,  01,   19042021,   1627
104000041,  01,   19042021,   1628
104000285,  01,   19042021,   1628
104000047,  01,   19042021,   1628
110001868,  03,   19042021,   1629
104000011,  03,   19042021,   1629
104000338,  03,   19042021,   1629
104000272,  03,   19042021,   1630
104000046,  01,   19042021,   1630
104000004,  03,   19042021,   1630
104000358,  01,   19042021,   1630
104000043,  01,   19042021,   1630
104000048,  01,   19042021,   1630
104000334,  01,   19042021,   1631
104000343,  01,   19042021,   1631
103025488,  03,   19042021,   1631
104000040,  01,   19042021,   1631
104000006,  03,   19042021,   1631
104000237,  03,   19042021,   1631
104000360,  01,   19042021,   1632
104000360,  01,   19042021,   1632
103025488,  03,   19042021,   1632
104000009,  03,   19042021,   1632
104000239,  03,   19042021,   1632
101001321,  01,   19042021,   1632
104000277,  03,   19042021,   1633
104000334,  01,   19042021,   1633
104000005,  03,   19042021,   1633
104000006,  03,   19042021,   1633
104000008,  03,   19042021,   1633
103025488,  03,   19042021,   1633
103025489,  03,   19042021,   1633
104000334,  01,   19042021,   1633
104000112,  01,   19042021,   1633
104000273,  03,   19042021,   1637
104000098,  03,   19042021,   1638
104000467,  03,   19042021,   1640
104000274,  03,   19042021,   1656
107000157,  02,   19042021,   1701
000000000,  01,   19042021,   1706
103024303,  01,   19042021,   1706
103024303,  01,   19042021,   1707
103024303,  01,   19042021,   1707
104000088,  03,   19042021,   1708
103024303,  03,   19042021,   1710
103024303,  03,   19042021,   1710
101002738,  04,   19042021,   1712
104000095,  03,   19042021,   1716
000000000,  03,   19042021,   1813
000000000,  03,   19042021,   1813
000000000,  03,   19042021,   1813
000000000,  03,   19042021,   1813
000000000,  03,   19042021,   1813
000000000,  03,   19042021,   1948
000000000,  03,   19042021,   1948
000000000,  03,   19042021,   2119
000000000,  03,   19042021,   2120
000000000,  03,   19042021,   2120
000000000,  03,   19042021,   2120
000000000,  03,   19042021,   2121
000000000,  03,   19042021,   2124
000000000,  03,   20042021,   0049
000000000,  03,   20042021,   0051
000000000,  03,   20042021,   0051
000000000,  03,   20042021,   0051
000000000,  03,   20042021,   0051
000000000,  03,   20042021,   0051
000000000,  03,   20042021,   0051
000000000,  03,   20042021,   0051
000000000,  03,   20042021,   0051
000000000,  03,   20042021,   0051
000000000,  03,   20042021,   0051
000000000,  03,   20042021,   0051
000000000,  03,   20042021,   0051
000000000,  03,   20042021,   0051
000000000,  03,   20042021,   0120
000000000,  03,   20042021,   0120
000000000,  03,   20042021,   0121
000000000,  03,   20042021,   0122
000000000,  03,   20042021,   0122
000000000,  03,   20042021,   0122
000000000,  03,   20042021,   0122
000000000,  03,   20042021,   0122
000000000,  03,   20042021,   0122
000000000,  03,   20042021,   0122
000000000,  03,   20042021,   0122
000000000,  03,   20042021,   0122
000000000,  03,   20042021,   0122
000000000,  03,   20042021,   0122
000000000,  03,   20042021,   0122
000000000,  03,   20042021,   0122
000000000,  03,   20042021,   0123
000000000,  03,   20042021,   0123
000000000,  03,   20042021,   0123
000000000,  03,   20042021,   0123
000000000,  03,   20042021,   0123
000000000,  03,   20042021,   0123
000000000,  03,   20042021,   0123
000000000,  03,   20042021,   0123
000000000,  03,   20042021,   0123
000000000,  03,   20042021,   0123
000000000,  03,   20042021,   0123
000000000,  03,   20042021,   0123
000000000,  03,   20042021,   0123
000000000,  03,   20042021,   0124
000000000,  03,   20042021,   0124
000000000,  03,   20042021,   0124
000000000,  03,   20042021,   0124
000000000,  03,   20042021,   0124
000000000,  03,   20042021,   0124
000000000,  03,   20042021,   0124
000000000,  03,   20042021,   0125
000000000,  03,   20042021,   0125
000000000,  03,   20042021,   0125
000000000,  03,   20042021,   0125
000000000,  03,   20042021,   0125
000000000,  03,   20042021,   0125
000000000,  03,   20042021,   0126
000000000,  03,   20042021,   0126
000000000,  03,   20042021,   0126
000000000,  03,   20042021,   0126
000000000,  03,   20042021,   0126
000000000,  03,   20042021,   0126
000000000,  03,   20042021,   0126
000000000,  03,   20042021,   0126
000000000,  03,   20042021,   0126
000000000,  03,   20042021,   0126
000000000,  03,   20042021,   0126
000000000,  03,   20042021,   0126
000000000,  03,   20042021,   0126
000000000,  03,   20042021,   0126
000000000,  03,   20042021,   0126
000000000,  03,   20042021,   0126
000000000,  03,   20042021,   0127
000000000,  03,   20042021,   0127
000000000,  03,   20042021,   0127
000000000,  03,   20042021,   0127
000000000,  03,   20042021,   0128
000000000,  03,   20042021,   0128
000000000,  03,   20042021,   0129
000000000,  03,   20042021,   0129
000000000,  03,   20042021,   0134
000000000,  03,   20042021,   0134
000000000,  03,   20042021,   0141
000000000,  03,   20042021,   0141
000000000,  03,   20042021,   0141
000000000,  03,   20042021,   0141
000000000,  03,   20042021,   0142
000000000,  03,   20042021,   0143
000000000,  03,   20042021,   0144
000000000,  03,   20042021,   0144
000000000,  03,   20042021,   0145
000000000,  03,   20042021,   0147
000000000,  03,   20042021,   0147
000000000,  03,   20042021,   0147
000000000,  03,   20042021,   0147
000000000,  03,   20042021,   0147
000000000,  03,   20042021,   0147
000000000,  03,   20042021,   0147
000000000,  03,   20042021,   0147
000000000,  03,   20042021,   0148
000000000,  03,   20042021,   0148
000000000,  03,   20042021,   0148
000000000,  03,   20042021,   0148
000000000,  03,   20042021,   0148
000000000,  03,   20042021,   0148
000000000,  03,   20042021,   0148
000000000,  03,   20042021,   0148
000000000,  03,   20042021,   0149
000000000,  03,   20042021,   0149
000000000,  03,   20042021,   0149
000000000,  03,   20042021,   0150
000000000,  03,   20042021,   0150
000000000,  03,   20042021,   0151
000000000,  03,   20042021,   0151
000000000,  03,   20042021,   0153
000000000,  03,   20042021,   0154
000000000,  03,   20042021,   0154
000000000,  03,   20042021,   0154
000000000,  03,   20042021,   0154
000000000,  03,   20042021,   0156
000000000,  03,   20042021,   0156
000000000,  03,   20042021,   0203
000000000,  03,   20042021,   0204
000000000,  03,   20042021,   0205
000000000,  03,   20042021,   0209
000000000,  03,   20042021,   0209
000000000,  03,   20042021,   0209
000000000,  03,   20042021,   0211
000000000,  03,   20042021,   0211
000000000,  03,   20042021,   0211
000000000,  03,   20042021,   0211
000000000,  03,   20042021,   0211
000000000,  03,   20042021,   0212
000000000,  03,   20042021,   0212
000000000,  03,   20042021,   0212
000000000,  03,   20042021,   0212
000000000,  03,   20042021,   0212
000000000,  03,   20042021,   0212
000000000,  03,   20042021,   0213
000000000,  03,   20042021,   0213
000000000,  03,   20042021,   0213
000000000,  03,   20042021,   0217
000000000,  03,   20042021,   0219
000000000,  03,   20042021,   0219
000000000,  03,   20042021,   0219
000000000,  03,   20042021,   0219
000000000,  03,   20042021,   0219
000000000,  03,   20042021,   0219
000000000,  03,   20042021,   0219
000000000,  03,   20042021,   0220
000000000,  03,   20042021,   0220
000000000,  03,   20042021,   0220
000000000,  03,   20042021,   0221
000000000,  03,   20042021,   0221
000000000,  03,   20042021,   0221
000000000,  03,   20042021,   0221
000000000,  03,   20042021,   0221
000000000,  03,   20042021,   0221
000000000,  03,   20042021,   0221
000000000,  03,   20042021,   0221
000000000,  03,   20042021,   0221
000000000,  03,   20042021,   0221
000000000,  03,   20042021,   0221
000000000,  03,   20042021,   0221
000000000,  03,   20042021,   0221
000000000,  03,   20042021,   0221
000000000,  03,   20042021,   0221
000000000,  03,   20042021,   0221
000000000,  03,   20042021,   0222
000000000,  03,   20042021,   0222
000000000,  03,   20042021,   0222
000000000,  03,   20042021,   0222
000000000,  03,   20042021,   0222
000000000,  03,   20042021,   0222
000000000,  03,   20042021,   0222
000000000,  03,   20042021,   0222
000000000,  03,   20042021,   0222
000000000,  03,   20042021,   0222
000000000,  03,   20042021,   0222
000000000,  03,   20042021,   0222
000000000,  03,   20042021,   0222
000000000,  03,   20042021,   0222
000000000,  03,   20042021,   0222
000000000,  03,   20042021,   0222
000000000,  03,   20042021,   0222
000000000,  03,   20042021,   0222
000000000,  03,   20042021,   0223
000000000,  03,   20042021,   0223
000000000,  03,   20042021,   0223
000000000,  03,   20042021,   0223
000000000,  03,   20042021,   0223
000000000,  03,   20042021,   0223
000000000,  03,   20042021,   0223
000000000,  03,   20042021,   0223
000000000,  03,   20042021,   0223
000000000,  03,   20042021,   0223
000000000,  03,   20042021,   0223
000000000,  03,   20042021,   0223
000000000,  03,   20042021,   0223
000000000,  03,   20042021,   0223
000000000,  03,   20042021,   0223
000000000,  03,   20042021,   0223
000000000,  03,   20042021,   0223
000000000,  03,   20042021,   0224
000000000,  03,   20042021,   0224
000000000,  03,   20042021,   0224
000000000,  03,   20042021,   0229
000000000,  03,   20042021,   0229
000000000,  03,   20042021,   0229
000000000,  03,   20042021,   0229
000000000,  03,   20042021,   0229
000000000,  03,   20042021,   0229
000000000,  03,   20042021,   0229
000000000,  03,   20042021,   0230
000000000,  03,   20042021,   0230
000000000,  03,   20042021,   0230
000000000,  03,   20042021,   0230
000000000,  03,   20042021,   0230
000000000,  03,   20042021,   0230
000000000,  03,   20042021,   0230
000000000,  03,   20042021,   0230
000000000,  03,   20042021,   0230
000000000,  03,   20042021,   0230
000000000,  03,   20042021,   0230
000000000,  03,   20042021,   0328
000000000,  03,   20042021,   0344
000000000,  03,   20042021,   0344
000000000,  03,   20042021,   0345
000000000,  03,   20042021,   0345
000000000,  03,   20042021,   0345
000000000,  03,   20042021,   0345
000000000,  03,   20042021,   0345
000000000,  03,   20042021,   0345
000000000,  03,   20042021,   0345
000000000,  03,   20042021,   0345
000000000,  03,   20042021,   0345
000000000,  03,   20042021,   0350
000000000,  03,   20042021,   0351
000000000,  03,   20042021,   0351
000000000,  03,   20042021,   0351
000000000,  03,   20042021,   0351
000000000,  03,   20042021,   0351
000000000,  03,   20042021,   0351
000000000,  03,   20042021,   0351
000000000,  03,   20042021,   0351
000000000,  03,   20042021,   0351
000000000,  03,   20042021,   0351
000000000,  03,   20042021,   0351
000000000,  03,   20042021,   0351
000000000,  03,   20042021,   0352
000000000,  03,   20042021,   0352
000000000,  03,   20042021,   0352
000000000,  03,   20042021,   0352
000000000,  03,   20042021,   0353
000000000,  03,   20042021,   0353
000000000,  03,   20042021,   0354
000000000,  03,   20042021,   0354
000000000,  03,   20042021,   0354
000000000,  03,   20042021,   0354
000000000,  03,   20042021,   0354
000000000,  03,   20042021,   0354
000000000,  03,   20042021,   0354
000000000,  03,   20042021,   0355
000000000,  03,   20042021,   0355
000000000,  03,   20042021,   0355
000000000,  03,   20042021,   0355
000000000,  03,   20042021,   0355
000000000,  03,   20042021,   0355
000000000,  03,   20042021,   0355
000000000,  03,   20042021,   0355
000000000,  03,   20042021,   0355
000000000,  03,   20042021,   0356
000000000,  03,   20042021,   0356
000000000,  03,   20042021,   0356
000000000,  03,   20042021,   0356
000000000,  03,   20042021,   0356
000000000,  03,   20042021,   0356
000000000,  03,   20042021,   0356
000000000,  03,   20042021,   0357
000000000,  03,   20042021,   0357
000000000,  03,   20042021,   0357
000000000,  03,   20042021,   0358
000000000,  03,   20042021,   0359
000000000,  03,   20042021,   0401
000000000,  03,   20042021,   0402
000000000,  03,   20042021,   0402
000000000,  03,   20042021,   0402
000000000,  03,   20042021,   0402
000000000,  03,   20042021,   0402
000000000,  03,   20042021,   0402
000000000,  03,   20042021,   0410
000000000,  03,   20042021,   0432
000000000,  03,   20042021,   0443
000000000,  03,   20042021,   0444
000000000,  03,   20042021,   0444
000000000,  03,   20042021,   0447
000000000,  03,   20042021,   0447
000000000,  03,   20042021,   0448
000000000,  03,   20042021,   0448
000000000,  03,   20042021,   0448
000000000,  03,   20042021,   0448
000000000,  03,   20042021,   0448
000000000,  03,   20042021,   0448
000000000,  03,   20042021,   0448
000000000,  03,   20042021,   0449
000000000,  03,   20042021,   0449
000000000,  03,   20042021,   0556
000000000,  03,   20042021,   0614
000000000,  03,   20042021,   0622
000000000,  03,   20042021,   0624
000000000,  03,   20042021,   0625
000000000,  03,   20042021,   0625
000000000,  03,   20042021,   0625
000000000,  03,   20042021,   0625
000000000,  03,   20042021,   0625
000000000,  03,   20042021,   0625
000000000,  03,   20042021,   0625
000000000,  03,   20042021,   0626
000000000,  03,   20042021,   0627
000000000,  03,   20042021,   0647
000000000,  03,   20042021,   0647
000000000,  03,   20042021,   0648
000000000,  03,   20042021,   0651
000000000,  03,   20042021,   0651
000000000,  03,   20042021,   0656
000000000,  03,   20042021,   0659
000000000,  03,   20042021,   0659
000000000,  03,   20042021,   0704
000000000,  03,   20042021,   0716
101002738,  03,   20042021,   0740
101002738,  04,   20042021,   0741
000000000,  03,   20042021,   0741
000000000,  03,   20042021,   0741
000000000,  03,   20042021,   0741
101002738,  05,   20042021,   0744
000000000,  03,   20042021,   0747
103025489,  03,   20042021,   0748
106000013,  03,   20042021,   0751
000000000,  03,   20042021,   0753
000000000,  03,   20042021,   0753
000000000,  03,   20042021,   0753
000000000,  03,   20042021,   0754
000000000,  03,   20042021,   0755
000000000,  03,   20042021,   0755
000000000,  03,   20042021,   0757
103025488,  03,   20042021,   0817
000000000,  03,   20042021,   0819
104000088,  03,   20042021,   0824
104000339,  03,   20042021,   0829
000000000,  03,   20042021,   0829
106000013,  04,   20042021,   0831
000000000,  03,   20042021,   0832
000000000,  03,   20042021,   0832
000000000,  03,   20042021,   0832
101002738,  01,   20042021,   0833
000000000,  03,   20042021,   0834
106000013,  01,   20042021,   0834
103024303,  01,   20042021,   0835
101002738,  01,   20042021,   0835
104000047,  01,   20042021,   0841
104000048,  01,   20042021,   0841
104000046,  01,   20042021,   0841
104000334,  01,   20042021,   0842
101001321,  01,   20042021,   0842
000000000,  01,   20042021,   0850
103024303,  01,   20042021,   0851
000000000,  01,   20042021,   0852
000000000,  03,   20042021,   0855
000000000,  03,   20042021,   0856
000000000,  03,   20042021,   0857
000000000,  03,   20042021,   0857
000000000,  03,   20042021,   0857
103024303,  01,   20042021,   0857
000000000,  03,   20042021,   0858
104000285,  01,   20042021,   0900
104000040,  01,   20042021,   0900
104000338,  03,   20042021,   0900
104000041,  01,   20042021,   0900
101001320,  01,   20042021,   0900
110004004,  01,   20042021,   0900
110004004,  01,   20042021,   0900
000000000,  03,   20042021,   0903
104000043,  01,   20042021,   0905
000000000,  03,   20042021,   0905
000000000,  03,   20042021,   0905
000000000,  03,   20042021,   0906
000000000,  03,   20042021,   0906
000000000,  03,   20042021,   0906
000000000,  03,   20042021,   0906
000000000,  03,   20042021,   0906
000000000,  03,   20042021,   0906
000000000,  03,   20042021,   0907
000000000,  03,   20042021,   0907
000000000,  03,   20042021,   0908
104000239,  03,   20042021,   0909
104000006,  03,   20042021,   0909
104000008,  03,   20042021,   0909
000000000,  03,   20042021,   0909
000000000,  03,   20042021,   0910
000000000,  03,   20042021,   0910
000000000,  03,   20042021,   0911
000000000,  03,   20042021,   0911
000000000,  03,   20042021,   0911
000000000,  03,   20042021,   0911
000000000,  03,   20042021,   0912
000000000,  03,   20042021,   0912
000000000,  03,   20042021,   0912
000000000,  03,   20042021,   0913
000000000,  03,   20042021,   0913
000000000,  03,   20042021,   0913
000000000,  03,   20042021,   0913
000000000,  03,   20042021,   0914
000000000,  03,   20042021,   0914
000000000,  03,   20042021,   0914
000000000,  03,   20042021,   0914
000000000,  03,   20042021,   0914
000000000,  03,   20042021,   0915
000000000,  03,   20042021,   0916
000000000,  03,   20042021,   0916
000000000,  03,   20042021,   0916
000000000,  03,   20042021,   0916
000000000,  03,   20042021,   0916
000000000,  03,   20042021,   0916
000000000,  03,   20042021,   0917
000000000,  03,   20042021,   0917
000000000,  03,   20042021,   0917
000000000,  03,   20042021,   0917
000000000,  03,   20042021,   0918
000000000,  03,   20042021,   0918
000000000,  03,   20042021,   0919
000000000,  03,   20042021,   0919
000000000,  03,   20042021,   0919
000000000,  03,   20042021,   0920
000000000,  03,   20042021,   0920
000000000,  03,   20042021,   0920
000000000,  03,   20042021,   0920
000000000,  03,   20042021,   0920
000000000,  03,   20042021,   0921
110001868,  03,   20042021,   0925
110001868,  05,   20042021,   0925
103025488,  03,   20042021,   0927
103025488,  03,   20042021,   0927
106000013,  04,   20042021,   0928
106000013,  01,   20042021,   0928
104000004,  03,   20042021,   0930
104000277,  03,   20042021,   0930
104000272,  03,   20042021,   0930
104000273,  03,   20042021,   0930
104000005,  03,   20042021,   0930
104000011,  03,   20042021,   0930
104000005,  05,   20042021,   0931
104000111,  01,   20042021,   0939
104000358,  01,   20042021,   0939
104000099,  03,   20042021,   0939
104000098,  03,   20042021,   0939
104000098,  03,   20042021,   0939
104000237,  03,   20042021,   0939
000000000,  03,   20042021,   0940
104000360,  01,   20042021,   0941
104000112,  01,   20042021,   0941
104000274,  03,   20042021,   0941
104000270,  03,   20042021,   0941
000000000,  03,   20042021,   0941
107000157,  03,   20042021,   0942
104000467,  03,   20042021,   0946
000000000,  03,   20042021,   0947
000000000,  03,   20042021,   0947
000000000,  03,   20042021,   0948
000000000,  03,   20042021,   0948
000000000,  03,   20042021,   0948
104000042,  01,   20042021,   0949
000000000,  03,   20042021,   0949
000000000,  03,   20042021,   0949
000000000,  03,   20042021,   0949
000000000,  03,   20042021,   0950
000000000,  03,   20042021,   0950
000000000,  03,   20042021,   0951
104000343,  01,   20042021,   0952
101001320,  04,   20042021,   0952
000000000,  03,   20042021,   0953
000000000,  01,   20042021,   0953
000000000,  02,   20042021,   0955
000000000,  03,   20042021,   0956
110001870,  01,   20042021,   0957
110001870,  01,   20042021,   0957
104000009,  03,   20042021,   0957
000000000,  03,   20042021,   0957
000000000,  03,   20042021,   0957
000000000,  03,   20042021,   0957
104000009,  05,   20042021,   0958
000000000,  01,   20042021,   0959
000000000,  01,   20042021,   1000
101001320,  01,   20042021,   1001
104000343,  01,   20042021,   1006
107000157,  02,   20042021,   1006
107000157,  02,   20042021,   1007
107000157,  02,   20042021,   1007
000000000,  03,   20042021,   1008
000000000,  04,   20042021,   1013
000000000,  04,   20042021,   1013
000000000,  04,   20042021,   1013
000000000,  04,   20042021,   1013
000000000,  04,   20042021,   1013
000000000,  04,   20042021,   1013
000000000,  04,   20042021,   1013
000000000,  04,   20042021,   1013
000000000,  04,   20042021,   1013
000000000,  01,   20042021,   1016
106000013,  04,   20042021,   1016
000000000,  01,   20042021,   1017
106000013,  02,   20042021,   1018
000000000,  01,   20042021,   1018
104000043,  01,   20042021,   1023
106000013,  02,   20042021,   1024
106000013,  04,   20042021,   1024
104000042,  01,   20042021,   1027
000000000,  03,   20042021,   1027
000001809,  01,   20042021,   1027
000000000,  03,   20042021,   1027
104000343,  01,   20042021,   1030
000000000,  01,   20042021,   1034
000000000,  01,   20042021,   1034
000000000,  03,   20042021,   1037
000000000,  01,   20042021,   1042
000000000,  04,   20042021,   1043
000000000,  01,   20042021,   1044
000000000,  01,   20042021,   1046
000001809,  04,   20042021,   1049
000001809,  01,   20042021,   1051
104000222,  01,   20042021,   1055
104000349,  01,   20042021,   1055
104000465,  03,   20042021,   1055
103024303,  01,   20042021,   1059
000000000,  03,   20042021,   1100
104000042,  01,   20042021,   1101
103024303,  04,   20042021,   1105
000000000,  01,   20042021,   1106
103025488,  01,   20042021,   1108
103024303,  01,   20042021,   1109
000000000,  01,   20042021,   1109
104000095,  03,   20042021,   1118
000000000,  01,   20042021,   1127
110001870,  04,   20042021,   1128
110001870,  01,   20042021,   1128
104000500,  01,   20042021,   1130
104000500,  01,   20042021,   1130
104000465,  04,   20042021,   1134
104000467,  04,   20042021,   1134
104000052,  01,   20042021,   1137
104000465,  02,   20042021,   1137
104000467,  02,   20042021,   1137
000001809,  04,   20042021,   1139
104000338,  03,   20042021,   1140
000000000,  03,   20042021,   1140
000001809,  01,   20042021,   1141
104000334,  01,   20042021,   1142
000000000,  01,   20042021,   1142
110003994,  01,   20042021,   1150
000000000,  03,   20042021,   1152
110001870,  01,   20042021,   1153
000000000,  01,   20042021,   1157
104000043,  01,   20042021,   1159
104000334,  01,   20042021,   1201
104000465,  02,   20042021,   1210
104000467,  02,   20042021,   1210
101001320,  01,   20042021,   1211
104000467,  04,   20042021,   1219
000000000,  01,   20042021,   1219
101001321,  01,   20042021,   1221
103024303,  01,   20042021,   1222
000000000,  01,   20042021,   1235
104000008,  03,   20042021,   1241
000000000,  01,   20042021,   1241
104000338,  03,   20042021,   1243
000001809,  04,   20042021,   1247
110001870,  01,   20042021,   1248
000001809,  01,   20042021,   1249
104000467,  03,   20042021,   1253
000000000,  02,   20042021,   1255
000000000,  01,   20042021,   1258
000001809,  04,   20042021,   1303
000001809,  01,   20042021,   1305
000000000,  01,   20042021,   1305
104000358,  01,   20042021,   1306
000000000,  01,   20042021,   1308
101002738,  05,   20042021,   1314
104000047,  01,   20042021,   1316
104000047,  01,   20042021,   1317
104000047,  01,   20042021,   1317
104000047,  01,   20042021,   1318
000000000,  01,   20042021,   1318
104000047,  01,   20042021,   1319
104000046,  01,   20042021,   1322
104000343,  01,   20042021,   1323
000001809,  01,   20042021,   1325
000001809,  04,   20042021,   1326
000001809,  01,   20042021,   1328
104000047,  01,   20042021,   1330
000001809,  04,   20042021,   1335
000001809,  01,   20042021,   1337
000000000,  01,   20042021,   1341
101001321,  01,   20042021,   1343
000000000,  01,   20042021,   1343
104000358,  01,   20042021,   1345
000000000,  03,   20042021,   1349
000000000,  03,   20042021,   1349
000000000,  01,   20042021,   1350
000000000,  03,   20042021,   1353
104000046,  01,   20042021,   1357
104000500,  01,   20042021,   1402
000000000,  01,   20042021,   1403
107000157,  01,   20042021,   1416
107000157,  01,   20042021,   1417
110003994,  01,   20042021,   1421
104000222,  01,   20042021,   1433
101001321,  01,   20042021,   1438
110003994,  04,   20042021,   1443
110003994,  01,   20042021,   1445
000000000,  02,   20042021,   1446
000000000,  02,   20042021,   1446
000000000,  02,   20042021,   1446
107000197,  02,   20042021,   1447
107000197,  04,   20042021,   1448
000000000,  01,   20042021,   1448
104000465,  04,   20042021,   1452
104000465,  04,   20042021,   1452
104000467,  04,   20042021,   1452
104000465,  02,   20042021,   1455
104000467,  02,   20042021,   1455
000000000,  03,   20042021,   1455
000000000,  03,   20042021,   1455
101001321,  01,   20042021,   1457
000000000,  03,   20042021,   1458
000000000,  03,   20042021,   1459
101001320,  01,   20042021,   1500
000000000,  03,   20042021,   1500
000000000,  03,   20042021,   1500
000000000,  03,   20042021,   1500
000000000,  03,   20042021,   1501
000000000,  02,   20042021,   1502
000000000,  02,   20042021,   1502
000000000,  02,   20042021,   1502
000000000,  03,   20042021,   1503
000000000,  03,   20042021,   1507
000000000,  03,   20042021,   1508
000000000,  03,   20042021,   1508
000000000,  03,   20042021,   1508
000000000,  03,   20042021,   1509
000000000,  03,   20042021,   1509
000000000,  03,   20042021,   1510
110003994,  04,   20042021,   1511
000000000,  01,   20042021,   1512
110003994,  01,   20042021,   1512
110003994,  04,   20042021,   1514
110003994,  04,   20042021,   1514
110003994,  01,   20042021,   1516
000000000,  03,   20042021,   1518
000000000,  03,   20042021,   1519
000000000,  03,   20042021,   1519
000000000,  03,   20042021,   1519
000000000,  01,   20042021,   1521
110003994,  01,   20042021,   1524
103024303,  01,   20042021,   1525
104000222,  01,   20042021,   1528
104000467,  02,   20042021,   1531
104000042,  01,   20042021,   1531
104000465,  04,   20042021,   1532
104000467,  04,   20042021,   1532
104000349,  01,   20042021,   1534
104000222,  01,   20042021,   1534
104000465,  03,   20042021,   1539
104000043,  01,   20042021,   1546
104000043,  01,   20042021,   1550
104000360,  01,   20042021,   1604
104000360,  01,   20042021,   1607
000000000,  02,   20042021,   1612
000000000,  02,   20042021,   1612
104000047,  01,   20042021,   1624
104000046,  01,   20042021,   1625
104000047,  01,   20042021,   1626
104000046,  01,   20042021,   1628
104000285,  01,   20042021,   1628
104000043,  01,   20042021,   1628
000000000,  01,   20042021,   1629
104000046,  01,   20042021,   1629
104000041,  01,   20042021,   1629
110004004,  01,   20042021,   1630
104000358,  01,   20042021,   1630
104000111,  01,   20042021,   1630
104000040,  01,   20042021,   1630
104000239,  03,   20042021,   1631
104000270,  03,   20042021,   1631
104000338,  03,   20042021,   1631
104000005,  03,   20042021,   1631
104000011,  03,   20042021,   1632
104000334,  01,   20042021,   1632
104000048,  01,   20042021,   1632
104000047,  01,   20042021,   1632
104000360,  01,   20042021,   1632
104000272,  03,   20042021,   1632
101001321,  01,   20042021,   1633
104000112,  01,   20042021,   1633
104000237,  03,   20042021,   1633
104000273,  03,   20042021,   1633
104000006,  03,   20042021,   1634
000000000,  01,   20042021,   1635
110004004,  01,   20042021,   1635
104000008,  03,   20042021,   1635
104000009,  03,   20042021,   1636
104000099,  03,   20042021,   1636
104000277,  03,   20042021,   1636
104000467,  03,   20042021,   1636
104000098,  03,   20042021,   1636
103025488,  03,   20042021,   1637
103025488,  03,   20042021,   1638
103025488,  03,   20042021,   1638
110004004,  01,   20042021,   1639
104000343,  01,   20042021,   1644
000000000,  02,   20042021,   1654
000000000,  04,   20042021,   1655
000000000,  04,   20042021,   1655
000000000,  04,   20042021,   1655
000000000,  01,   20042021,   1656
103024303,  01,   20042021,   1657
103025489,  03,   20042021,   1658
103024303,  01,   20042021,   1658
110001868,  03,   20042021,   1704
104000274,  03,   20042021,   1707
104000088,  03,   20042021,   1709
101002738,  05,   20042021,   1714
101002738,  04,   20042021,   1717
101002738,  04,   20042021,   1718
000000000,  03,   20042021,   1735
107000157,  02,   20042021,   1739
107000157,  03,   20042021,   1743
000000000,  03,   20042021,   1743
101002738,  05,   20042021,   1747
104000095,  03,   20042021,   1748
101002738,  03,   20042021,   1748
101002738,  04,   21042021,   0730
101002738,  03,   21042021,   0730
101002738,  03,   21042021,   0730
101002738,  05,   21042021,   0733
103025489,  03,   21042021,   0747
106000013,  03,   21042021,   0752
104000088,  03,   21042021,   0814
000000000,  03,   21042021,   0814
000000000,  03,   21042021,   0814
000000000,  03,   21042021,   0814
000000000,  03,   21042021,   0814
000000000,  03,   21042021,   0815
000000000,  03,   21042021,   0815
000000000,  03,   21042021,   0815
000000000,  03,   21042021,   0816
000000000,  03,   21042021,   0816
103025488,  03,   21042021,   0817
000000000,  03,   21042021,   0818
103025488,  05,   21042021,   0819
103024303,  03,   21042021,   0819
103024303,  01,   21042021,   0821
105000264,  03,   21042021,   0825
000000000,  03,   21042021,   0825
000000000,  03,   21042021,   0825
000000000,  03,   21042021,   0826
000000000,  03,   21042021,   0826
000000000,  03,   21042021,   0826
000000000,  03,   21042021,   0826
000000000,  03,   21042021,   0826
000000000,  03,   21042021,   0826
000000000,  03,   21042021,   0826
000000000,  03,   21042021,   0826
000000000,  03,   21042021,   0826
000000000,  03,   21042021,   0826
000000000,  03,   21042021,   0826
106000013,  04,   21042021,   0832
106000013,  01,   21042021,   0834
104000048,  01,   21042021,   0843
104000334,  01,   21042021,   0843
104000047,  01,   21042021,   0843
104000046,  01,   21042021,   0843
101001321,  01,   21042021,   0843
103025489,  05,   21042021,   0851
000000000,  01,   21042021,   0851
103025489,  05,   21042021,   0851
000000000,  01,   21042021,   0853
104000285,  01,   21042021,   0858
101001320,  01,   21042021,   0858
110004004,  01,   21042021,   0858
104000338,  03,   21042021,   0858
104000041,  01,   21042021,   0858
104000040,  01,   21042021,   0858
104000040,  01,   21042021,   0858
104000338,  05,   21042021,   0859
101001321,  01,   21042021,   0859
104000343,  01,   21042021,   0909
104000043,  01,   21042021,   0912
104000008,  03,   21042021,   0912
104000239,  03,   21042021,   0912
104000006,  03,   21042021,   0912
000000000,  04,   21042021,   0914
000000000,  04,   21042021,   0914
000000000,  04,   21042021,   0914
000000000,  04,   21042021,   0914
104000360,  01,   21042021,   0919
104000112,  01,   21042021,   0919
104000274,  03,   21042021,   0919
104000272,  03,   21042021,   0923
104000277,  03,   21042021,   0923
104000004,  03,   21042021,   0923
104000009,  03,   21042021,   0923
000000000,  03,   21042021,   0923
104000005,  03,   21042021,   0923
104000011,  03,   21042021,   0923
104000009,  05,   21042021,   0924
000000000,  03,   21042021,   0924
110001868,  03,   21042021,   0926
104000273,  03,   21042021,   0928
000000000,  03,   21042021,   0928
106000013,  04,   21042021,   0929
106000013,  01,   21042021,   0929
110001870,  01,   21042021,   0934
000000000,  03,   21042021,   0939
000000000,  03,   21042021,   0939
000000000,  01,   21042021,   0940
104000042,  01,   21042021,   0941
000000000,  02,   21042021,   0942
103024303,  01,   21042021,   0943
104000358,  01,   21042021,   0943
104000099,  03,   21042021,   0943
104000098,  03,   21042021,   0943
104000237,  03,   21042021,   0943
104000111,  01,   21042021,   0945
107000231,  03,   21042021,   0945
104000467,  03,   21042021,   0947
000000000,  01,   21042021,   0949
000000000,  01,   21042021,   0950
107000157,  02,   21042021,   0951
000000000,  01,   21042021,   0954
103024303,  04,   21042021,   0954
103024303,  01,   21042021,   0957
000000000,  01,   21042021,   0958
104000358,  01,   21042021,   1000
103024303,  04,   21042021,   1001
000000000,  01,   21042021,   1003
101001321,  04,   21042021,   1003
103024303,  01,   21042021,   1004
101001321,  01,   21042021,   1006
000000000,  01,   21042021,   1007
104000042,  01,   21042021,   1007
101001321,  01,   21042021,   1010
104000358,  01,   21042021,   1016
106000013,  04,   21042021,   1019
106000013,  02,   21042021,   1020
101001320,  01,   21042021,   1021
000000000,  01,   21042021,   1023
104000042,  01,   21042021,   1026
106000013,  02,   21042021,   1027
106000013,  04,   21042021,   1027
104000222,  01,   21042021,   1033
104000349,  01,   21042021,   1033
104000465,  03,   21042021,   1033
110004004,  01,   21042021,   1033
000000000,  01,   21042021,   1038
110004004,  01,   21042021,   1040
000000000,  01,   21042021,   1041
104000343,  01,   21042021,   1042
103024303,  04,   21042021,   1042
103024303,  01,   21042021,   1044
000000000,  01,   21042021,   1046
101002738,  04,   21042021,   1055
101002738,  01,   21042021,   1058
000000000,  01,   21042021,   1058
101002738,  04,   21042021,   1108
101002738,  01,   21042021,   1109
110003994,  01,   21042021,   1111
104000212,  03,   21042021,   1114
000000000,  01,   21042021,   1117
000000000,  01,   21042021,   1118
103025488,  03,   21042021,   1122
104000500,  01,   21042021,   1122
104000285,  01,   21042021,   1125
104000095,  03,   21042021,   1130
107000197,  02,   21042021,   1133
107000197,  04,   21042021,   1133
110003994,  01,   21042021,   1140
110001870,  01,   21042021,   1140
104000043,  01,   21042021,   1141
110001870,  01,   21042021,   1148
000000000,  01,   21042021,   1150
107000231,  03,   21042021,   1150
110003994,  04,   21042021,   1152
110001870,  01,   21042021,   1154
110003994,  01,   21042021,   1155
000001808,  01,   21042021,   1157
104000338,  03,   21042021,   1158
104000272,  03,   21042021,   1201
000000000,  02,   21042021,   1202
106000008,  04,   21042021,   1208
106000008,  02,   21042021,   1209
104000500,  01,   21042021,   1210
104000500,  01,   21042021,   1210
110003994,  04,   21042021,   1211
110003994,  01,   21042021,   1211
110003994,  04,   21042021,   1212
110003994,  01,   21042021,   1212
110003994,  01,   21042021,   1214
110001870,  01,   21042021,   1214
104000465,  04,   21042021,   1222
104000467,  04,   21042021,   1222
110003994,  01,   21042021,   1223
000000000,  01,   21042021,   1223
104000465,  02,   21042021,   1225
104000467,  02,   21042021,   1225
101001321,  01,   21042021,   1233
000000000,  01,   21042021,   1243
101001321,  01,   21042021,   1244
104000222,  01,   21042021,   1245
104000237,  04,   21042021,   1247
104000237,  02,   21042021,   1248
000000000,  01,   21042021,   1250
104000343,  01,   21042021,   1253
000000000,  01,   21042021,   1255
101001320,  01,   21042021,   1255
101001321,  01,   21042021,   1257
101001321,  01,   21042021,   1257
107000157,  02,   21042021,   1257
104000358,  01,   21042021,   1259
104000334,  01,   21042021,   1259
104000047,  01,   21042021,   1305
104000047,  01,   21042021,   1305
103025489,  01,   21042021,   1306
104000047,  01,   21042021,   1307
000000000,  01,   21042021,   1307
103025489,  01,   21042021,   1307
104000467,  02,   21042021,   1309
104000465,  02,   21042021,   1309
104000237,  02,   21042021,   1309
104000237,  04,   21042021,   1309
104000465,  04,   21042021,   1309
104000467,  04,   21042021,   1309
000000000,  01,   21042021,   1313
101001321,  01,   21042021,   1315
104000047,  01,   21042021,   1318
104000343,  01,   21042021,   1324
000000000,  01,   21042021,   1325
104000338,  03,   21042021,   1329
104000272,  03,   21042021,   1329
110001870,  01,   21042021,   1330
103024303,  01,   21042021,   1336
000000000,  01,   21042021,   1337
000000000,  01,   21042021,   1340
000000000,  01,   21042021,   1345
000001808,  04,   21042021,   1352
000000000,  01,   21042021,   1353
106000008,  02,   21042021,   1353
106000008,  02,   21042021,   1353
106000008,  04,   21042021,   1353
000001808,  04,   21042021,   1356
000001808,  01,   21042021,   1359
000000000,  01,   21042021,   1359
000000000,  01,   21042021,   1402
000001808,  01,   21042021,   1403
104000334,  01,   21042021,   1403
104000358,  01,   21042021,   1403
000000000,  01,   21042021,   1406
000000000,  01,   21042021,   1408
106000013,  03,   21042021,   1411
000000000,  01,   21042021,   1415
000000000,  01,   21042021,   1415
103024303,  01,   21042021,   1418
000000000,  01,   21042021,   1419
104000222,  01,   21042021,   1419
104000500,  01,   21042021,   1425
104000500,  01,   21042021,   1425
104000043,  01,   21042021,   1429
000000000,  01,   21042021,   1431
000000000,  01,   21042021,   1432
000000000,  01,   21042021,   1455
104000008,  03,   21042021,   1458
103025488,  04,   21042021,   1501
000000000,  01,   21042021,   1501
103025488,  01,   21042021,   1503
000000000,  01,   21042021,   1505
104000467,  04,   21042021,   1510
000000000,  02,   21042021,   1512
000000000,  02,   21042021,   1514
104000467,  02,   21042021,   1514
104000467,  04,   21042021,   1514
110003994,  01,   21042021,   1520
110003994,  01,   21042021,   1528
104000048,  01,   21042021,   1529
104000047,  01,   21042021,   1530
104000041,  01,   21042021,   1531
104000222,  01,   21042021,   1531
104000349,  01,   21042021,   1531
103024303,  01,   21042021,   1531
104000465,  03,   21042021,   1532
110003994,  01,   21042021,   1535
000000000,  01,   21042021,   1538
103024303,  04,   21042021,   1540
103024303,  01,   21042021,   1542
110003994,  01,   21042021,   1548
104000042,  01,   21042021,   1558
000000000,  01,   21042021,   1613
101001321,  01,   21042021,   1628
104000285,  01,   21042021,   1629
101001320,  01,   21042021,   1629
104000040,  01,   21042021,   1630
110004004,  01,   21042021,   1630
104000043,  01,   21042021,   1630
110001868,  03,   21042021,   1631
104000338,  03,   21042021,   1631
104000239,  03,   21042021,   1631
104000277,  03,   21042021,   1631
104000011,  03,   21042021,   1631
104000277,  03,   21042021,   1631
104000358,  01,   21042021,   1632
104000005,  03,   21042021,   1632
104000237,  03,   21042021,   1632
104000270,  03,   21042021,   1632
104000008,  03,   21042021,   1632
104000272,  03,   21042021,   1633
104000004,  03,   21042021,   1633
104000009,  03,   21042021,   1633
104000111,  01,   21042021,   1634
104000273,  03,   21042021,   1634
107000157,  02,   21042021,   1634
104000099,  03,   21042021,   1634
104000273,  03,   21042021,   1634
104000467,  03,   21042021,   1635
103025488,  03,   21042021,   1635
104000360,  01,   21042021,   1635
103025488,  03,   21042021,   1636
104000098,  03,   21042021,   1637
104000112,  01,   21042021,   1637
101001321,  01,   21042021,   1637
103025489,  03,   21042021,   1638
104000343,  01,   21042021,   1638
104000343,  01,   21042021,   1638
104000334,  01,   21042021,   1638
104000046,  01,   21042021,   1638
103025489,  03,   21042021,   1638
104000112,  01,   21042021,   1638
101002738,  04,   21042021,   1638
101002738,  04,   21042021,   1643
101002738,  04,   21042021,   1650
104000088,  03,   21042021,   1707
103024303,  01,   21042021,   1711
000000000,  03,   21042021,   1712
000000000,  03,   21042021,   1713
000000000,  05,   21042021,   1720
000000000,  05,   21042021,   1720
000000000,  05,   21042021,   1720
101002738,  04,   21042021,   1723
000000000,  05,   21042021,   1723
000000000,  05,   21042021,   1723
000000000,  03,   21042021,   1737
104000274,  03,   21042021,   1737
101002738,  03,   21042021,   1739
104000095,  03,   21042021,   1742
101002738,  03,   21042021,   1743
000000000,  05,   21042021,   1805
000000000,  05,   21042021,   1808
000000000,  05,   21042021,   1946
000000000,  05,   22042021,   0414
000000000,  05,   22042021,   0417
000000000,  05,   22042021,   0418
101002738,  04,   22042021,   0740
101002738,  03,   22042021,   0740
101002738,  05,   22042021,   0743
103025489,  03,   22042021,   0746
106000013,  03,   22042021,   0752
103025488,  03,   22042021,   0817
000000000,  03,   22042021,   0822
104000088,  03,   22042021,   0827
103024303,  03,   22042021,   0830
103024303,  01,   22042021,   0831
106000013,  04,   22042021,   0835
106000013,  01,   22042021,   0838
104000047,  01,   22042021,   0842
104000048,  01,   22042021,   0842
104000334,  01,   22042021,   0842
101001321,  01,   22042021,   0842
104000046,  01,   22042021,   0842
000000000,  01,   22042021,   0858
000000000,  01,   22042021,   0859
103024303,  01,   22042021,   0859
000000000,  01,   22042021,   0906
101001320,  01,   22042021,   0909
110004004,  01,   22042021,   0909
104000285,  01,   22042021,   0909
104000338,  03,   22042021,   0909
104000040,  01,   22042021,   0909
104000043,  01,   22042021,   0909
104000008,  03,   22042021,   0911
104000008,  03,   22042021,   0911
104000239,  03,   22042021,   0911
110001868,  03,   22042021,   0915
110001868,  05,   22042021,   0916
104000343,  01,   22042021,   0921
104000112,  01,   22042021,   0924
104000360,  01,   22042021,   0924
104000274,  03,   22042021,   0924
104000270,  03,   22042021,   0924
104000272,  03,   22042021,   0927
104000011,  03,   22042021,   0927
104000277,  03,   22042021,   0927
104000005,  03,   22042021,   0927
104000009,  03,   22042021,   0927
104000004,  03,   22042021,   0927
104000005,  05,   22042021,   0928
106000013,  04,   22042021,   0935
106000013,  01,   22042021,   0936
104000273,  03,   22042021,   0937
101001320,  04,   22042021,   0940
000000000,  01,   22042021,   0941
110001870,  01,   22042021,   0942
104000111,  01,   22042021,   0944
104000500,  02,   22042021,   0944
104000099,  03,   22042021,   0945
104000098,  03,   22042021,   0945
104000237,  03,   22042021,   0945
101001320,  04,   22042021,   0946
101001320,  01,   22042021,   0948
000000000,  02,   22042021,   0948
000000000,  02,   22042021,   0948
000001809,  01,   22042021,   0953
104000467,  03,   22042021,   0956
103025488,  03,   22042021,   0958
000000000,  01,   22042021,   0959
000001809,  04,   22042021,   1001
000000000,  01,   22042021,   1002
000000000,  01,   22042021,   1006
104000343,  01,   22042021,   1012
000000000,  01,   22042021,   1013
000000000,  01,   22042021,   1014
106000013,  04,   22042021,   1018
104000222,  01,   22042021,   1018
104000349,  01,   22042021,   1018
104000465,  03,   22042021,   1018
103025489,  01,   22042021,   1019
000000000,  01,   22042021,   1019
106000013,  02,   22042021,   1019
106000013,  02,   22042021,   1020
106000013,  04,   22042021,   1021
000001809,  04,   22042021,   1024
000001809,  01,   22042021,   1026
107000157,  02,   22042021,   1032
000001809,  01,   22042021,   1034
103025487,  01,   22042021,   1034
101002738,  01,   22042021,   1037
000000000,  01,   22042021,   1039
101002738,  04,   22042021,   1055
000000000,  01,   22042021,   1056
106000013,  04,   22042021,   1056
106000013,  02,   22042021,   1057
106000013,  02,   22042021,   1104
106000013,  04,   22042021,   1104
103024303,  01,   22042021,   1110
104000095,  03,   22042021,   1111
000000000,  02,   22042021,   1120
000000000,  01,   22042021,   1128
104000042,  01,   22042021,   1131
000000000,  01,   22042021,   1206
000000000,  01,   22042021,   1207
103024303,  01,   22042021,   1210
104000043,  01,   22042021,   1210
110003994,  01,   22042021,   1211
000000000,  01,   22042021,   1217
104000465,  04,   22042021,   1218
104000467,  04,   22042021,   1218
103024303,  01,   22042021,   1220
104000465,  02,   22042021,   1220
104000467,  02,   22042021,   1220
110001870,  01,   22042021,   1244
110001870,  01,   22042021,   1252
000000000,  02,   22042021,   1257
000000000,  02,   22042021,   1257
101001321,  01,   22042021,   1259
000000000,  01,   22042021,   1301
103024303,  04,   22042021,   1302
110001870,  01,   22042021,   1303
104000465,  02,   22042021,   1304
104000467,  02,   22042021,   1304
103024303,  01,   22042021,   1304
000000000,  01,   22042021,   1306
103024303,  01,   22042021,   1306
000000000,  01,   22042021,   1306
103024303,  01,   22042021,   1308
104000467,  04,   22042021,   1311
104000465,  04,   22042021,   1311
103024303,  01,   22042021,   1311
104000500,  01,   22042021,   1314
104000272,  03,   22042021,   1314
106000008,  04,   22042021,   1314
000000000,  01,   22042021,   1315
106000008,  04,   22042021,   1316
101001321,  01,   22042021,   1316
106000008,  02,   22042021,   1317
101001321,  01,   22042021,   1319
000000000,  01,   22042021,   1320
104000272,  03,   22042021,   1321
107000157,  01,   22042021,   1321
107000157,  01,   22042021,   1322
101001321,  01,   22042021,   1322
101001320,  01,   22042021,   1326
104000343,  01,   22042021,   1327
110003994,  01,   22042021,   1327
104000047,  01,   22042021,   1330
000000000,  01,   22042021,   1330
107000157,  01,   22042021,   1331
000000000,  01,   22042021,   1331
107000157,  01,   22042021,   1332
106000008,  02,   22042021,   1332
106000008,  04,   22042021,   1332
104000343,  01,   22042021,   1333
104000349,  01,   22042021,   1337
106000008,  04,   22042021,   1343
104000047,  01,   22042021,   1343
106000008,  02,   22042021,   1344
107000157,  01,   22042021,   1353
104000043,  01,   22042021,   1353
107000157,  01,   22042021,   1353
110004004,  01,   22042021,   1354
104000349,  01,   22042021,   1355
000000000,  01,   22042021,   1357
110004004,  01,   22042021,   1400
103024303,  01,   22042021,   1401
000000000,  01,   22042021,   1407
000000000,  03,   22042021,   1411
104000343,  01,   22042021,   1411
104000500,  01,   22042021,   1415
106000013,  03,   22042021,   1421
000000000,  01,   22042021,   1428
000000000,  03,   22042021,   1430
000000000,  03,   22042021,   1431
000000000,  03,   22042021,   1431
000000000,  03,   22042021,   1431
000000000,  03,   22042021,   1431
101002738,  04,   22042021,   1431
000000000,  03,   22042021,   1432
000000000,  03,   22042021,   1432
103024303,  04,   22042021,   1432
101002738,  02,   22042021,   1433
000000000,  01,   22042021,   1433
101002738,  02,   22042021,   1434
101002738,  04,   22042021,   1434
000000000,  01,   22042021,   1437
103024303,  04,   22042021,   1439
103024303,  01,   22042021,   1442
104000465,  04,   22042021,   1449
104000465,  02,   22042021,   1450
101001321,  01,   22042021,   1501
000000000,  01,   22042021,   1502
103024303,  01,   22042021,   1505
000000000,  01,   22042021,   1505
000000000,  01,   22042021,   1506
101001321,  01,   22042021,   1506
103024303,  01,   22042021,   1508
000000000,  03,   22042021,   1511
000000000,  03,   22042021,   1512
000000000,  03,   22042021,   1512
000000000,  03,   22042021,   1512
000000000,  03,   22042021,   1512
101001321,  01,   22042021,   1512
000000000,  02,   22042021,   1512
000000000,  04,   22042021,   1512
000000000,  02,   22042021,   1512
000000000,  02,   22042021,   1512
000000000,  02,   22042021,   1512
000000000,  02,   22042021,   1512
000000000,  02,   22042021,   1512
000000000,  03,   22042021,   1512
000000000,  03,   22042021,   1512
000000000,  03,   22042021,   1514
104000465,  02,   22042021,   1520
104000465,  04,   22042021,   1521
000000000,  03,   22042021,   1525
000000000,  03,   22042021,   1526
000000000,  03,   22042021,   1526
000000000,  03,   22042021,   1526
000000000,  03,   22042021,   1526
104000274,  03,   22042021,   1526
000000000,  03,   22042021,   1526
000000000,  03,   22042021,   1526
000000000,  03,   22042021,   1527
000000000,  03,   22042021,   1527
000000000,  03,   22042021,   1527
000000000,  03,   22042021,   1528
000000000,  03,   22042021,   1529
104000040,  01,   22042021,   1529
104000048,  01,   22042021,   1529
104000047,  01,   22042021,   1529
104000042,  01,   22042021,   1530
104000465,  03,   22042021,   1530
000000000,  03,   22042021,   1530
000000000,  03,   22042021,   1531
000000000,  03,   22042021,   1533
000000000,  03,   22042021,   1533
104000349,  01,   22042021,   1534
000000000,  03,   22042021,   1535
104000222,  01,   22042021,   1536
000000000,  03,   22042021,   1537
000000000,  03,   22042021,   1539
000000000,  03,   22042021,   1540
104000343,  01,   22042021,   1541
000000000,  03,   22042021,   1543
104000343,  01,   22042021,   1544
101002738,  04,   22042021,   1601
101002738,  01,   22042021,   1603
104000239,  05,   22042021,   1605
101002738,  01,   22042021,   1606
101002738,  04,   22042021,   1606
000000000,  03,   22042021,   1606
104000237,  05,   22042021,   1608
104000237,  05,   22042021,   1609
104000046,  01,   22042021,   1613
104000343,  01,   22042021,   1615
110003994,  01,   22042021,   1619
104000046,  01,   22042021,   1624
104000343,  01,   22042021,   1628
104000270,  03,   22042021,   1629
104000270,  03,   22042021,   1629
104000277,  03,   22042021,   1629
104000011,  03,   22042021,   1631
104000272,  03,   22042021,   1631
110001868,  03,   22042021,   1631
104000338,  03,   22042021,   1631
104000272,  03,   22042021,   1631
104000111,  01,   22042021,   1632
104000239,  03,   22042021,   1632
104000005,  03,   22042021,   1632
104000009,  03,   22042021,   1632
104000004,  03,   22042021,   1632
104000006,  03,   22042021,   1633
104000046,  01,   22042021,   1633
104000237,  03,   22042021,   1633
104000008,  03,   22042021,   1634
110004004,  01,   22042021,   1634
104000099,  03,   22042021,   1635
104000467,  03,   22042021,   1635
104000008,  03,   22042021,   1635
110004004,  01,   22042021,   1635
101001320,  01,   22042021,   1635
104000285,  01,   22042021,   1635
104000334,  01,   22042021,   1635
104000043,  01,   22042021,   1636
104000360,  01,   22042021,   1636
000000000,  01,   22042021,   1636
104000334,  01,   22042021,   1637
103025488,  03,   22042021,   1637
104000360,  01,   22042021,   1637
103025488,  03,   22042021,   1637
000000000,  01,   22042021,   1637
104000273,  03,   22042021,   1638
103025488,  03,   22042021,   1639
104000112,  01,   22042021,   1644
104000112,  01,   22042021,   1652
104000046,  01,   22042021,   1655
101001321,  01,   22042021,   1659
000000000,  03,   22042021,   1700
000000000,  03,   22042021,   1700
101001321,  01,   22042021,   1702
000000000,  03,   22042021,   1707
000000000,  01,   22042021,   1707
101001321,  01,   22042021,   1716
104000046,  01,   22042021,   1717
104000360,  01,   22042021,   1718
104000334,  01,   22042021,   1718
104000112,  01,   22042021,   1718
000000000,  03,   22042021,   1736
000000000,  01,   22042021,   1745
000000000,  03,   22042021,   1754
000000000,  03,   22042021,   1755
000000000,  03,   22042021,   1756
000000000,  03,   22042021,   1758
103024303,  01,   22042021,   1759
000000000,  03,   22042021,   1812
000000000,  03,   22042021,   1812
000000000,  03,   22042021,   1823
107000157,  02,   22042021,   1824
107000157,  02,   22042021,   1825
104000088,  03,   22042021,   1826
000000000,  03,   22042021,   1827
000000000,  03,   22042021,   1833
000000000,  03,   22042021,   1836
000000000,  03,   22042021,   1837
000000000,  03,   22042021,   1837
000000000,  03,   22042021,   1837
000000000,  03,   22042021,   1838
000000000,  03,   22042021,   1838
000000000,  03,   22042021,   1838
000000000,  03,   22042021,   1838
000000000,  03,   22042021,   1838
000000000,  03,   22042021,   1838
104000098,  03,   22042021,   1845
000000000,  03,   22042021,   1847
000000000,  03,   22042021,   1848
000000000,  03,   22042021,   1851
000000000,  03,   22042021,   1852
000000000,  03,   22042021,   1853
000000000,  03,   22042021,   1855
000000000,  03,   22042021,   1855
000000000,  03,   22042021,   1855
103025489,  03,   22042021,   1855
000000000,  03,   22042021,   1856
000000000,  03,   22042021,   1856
000000000,  03,   22042021,   1857
000000000,  03,   22042021,   1857
103025489,  03,   22042021,   1859
000000000,  03,   22042021,   1900
000000000,  03,   22042021,   1901
000000000,  03,   22042021,   1902
000000000,  03,   22042021,   1903
101002738,  04,   22042021,   1903
000000000,  03,   22042021,   1904
101002738,  05,   22042021,   1906
000000000,  03,   22042021,   1917
000000000,  03,   22042021,   1921
104000095,  03,   22042021,   1933
101002738,  03,   22042021,   1934
000000000,  03,   22042021,   1935
000000000,  03,   22042021,   1936
000000000,  03,   22042021,   1937
000000000,  03,   22042021,   1937
000000000,  03,   22042021,   1945
000000000,  03,   22042021,   1948
000000000,  03,   22042021,   1949
000000000,  03,   22042021,   1950
000000000,  03,   22042021,   1953
000000000,  03,   22042021,   1956
000000000,  03,   22042021,   1957
000000000,  03,   22042021,   2055
000000000,  03,   22042021,   2056
000000000,  03,   22042021,   2056
000000000,  03,   22042021,   2058
000000000,  03,   22042021,   2058
000000000,  03,   22042021,   2058
000000000,  03,   22042021,   2058
000000000,  03,   22042021,   2100
000000000,  03,   22042021,   2100
000000000,  03,   22042021,   2100
000000000,  03,   22042021,   2101
000000000,  03,   22042021,   2101
000000000,  01,   22042021,   2138
103024303,  01,   22042021,   2139
000000000,  01,   22042021,   2139
103024303,  01,   22042021,   2140
110003994,  01,   22042021,   2213
103024303,  01,   22042021,   2213
000000000,  03,   23042021,   0537
000000000,  03,   23042021,   0537
000000000,  03,   23042021,   0953
000000000,  03,   23042021,   1008
000000000,  03,   23042021,   1014
000000000,  03,   23042021,   1038
000000000,  03,   23042021,   1510
000000000,  03,   23042021,   1718
000000000,  03,   23042021,   1745
000000000,  03,   23042021,   1745
000000000,  03,   23042021,   1746
000000000,  03,   23042021,   1746
000000000,  03,   23042021,   1746
000000000,  03,   23042021,   1751
000000000,  03,   23042021,   1751
000000000,  03,   23042021,   1752
000000000,  03,   23042021,   1752
000000000,  03,   23042021,   1752
000000000,  03,   23042021,   1752
000000000,  03,   23042021,   1758
000000000,  03,   23042021,   1759
000000000,  03,   23042021,   1759
000000000,  03,   23042021,   1759
000000000,  03,   23042021,   1800
000000000,  03,   23042021,   1800
000000000,  03,   23042021,   1800
000000000,  03,   23042021,   1800
000000000,  03,   23042021,   1801
000000000,  03,   23042021,   1801
000000000,  03,   23042021,   1801
000000000,  03,   23042021,   1801
000000000,  03,   23042021,   1801
000000000,  03,   23042021,   1801
000000000,  03,   23042021,   1801
000000000,  03,   23042021,   1801
000000000,  03,   23042021,   1802
000000000,  03,   23042021,   1802
000000000,  03,   23042021,   1802
000000000,  03,   23042021,   1802
000000000,  03,   23042021,   1802
000000000,  03,   23042021,   1802
000000000,  03,   23042021,   1802
000000000,  03,   23042021,   1802
000000000,  03,   23042021,   1802
000000000,  03,   23042021,   1802
000000000,  03,   23042021,   1803
000000000,  03,   23042021,   1804
000000000,  03,   23042021,   1804
000000000,  03,   23042021,   1805
000000000,  03,   23042021,   1808
000000000,  03,   23042021,   1822
000000000,  03,   23042021,   1830
000000000,  03,   23042021,   1830
000000000,  03,   23042021,   1831
000000000,  03,   23042021,   1851
000000000,  03,   23042021,   1900
000000000,  03,   23042021,   2024
000000000,  03,   23042021,   2114
000000000,  03,   23042021,   2124
000000000,  03,   23042021,   2130
000000000,  03,   23042021,   2147
000000000,  03,   23042021,   2204
000000000,  03,   23042021,   2205
000000000,  03,   23042021,   2207
000000000,  03,   23042021,   2207
000000000,  03,   23042021,   2208
000000000,  03,   23042021,   2215
000000000,  03,   23042021,   2223
000000000,  03,   23042021,   2328
000000000,  03,   23042021,   2328
000000000,  03,   23042021,   2328
000000000,  03,   23042021,   2328
000000000,  03,   23042021,   2328
000000000,  03,   23042021,   2328
000000000,  03,   23042021,   2329
000000000,  03,   23042021,   2330
000000000,  03,   23042021,   2331
000000000,  03,   23042021,   2334
000000000,  03,   23042021,   2334
000000000,  03,   23042021,   2335
000000000,  03,   23042021,   2336
000000000,  03,   23042021,   2338
000000000,  03,   23042021,   2338
000000000,  03,   23042021,   2339
000000000,  03,   23042021,   2339
000000000,  03,   23042021,   2340
000000000,  03,   23042021,   2342
000000000,  03,   23042021,   2343
000000000,  03,   23042021,   2343
000000000,  03,   23042021,   2359
000000000,  03,   24042021,   0054
000000000,  03,   24042021,   0158
000000000,  03,   24042021,   0206
000000000,  03,   24042021,   0207
000000000,  03,   24042021,   0207
000000000,  03,   24042021,   0207
000000000,  03,   24042021,   0207
000000000,  03,   24042021,   0222
000000000,  03,   24042021,   0222
000000000,  03,   24042021,   0240
000000000,  03,   24042021,   0241
000000000,  03,   24042021,   0241
000000000,  03,   24042021,   0241
000000000,  03,   24042021,   0241
000000000,  03,   24042021,   0241
000000000,  03,   24042021,   0241
000000000,  03,   24042021,   0241
000000000,  03,   24042021,   0241
000000000,  03,   24042021,   0241
000000000,  03,   24042021,   0241
000000000,  03,   24042021,   0241
000000000,  03,   24042021,   0247
000000000,  03,   24042021,   0247
000000000,  03,   24042021,   0247
000000000,  03,   24042021,   0256
000000000,  03,   24042021,   0258
000000000,  03,   24042021,   0303
000000000,  03,   24042021,   0304
000000000,  03,   24042021,   0304
000000000,  03,   24042021,   0305
000000000,  03,   24042021,   0305
000000000,  03,   24042021,   0305
000000000,  03,   24042021,   0310
000000000,  03,   24042021,   0310
000000000,  03,   24042021,   0322
000000000,  03,   24042021,   0322
000000000,  03,   24042021,   0322
000000000,  03,   24042021,   0322
000000000,  03,   24042021,   0322
000000000,  03,   24042021,   0326
000000000,  03,   24042021,   0410
000000000,  03,   24042021,   0518
000000000,  03,   24042021,   0518
000000000,  03,   24042021,   0606
000000000,  03,   24042021,   0612
000000000,  03,   24042021,   0618
000000000,  03,   24042021,   0621
000000000,  03,   24042021,   0646
101002738,  03,   24042021,   0734
101002738,  04,   24042021,   0735
101002738,  05,   24042021,   0738
103025489,  03,   24042021,   0746
104000088,  03,   24042021,   0746
106000013,  03,   24042021,   0751
103025488,  03,   24042021,   0816
103024303,  03,   24042021,   0831
103024303,  01,   24042021,   0832
104000048,  01,   24042021,   0836
104000334,  01,   24042021,   0836
104000047,  01,   24042021,   0836
104000046,  01,   24042021,   0836
106000013,  04,   24042021,   0840
106000013,  01,   24042021,   0843
000000000,  03,   24042021,   0844
000000000,  03,   24042021,   0844
104000285,  01,   24042021,   0855
104000040,  01,   24042021,   0855
104000338,  03,   24042021,   0855
000000000,  03,   24042021,   0855
110004004,  01,   24042021,   0855
101001320,  01,   24042021,   0855
104000043,  01,   24042021,   0857
000000000,  01,   24042021,   0901
110001868,  03,   24042021,   0901
000001802,  01,   24042021,   0905
104000360,  01,   24042021,   0914
104000270,  03,   24042021,   0914
104000274,  03,   24042021,   0914
104000112,  01,   24042021,   0914
000000000,  01,   24042021,   0915
000000000,  01,   24042021,   0920
104000008,  03,   24042021,   0921
104000239,  03,   24042021,   0921
104000006,  03,   24042021,   0921
000000000,  01,   24042021,   0924
106000013,  01,   24042021,   0924
104000343,  01,   24042021,   0924
106000013,  04,   24042021,   0927
106000013,  04,   24042021,   0927
104000005,  03,   24042021,   0928
000000000,  03,   24042021,   0928
104000272,  03,   24042021,   0928
104000009,  03,   24042021,   0928
104000004,  03,   24042021,   0928
104000011,  03,   24042021,   0928
104000277,  03,   24042021,   0928
104000005,  05,   24042021,   0929
104000009,  05,   24042021,   0929
000000000,  02,   24042021,   0930
000000000,  02,   24042021,   0930
000000000,  03,   24042021,   0931
000000000,  03,   24042021,   0931
000000000,  03,   24042021,   0931
000000000,  03,   24042021,   0931
104000273,  03,   24042021,   0933
104000358,  01,   24042021,   0942
104000111,  01,   24042021,   0942
104000237,  03,   24042021,   0942
104000099,  03,   24042021,   0942
104000042,  01,   24042021,   0944
000000000,  03,   24042021,   0944
000000000,  03,   24042021,   0944
000000000,  03,   24042021,   0944
000000000,  03,   24042021,   0944
000000000,  03,   24042021,   0944
000000000,  03,   24042021,   0944
107000157,  02,   24042021,   0948
000000000,  03,   24042021,   0952
000000000,  03,   24042021,   0952
000000000,  03,   24042021,   0952
000000000,  03,   24042021,   0952
000000000,  03,   24042021,   0952
000000000,  03,   24042021,   0952
000000000,  03,   24042021,   0952
104000467,  03,   24042021,   0954
000000000,  03,   24042021,   0954
000000000,  01,   24042021,   0955
000000000,  03,   24042021,   0958
000000000,  03,   24042021,   1001
000000000,  03,   24042021,   1002
000000000,  03,   24042021,   1005
000001809,  01,   24042021,   1008
000000000,  01,   24042021,   1011
000000000,  01,   24042021,   1013
000001802,  04,   24042021,   1015
000000000,  01,   24042021,   1016
000001809,  01,   24042021,   1017
101001320,  04,   24042021,   1018
000000000,  01,   24042021,   1019
000000000,  01,   24042021,   1019
000000000,  01,   24042021,   1020
104000467,  03,   24042021,   1022
000000000,  01,   24042021,   1023
101001320,  04,   24042021,   1025
000000000,  01,   24042021,   1027
104000222,  01,   24042021,   1027
104000349,  01,   24042021,   1028
101001320,  01,   24042021,   1028
000000000,  01,   24042021,   1029
106000013,  04,   24042021,   1029
106000013,  02,   24042021,   1031
106000013,  02,   24042021,   1037
106000013,  02,   24042021,   1037
106000013,  04,   24042021,   1037
000000000,  01,   24042021,   1038
000001809,  04,   24042021,   1039
000001809,  01,   24042021,   1042
000001802,  04,   24042021,   1049
000001802,  01,   24042021,   1052
000000000,  03,   24042021,   1056
000000000,  03,   24042021,   1056
000000000,  03,   24042021,   1057
000000000,  03,   24042021,   1058
000000000,  03,   24042021,   1102
104000095,  03,   24042021,   1106
000000000,  03,   24042021,   1109
000000000,  01,   24042021,   1111
000000000,  03,   24042021,   1112
000000000,  01,   24042021,   1112
000001802,  04,   24042021,   1113
105000082,  04,   24042021,   1113
105000082,  02,   24042021,   1113
000000000,  02,   24042021,   1116
000000000,  02,   24042021,   1116
000001802,  04,   24042021,   1116
104000343,  01,   24042021,   1122
000001802,  04,   24042021,   1124
000000000,  01,   24042021,   1124
000001802,  04,   24042021,   1136
000001802,  01,   24042021,   1138
000000000,  01,   24042021,   1139
105000082,  04,   24042021,   1139
105000082,  02,   24042021,   1140
103024303,  01,   24042021,   1142
000000000,  01,   24042021,   1145
000000000,  01,   24042021,   1147
110001868,  05,   24042021,   1150
110001868,  05,   24042021,   1150
104000272,  05,   24042021,   1151
105000264,  02,   24042021,   1154
105000264,  04,   24042021,   1154
104000008,  05,   24042021,   1155
000000000,  01,   24042021,   1156
000000000,  03,   24042021,   1157
000000000,  03,   24042021,   1157
103024303,  01,   24042021,   1158
