104000088,  03,   24032021,   0748
101002738,  04,   24032021,   0748
101002738,  03,   24032021,   0748
103025489,  03,   24032021,   0748
106000013,  03,   24032021,   0749
106000013,  03,   24032021,   0749
101002738,  05,   24032021,   0751
103024303,  04,   24032021,   0755
000000000,  03,   24032021,   0756
103024303,  03,   24032021,   0756
000000000,  03,   24032021,   0756
000000000,  03,   24032021,   0756
000000000,  03,   24032021,   0756
000000000,  03,   24032021,   0756
000000000,  03,   24032021,   0756
000000000,  03,   24032021,   0756
000000000,  03,   24032021,   0756
000000000,  03,   24032021,   0756
000000000,  03,   24032021,   0756
000000000,  03,   24032021,   0756
000000000,  03,   24032021,   0756
000000000,  03,   24032021,   0756
000000000,  03,   24032021,   0757
000000000,  03,   24032021,   0757
000000000,  03,   24032021,   0757
000000000,  03,   24032021,   0757
000000000,  03,   24032021,   0757
000000000,  03,   24032021,   0757
000000000,  03,   24032021,   0757
000000000,  03,   24032021,   0757
000000000,  03,   24032021,   0757
000000000,  03,   24032021,   0757
000000000,  03,   24032021,   0757
000000000,  03,   24032021,   0757
000000000,  03,   24032021,   0757
000000000,  03,   24032021,   0757
000000000,  03,   24032021,   0757
000000000,  03,   24032021,   0757
000000000,  03,   24032021,   0758
000000000,  03,   24032021,   0758
000000000,  03,   24032021,   0758
000000000,  03,   24032021,   0758
000000000,  03,   24032021,   0758
000000000,  03,   24032021,   0758
103024303,  01,   24032021,   0758
000000000,  03,   24032021,   0758
000000000,  03,   24032021,   0758
000000000,  03,   24032021,   0759
000000000,  03,   24032021,   0800
000000000,  03,   24032021,   0800
000000000,  03,   24032021,   0800
000000000,  03,   24032021,   0800
000000000,  03,   24032021,   0800
000000000,  03,   24032021,   0800
000000000,  03,   24032021,   0802
103025488,  03,   24032021,   0808
000000000,  03,   24032021,   0814
000000000,  03,   24032021,   0814
000000000,  03,   24032021,   0815
000000000,  01,   24032021,   0815
000000000,  02,   24032021,   0815
000000000,  02,   24032021,   0815
000000000,  02,   24032021,   0815
000000000,  02,   24032021,   0815
000000000,  02,   24032021,   0815
000000000,  02,   24032021,   0815
000000000,  02,   24032021,   0815
000000000,  02,   24032021,   0816
000000000,  02,   24032021,   0816
000000000,  02,   24032021,   0816
000000000,  02,   24032021,   0816
000000000,  02,   24032021,   0816
000000000,  02,   24032021,   0816
000000000,  03,   24032021,   0817
000000000,  01,   24032021,   0817
000000000,  03,   24032021,   0817
000000000,  03,   24032021,   0818
000000000,  03,   24032021,   0821
101001320,  01,   24032021,   0821
000000000,  03,   24032021,   0821
000000000,  03,   24032021,   0822
000000000,  03,   24032021,   0823
000000000,  03,   24032021,   0823
000000000,  03,   24032021,   0824
107000157,  02,   24032021,   0825
000000000,  03,   24032021,   0826
000000000,  03,   24032021,   0827
000000000,  03,   24032021,   0827
000000000,  03,   24032021,   0827
000000000,  03,   24032021,   0827
000000000,  03,   24032021,   0830
000000000,  03,   24032021,   0830
000000000,  03,   24032021,   0831
000000000,  03,   24032021,   0831
000000000,  03,   24032021,   0831
000000000,  03,   24032021,   0831
000000000,  03,   24032021,   0832
000000000,  03,   24032021,   0833
106000013,  04,   24032021,   0835
106000013,  01,   24032021,   0838
104000465,  03,   24032021,   0849
103025488,  05,   24032021,   0850
104000285,  01,   24032021,   0850
104000338,  03,   24032021,   0850
104000043,  01,   24032021,   0850
000000000,  01,   24032021,   0853
000000000,  01,   24032021,   0854
000000000,  01,   24032021,   0857
000000000,  03,   24032021,   0858
000000000,  01,   24032021,   0859
103024303,  01,   24032021,   0900
000000000,  03,   24032021,   0901
000000000,  03,   24032021,   0901
000000000,  03,   24032021,   0901
000000000,  03,   24032021,   0901
110004004,  01,   24032021,   0902
104000277,  03,   24032021,   0914
104000360,  01,   24032021,   0914
104000009,  03,   24032021,   0914
104000334,  01,   24032021,   0914
104000005,  03,   24032021,   0914
104000334,  01,   24032021,   0914
104000270,  03,   24032021,   0914
104000112,  01,   24032021,   0914
104000011,  03,   24032021,   0914
104000272,  03,   24032021,   0914
104000111,  01,   24032021,   0914
104000047,  01,   24032021,   0914
104000004,  05,   24032021,   0914
104000005,  05,   24032021,   0914
104000009,  05,   24032021,   0914
104000244,  03,   24032021,   0916
104000239,  03,   24032021,   0916
104000046,  01,   24032021,   0919
110001868,  03,   24032021,   0920
104000006,  03,   24032021,   0920
104000006,  03,   24032021,   0920
104000006,  03,   24032021,   0920
104000006,  03,   24032021,   0920
104000222,  01,   24032021,   0926
104000349,  01,   24032021,   0926
106000013,  04,   24032021,   0926
106000013,  01,   24032021,   0927
104000273,  03,   24032021,   0933
104000343,  01,   24032021,   0934
104000465,  03,   24032021,   0935
000001809,  01,   24032021,   0938
104000465,  03,   24032021,   0940
000000000,  03,   24032021,   0942
000000000,  03,   24032021,   0943
000000000,  02,   24032021,   0943
000000000,  02,   24032021,   0943
000000000,  03,   24032021,   0943
000000000,  03,   24032021,   0943
000000000,  03,   24032021,   0943
000000000,  03,   24032021,   0943
000000000,  03,   24032021,   0943
000000000,  03,   24032021,   0943
000000000,  03,   24032021,   0943
000000000,  03,   24032021,   0943
000000000,  03,   24032021,   0943
000000000,  03,   24032021,   0943
000000000,  03,   24032021,   0943
000000000,  02,   24032021,   0943
000000000,  03,   24032021,   0943
000000000,  03,   24032021,   0944
000000000,  03,   24032021,   0944
000000000,  03,   24032021,   0944
000000000,  03,   24032021,   0944
000000000,  03,   24032021,   0944
104000467,  03,   24032021,   0945
104000274,  03,   24032021,   0948
110001870,  01,   24032021,   0948
000000000,  03,   24032021,   0948
000000000,  03,   24032021,   0948
104000042,  01,   24032021,   0958
104000099,  03,   24032021,   1001
104000098,  03,   24032021,   1002
104000043,  01,   24032021,   1006
000000000,  03,   24032021,   1009
106000128,  02,   24032021,   1009
106000013,  04,   24032021,   1010
000000000,  03,   24032021,   1010
106000013,  02,   24032021,   1012
000001809,  04,   24032021,   1013
106000008,  03,   24032021,   1013
000000000,  03,   24032021,   1013
000001809,  04,   24032021,   1013
000001809,  01,   24032021,   1014
106000128,  02,   24032021,   1015
104000358,  01,   24032021,   1016
106000013,  02,   24032021,   1018
000000000,  01,   24032021,   1018
106000013,  04,   24032021,   1018
103025488,  03,   24032021,   1018
103025488,  01,   24032021,   1019
000000000,  01,   24032021,   1020
103025488,  03,   24032021,   1021
101002737,  02,   24032021,   1022
000000000,  03,   24032021,   1022
000000000,  01,   24032021,   1023
104000297,  03,   24032021,   1026
103024303,  04,   24032021,   1027
101001321,  01,   24032021,   1028
107000197,  04,   24032021,   1029
107000197,  02,   24032021,   1030
103024303,  01,   24032021,   1031
000000000,  03,   24032021,   1031
000000000,  03,   24032021,   1031
104000006,  04,   24032021,   1032
000000000,  01,   24032021,   1033
107000197,  03,   24032021,   1033
000000000,  01,   24032021,   1034
107000197,  03,   24032021,   1034
101002737,  02,   24032021,   1038
103025489,  03,   24032021,   1039
104000006,  04,   24032021,   1040
101001320,  01,   24032021,   1041
103024303,  01,   24032021,   1041
000000000,  01,   24032021,   1042
106000128,  04,   24032021,   1043
106000128,  02,   24032021,   1043
104000047,  01,   24032021,   1045
000000000,  01,   24032021,   1046
104000244,  05,   24032021,   1050
104000222,  01,   24032021,   1051
000000000,  01,   24032021,   1051
104000047,  01,   24032021,   1052
104000046,  01,   24032021,   1053
000000000,  03,   24032021,   1053
110001870,  01,   24032021,   1053
000000000,  03,   24032021,   1053
104000046,  01,   24032021,   1053
000000000,  01,   24032021,   1054
000000000,  01,   24032021,   1055
104000112,  01,   24032021,   1055
104000237,  03,   24032021,   1059
000000000,  01,   24032021,   1103
104000222,  01,   24032021,   1104
106000128,  04,   24032021,   1107
106000128,  02,   24032021,   1108
104000046,  01,   24032021,   1108
101002738,  04,   24032021,   1109
110003994,  01,   24032021,   1111
104000467,  03,   24032021,   1112
101002738,  01,   24032021,   1112
104000052,  03,   24032021,   1113
106000013,  04,   24032021,   1113
000000000,  03,   24032021,   1113
000000000,  01,   24032021,   1116
106000013,  01,   24032021,   1116
104000222,  01,   24032021,   1116
104000334,  01,   24032021,   1116
101001321,  03,   24032021,   1117
101001321,  03,   24032021,   1117
101002738,  04,   24032021,   1121
000000000,  03,   24032021,   1121
104000095,  03,   24032021,   1121
101002738,  01,   24032021,   1122
106000013,  04,   24032021,   1123
101002738,  03,   24032021,   1123
106000013,  01,   24032021,   1123
101001321,  04,   24032021,   1124
101001321,  01,   24032021,   1127
000000000,  01,   24032021,   1127
104000052,  03,   24032021,   1127
000000000,  01,   24032021,   1128
104000467,  03,   24032021,   1129
000000000,  01,   24032021,   1131
106000128,  02,   24032021,   1139
101002738,  03,   24032021,   1141
104000244,  05,   24032021,   1141
104000244,  05,   24032021,   1142
103025489,  03,   24032021,   1142
103025489,  03,   24032021,   1143
106000128,  02,   24032021,   1144
104000465,  04,   24032021,   1145
104000467,  04,   24032021,   1145
000001809,  04,   24032021,   1145
103025489,  03,   24032021,   1145
104000465,  02,   24032021,   1146
103024303,  01,   24032021,   1146
000001809,  01,   24032021,   1146
104000467,  02,   24032021,   1146
000001809,  05,   24032021,   1147
000000000,  03,   24032021,   1149
000000000,  03,   24032021,   1149
000000000,  03,   24032021,   1149
103025488,  03,   24032021,   1151
000001809,  04,   24032021,   1152
103025488,  05,   24032021,   1153
104000006,  04,   24032021,   1153
000000000,  04,   24032021,   1154
000001809,  01,   24032021,   1155
000000000,  03,   24032021,   1156
000000000,  03,   24032021,   1156
104000006,  04,   24032021,   1201
104000112,  01,   24032021,   1201
110001870,  01,   24032021,   1202
104000334,  01,   24032021,   1202
104000222,  01,   24032021,   1202
000000000,  03,   24032021,   1204
104000098,  04,   24032021,   1205
110003994,  04,   24032021,   1206
104000098,  02,   24032021,   1206
110003994,  01,   24032021,   1206
110001870,  04,   24032021,   1207
110001870,  04,   24032021,   1207
000001809,  01,   24032021,   1209
110001870,  01,   24032021,   1210
110003994,  04,   24032021,   1211
000000000,  01,   24032021,   1212
110003994,  01,   24032021,   1214
000000000,  01,   24032021,   1217
110004004,  01,   24032021,   1218
101001320,  01,   24032021,   1220
000000000,  02,   24032021,   1224
000000000,  01,   24032021,   1229
104000500,  01,   24032021,   1231
110004004,  01,   24032021,   1232
000000000,  01,   24032021,   1232
000001809,  04,   24032021,   1237
000000000,  01,   24032021,   1238
000001809,  01,   24032021,   1238
000001809,  01,   24032021,   1239
104000467,  02,   24032021,   1240
104000465,  02,   24032021,   1240
104000465,  04,   24032021,   1241
104000098,  04,   24032021,   1241
104000467,  04,   24032021,   1241
000000000,  01,   24032021,   1245
104000043,  01,   24032021,   1250
103025488,  04,   24032021,   1256
103025488,  01,   24032021,   1259
000000000,  01,   24032021,   1301
103025488,  01,   24032021,   1301
103025488,  04,   24032021,   1305
000000000,  01,   24032021,   1305
104000465,  04,   24032021,   1305
104000467,  04,   24032021,   1305
104000465,  02,   24032021,   1307
104000467,  02,   24032021,   1307
000000000,  01,   24032021,   1311
104000465,  02,   24032021,   1312
104000467,  02,   24032021,   1313
104000467,  04,   24032021,   1313
104000465,  04,   24032021,   1313
000000000,  04,   24032021,   1316
000000000,  04,   24032021,   1316
104000046,  01,   24032021,   1316
000000000,  01,   24032021,   1316
000000000,  04,   24032021,   1318
000000000,  04,   24032021,   1318
000000000,  04,   24032021,   1318
104000239,  05,   24032021,   1320
104000244,  05,   24032021,   1321
000000000,  01,   24032021,   1322
104000047,  01,   24032021,   1322
104000005,  05,   24032021,   1323
104000004,  05,   24032021,   1323
000000000,  03,   24032021,   1329
000000000,  03,   24032021,   1329
104000465,  03,   24032021,   1331
104000467,  03,   24032021,   1331
101001320,  04,   24032021,   1332
101001320,  01,   24032021,   1333
101002738,  03,   24032021,   1334
103024303,  01,   24032021,   1334
000000000,  03,   24032021,   1335
000000000,  03,   24032021,   1335
101001320,  04,   24032021,   1336
104000047,  01,   24032021,   1337
000000000,  01,   24032021,   1337
000000000,  01,   24032021,   1338
000000000,  01,   24032021,   1338
103024303,  01,   24032021,   1339
104000343,  01,   24032021,   1339
104000343,  01,   24032021,   1340
000000000,  01,   24032021,   1343
000000000,  01,   24032021,   1346
000000000,  03,   24032021,   1347
000000000,  03,   24032021,   1347
000000000,  03,   24032021,   1347
000000000,  03,   24032021,   1347
103024303,  01,   24032021,   1349
106000128,  02,   24032021,   1358
104000334,  01,   24032021,   1358
104000334,  01,   24032021,   1359
000000000,  04,   24032021,   1359
106000128,  02,   24032021,   1400
107000157,  02,   24032021,   1400
107000157,  04,   24032021,   1400
000000000,  03,   24032021,   1401
106000128,  02,   24032021,   1401
000000000,  01,   24032021,   1401
107000157,  03,   24032021,   1402
101001320,  02,   24032021,   1403
000001809,  03,   24032021,   1403
107000157,  03,   24032021,   1403
106000013,  04,   24032021,   1404
106000128,  02,   24032021,   1404
101001320,  01,   24032021,   1406
106000013,  01,   24032021,   1407
000000000,  03,   24032021,   1408
000000000,  03,   24032021,   1409
000000000,  01,   24032021,   1412
103025488,  03,   24032021,   1413
104000334,  01,   24032021,   1416
104000334,  01,   24032021,   1417
104000046,  01,   24032021,   1418
000000000,  03,   24032021,   1418
000000000,  03,   24032021,   1419
000000000,  03,   24032021,   1420
000000000,  03,   24032021,   1420
101002738,  03,   24032021,   1423
106000128,  02,   24032021,   1424
000000000,  03,   24032021,   1425
106000128,  02,   24032021,   1426
103025488,  03,   24032021,   1426
000000000,  03,   24032021,   1427
104000006,  04,   24032021,   1432
104000006,  04,   24032021,   1433
000000000,  03,   24032021,   1433
107000157,  03,   24032021,   1435
110001870,  01,   24032021,   1436
000000000,  03,   24032021,   1437
000000000,  03,   24032021,   1437
000000000,  03,   24032021,   1437
104000006,  04,   24032021,   1438
000000000,  03,   24032021,   1438
000000000,  03,   24032021,   1438
110001870,  01,   24032021,   1444
110001870,  01,   24032021,   1444
000000000,  01,   24032021,   1447
107000157,  03,   24032021,   1448
103024303,  04,   24032021,   1455
000000000,  01,   24032021,   1456
104000358,  01,   24032021,   1457
104000343,  01,   24032021,   1459
000000000,  01,   24032021,   1503
104000467,  03,   24032021,   1505
103024303,  01,   24032021,   1506
110003994,  04,   24032021,   1508
110003994,  01,   24032021,   1510
106000013,  04,   24032021,   1512
106000013,  01,   24032021,   1513
110003994,  04,   24032021,   1514
104000222,  01,   24032021,   1515
110003994,  01,   24032021,   1517
104000043,  01,   24032021,   1518
104000343,  01,   24032021,   1518
104000360,  01,   24032021,   1521
104000047,  01,   24032021,   1522
104000043,  01,   24032021,   1524
000000000,  01,   24032021,   1526
110003994,  01,   24032021,   1526
000000000,  04,   24032021,   1528
107000197,  04,   24032021,   1529
107000197,  02,   24032021,   1529
107000197,  02,   24032021,   1529
000000000,  01,   24032021,   1531
104000360,  01,   24032021,   1533
104000360,  01,   24032021,   1534
000000000,  01,   24032021,   1535
110001870,  01,   24032021,   1535
104000358,  01,   24032021,   1536
000000000,  01,   24032021,   1540
101001320,  01,   24032021,   1542
000000000,  01,   24032021,   1543
104000360,  01,   24032021,   1544
101001321,  01,   24032021,   1546
106000013,  04,   24032021,   1548
000000000,  02,   24032021,   1550
106000013,  01,   24032021,   1550
000000000,  02,   24032021,   1552
000000000,  02,   24032021,   1552
104000047,  01,   24032021,   1552
000000000,  01,   24032021,   1556
101001321,  04,   24032021,   1606
106000013,  01,   24032021,   1606
105000264,  04,   24032021,   1606
105000264,  02,   24032021,   1606
101001321,  01,   24032021,   1609
104000358,  01,   24032021,   1616
104000467,  04,   24032021,   1621
104000467,  02,   24032021,   1622
101002738,  04,   24032021,   1622
104000500,  01,   24032021,   1623
101002738,  01,   24032021,   1625
104000467,  02,   24032021,   1628
104000467,  04,   24032021,   1628
107000197,  02,   24032021,   1629
107000197,  04,   24032021,   1629
101002738,  01,   24032021,   1630
104000006,  04,   24032021,   1641
105000264,  04,   24032021,   1642
103025489,  01,   24032021,   1642
105000264,  02,   24032021,   1643
103025489,  04,   24032021,   1643
104000052,  04,   24032021,   1644
103025489,  01,   24032021,   1644
104000052,  02,   24032021,   1645
104000006,  04,   24032021,   1646
000000000,  01,   24032021,   1647
104000052,  02,   24032021,   1648
104000052,  02,   24032021,   1648
104000052,  02,   24032021,   1650
000000000,  02,   24032021,   1650
000000000,  02,   24032021,   1650
104000052,  02,   24032021,   1651
104000052,  04,   24032021,   1651
000000000,  01,   24032021,   1653
000000000,  01,   24032021,   1655
106000013,  03,   24032021,   1658
104000042,  01,   24032021,   1700
104000343,  01,   24032021,   1702
104000046,  01,   24032021,   1703
104000334,  01,   24032021,   1712
103025489,  01,   24032021,   1719
104000349,  01,   24032021,   1719
000000000,  01,   24032021,   1720
000000000,  05,   24032021,   1726
104000111,  01,   24032021,   1736
000000000,  01,   24032021,   1736
104000046,  01,   24032021,   1749
104000046,  01,   24032021,   1749
000000000,  01,   24032021,   1750
104000360,  01,   24032021,   1750
104000343,  01,   24032021,   1751
104000099,  03,   24032021,   1801
107000157,  02,   24032021,   1808
103024303,  04,   24032021,   1808
107000157,  02,   24032021,   1808
000000000,  01,   24032021,   1810
103024303,  04,   24032021,   1811
103024303,  04,   24032021,   1818
103024303,  01,   24032021,   1820
104000273,  03,   24032021,   1821
104000272,  03,   24032021,   1824
104000467,  03,   24032021,   1826
104000244,  03,   24032021,   1827
104000338,  03,   24032021,   1829
104000239,  03,   24032021,   1829
104000005,  03,   24032021,   1829
104000004,  03,   24032021,   1829
104000011,  03,   24032021,   1831
104000009,  03,   24032021,   1832
110004004,  01,   24032021,   1832
000000000,  01,   24032021,   1833
104000285,  01,   24032021,   1833
104000277,  03,   24032021,   1833
104000043,  01,   24032021,   1833
110001868,  03,   24032021,   1837
000000000,  01,   24032021,   1849
107000157,  01,   24032021,   1855
107000157,  01,   24032021,   1855
104000237,  03,   24032021,   1855
104000098,  03,   24032021,   1855
103024303,  01,   24032021,   1902
000000000,  02,   24032021,   1908
000000000,  02,   24032021,   1908
000000000,  01,   24032021,   1917
000000000,  01,   24032021,   1917
104000270,  03,   24032021,   1923
104000297,  03,   24032021,   1926
103024303,  01,   24032021,   1940
104000047,  01,   24032021,   1942
104000112,  01,   24032021,   1943
104000343,  01,   24032021,   1943
104000088,  03,   24032021,   1951
000000000,  01,   24032021,   1957
103024303,  01,   24032021,   1957
103024303,  01,   24032021,   1957
103025489,  03,   24032021,   2001
101002738,  05,   24032021,   2039
000000000,  02,   24032021,   2042
000000000,  02,   24032021,   2042
107000157,  02,   24032021,   2114
000000000,  03,   24032021,   2118
000000000,  03,   24032021,   2119
000000000,  03,   24032021,   2120
101002738,  04,   24032021,   2123
104000095,  03,   24032021,   2139
101002738,  03,   24032021,   2141
000000000,  05,   25032021,   0210
000000000,  05,   25032021,   0211
000000000,  05,   25032021,   0306
000000000,  05,   25032021,   0337
101002738,  04,   25032021,   0742
101002738,  03,   25032021,   0742
101002738,  05,   25032021,   0746
106000013,  03,   25032021,   0747
106000013,  03,   25032021,   0747
106000013,  03,   25032021,   0747
103024303,  03,   25032021,   0755
103024303,  03,   25032021,   0755
101001321,  01,   25032021,   0757
103024303,  01,   25032021,   0757
103025489,  03,   25032021,   0808
000000000,  02,   25032021,   0811
103025488,  03,   25032021,   0814
107000157,  02,   25032021,   0822
000000000,  03,   25032021,   0825
000001801,  01,   25032021,   0834
106000013,  04,   25032021,   0838
104000088,  03,   25032021,   0839
106000013,  01,   25032021,   0840
000000000,  01,   25032021,   0845
000001801,  01,   25032021,   0849
000000000,  01,   25032021,   0902
104000098,  03,   25032021,   0903
104000099,  03,   25032021,   0903
104000111,  01,   25032021,   0903
104000358,  01,   25032021,   0903
104000358,  01,   25032021,   0903
104000274,  03,   25032021,   0904
104000237,  03,   25032021,   0905
104000338,  03,   25032021,   0908
104000285,  01,   25032021,   0908
101001320,  01,   25032021,   0908
101002738,  04,   25032021,   0908
110004004,  01,   25032021,   0908
101002738,  01,   25032021,   0911
104000277,  03,   25032021,   0911
104000005,  03,   25032021,   0911
104000272,  03,   25032021,   0911
104000043,  01,   25032021,   0911
104000011,  03,   25032021,   0911
110001868,  03,   25032021,   0911
104000004,  05,   25032021,   0912
104000005,  05,   25032021,   0912
104000343,  01,   25032021,   0914
000000000,  01,   25032021,   0915
000000000,  01,   25032021,   0915
103024303,  01,   25032021,   0916
104000008,  03,   25032021,   0920
104000244,  03,   25032021,   0920
000000000,  01,   25032021,   0920
101002738,  04,   25032021,   0922
101002738,  01,   25032021,   0922
101002738,  01,   25032021,   0922
101002738,  01,   25032021,   0923
104000006,  03,   25032021,   0925
104000270,  03,   25032021,   0927
104000047,  01,   25032021,   0927
104000334,  01,   25032021,   0927
104000046,  01,   25032021,   0927
104000360,  01,   25032021,   0927
104000112,  01,   25032021,   0927
106000013,  04,   25032021,   0929
104000046,  01,   25032021,   0930
106000013,  01,   25032021,   0930
104000222,  01,   25032021,   0930
104000349,  01,   25032021,   0930
000000000,  04,   25032021,   0931
000000000,  01,   25032021,   0933
104000046,  01,   25032021,   0937
000000000,  01,   25032021,   0938
110001870,  01,   25032021,   0939
110001870,  01,   25032021,   0939
000000000,  01,   25032021,   0941
000000000,  02,   25032021,   0942
104000467,  03,   25032021,   0942
000001801,  04,   25032021,   0943
000001801,  04,   25032021,   0943
000001801,  01,   25032021,   0945
103024303,  01,   25032021,   0945
000001801,  01,   25032021,   0946
000000000,  04,   25032021,   1001
000000000,  04,   25032021,   1001
000000000,  02,   25032021,   1001
000000000,  01,   25032021,   1003
104000222,  04,   25032021,   1008
104000334,  04,   25032021,   1008
104000349,  04,   25032021,   1009
104000334,  01,   25032021,   1009
104000349,  01,   25032021,   1010
106000013,  04,   25032021,   1010
104000222,  04,   25032021,   1011
104000349,  04,   25032021,   1011
104000043,  01,   25032021,   1012
104000043,  01,   25032021,   1012
106000013,  02,   25032021,   1012
104000046,  04,   25032021,   1012
000000000,  01,   25032021,   1012
104000046,  01,   25032021,   1012
000000000,  02,   25032021,   1013
000000000,  02,   25032021,   1013
104000043,  01,   25032021,   1014
104000334,  01,   25032021,   1014
104000349,  01,   25032021,   1014
104000046,  01,   25032021,   1015
101001320,  01,   25032021,   1015
104000112,  04,   25032021,   1016
103024303,  01,   25032021,   1016
104000112,  01,   25032021,   1017
106000128,  02,   25032021,   1019
106000013,  02,   25032021,   1020
106000013,  02,   25032021,   1020
106000013,  04,   25032021,   1020
104000112,  01,   25032021,   1023
104000043,  01,   25032021,   1023
110003994,  01,   25032021,   1023
106000128,  02,   25032021,   1024
104000042,  01,   25032021,   1033
000000000,  01,   25032021,   1040
104000467,  03,   25032021,   1044
105000082,  04,   25032021,   1048
105000082,  02,   25032021,   1048
104000338,  03,   25032021,   1048
104000006,  04,   25032021,   1049
104000042,  01,   25032021,   1049
104000042,  01,   25032021,   1053
104000338,  03,   25032021,   1054
104000272,  03,   25032021,   1054
104000297,  03,   25032021,   1054
104000467,  03,   25032021,   1100
104000239,  03,   25032021,   1103
105000082,  04,   25032021,   1104
104000009,  03,   25032021,   1105
000000000,  03,   25032021,   1105
105000082,  02,   25032021,   1105
104000006,  04,   25032021,   1108
000000000,  04,   25032021,   1110
000000000,  04,   25032021,   1110
000000000,  04,   25032021,   1110
106000013,  04,   25032021,   1111
000000000,  03,   25032021,   1113
000000000,  03,   25032021,   1113
000000000,  03,   25032021,   1114
106000013,  01,   25032021,   1114
000000000,  03,   25032021,   1115
000000000,  03,   25032021,   1115
000000000,  03,   25032021,   1115
000000000,  03,   25032021,   1115
000000000,  03,   25032021,   1115
000000000,  03,   25032021,   1115
000000000,  03,   25032021,   1116
000000000,  03,   25032021,   1117
000000000,  03,   25032021,   1117
000000000,  03,   25032021,   1117
000000000,  03,   25032021,   1117
000000000,  03,   25032021,   1117
000000000,  03,   25032021,   1117
000000000,  03,   25032021,   1117
000000000,  03,   25032021,   1117
000000000,  03,   25032021,   1117
000000000,  03,   25032021,   1120
000000000,  03,   25032021,   1120
000000000,  03,   25032021,   1121
000000000,  03,   25032021,   1121
000000000,  03,   25032021,   1121
000000000,  03,   25032021,   1121
000000000,  03,   25032021,   1121
000000000,  03,   25032021,   1121
000000000,  03,   25032021,   1121
000000000,  03,   25032021,   1121
000000000,  03,   25032021,   1122
000000000,  03,   25032021,   1122
000000000,  03,   25032021,   1122
000000000,  03,   25032021,   1122
000000000,  03,   25032021,   1122
000000000,  03,   25032021,   1122
000000000,  03,   25032021,   1122
000000000,  03,   25032021,   1122
000000000,  03,   25032021,   1123
000000000,  03,   25032021,   1123
000000000,  03,   25032021,   1123
000000000,  03,   25032021,   1123
000000000,  03,   25032021,   1123
000000000,  03,   25032021,   1123
000000000,  03,   25032021,   1123
000000000,  03,   25032021,   1123
106000013,  04,   25032021,   1123
000000000,  03,   25032021,   1123
000000000,  03,   25032021,   1124
000000000,  03,   25032021,   1124
106000013,  01,   25032021,   1124
000000000,  03,   25032021,   1124
000000000,  03,   25032021,   1124
000000000,  03,   25032021,   1124
000000000,  03,   25032021,   1124
000000000,  03,   25032021,   1124
000000000,  03,   25032021,   1124
000000000,  03,   25032021,   1127
000000000,  03,   25032021,   1127
000000000,  01,   25032021,   1134
104000343,  01,   25032021,   1135
000000000,  01,   25032021,   1135
104000467,  04,   25032021,   1135
104000467,  02,   25032021,   1136
104000006,  04,   25032021,   1138
104000343,  04,   25032021,   1140
104000467,  04,   25032021,   1142
104000467,  02,   25032021,   1142
104000343,  01,   25032021,   1142
104000006,  04,   25032021,   1144
106000128,  02,   25032021,   1150
106000128,  02,   25032021,   1153
000001809,  04,   25032021,   1153
103024303,  04,   25032021,   1154
110001870,  01,   25032021,   1155
000001809,  01,   25032021,   1156
000000000,  01,   25032021,   1157
101002738,  04,   25032021,   1158
101002738,  02,   25032021,   1200
110001870,  04,   25032021,   1200
104000343,  02,   25032021,   1203
104000343,  02,   25032021,   1203
110001870,  01,   25032021,   1203
110001870,  01,   25032021,   1203
101002738,  02,   25032021,   1204
101002738,  04,   25032021,   1205
104000343,  01,   25032021,   1205
000000000,  01,   25032021,   1209
000000000,  01,   25032021,   1211
000000000,  01,   25032021,   1212
104000222,  01,   25032021,   1212
000000000,  01,   25032021,   1212
104000222,  01,   25032021,   1212
104000343,  01,   25032021,   1213
000001809,  04,   25032021,   1216
000001809,  04,   25032021,   1216
000001809,  01,   25032021,   1217
105000264,  04,   25032021,   1217
105000264,  02,   25032021,   1217
110004004,  01,   25032021,   1218
000000000,  01,   25032021,   1218
105000264,  04,   25032021,   1220
104000222,  04,   25032021,   1220
105000264,  02,   25032021,   1221
104000222,  01,   25032021,   1223
104000272,  03,   25032021,   1225
104000338,  03,   25032021,   1225
110004004,  01,   25032021,   1230
000000000,  01,   25032021,   1230
000001809,  04,   25032021,   1237
107000197,  02,   25032021,   1238
107000197,  04,   25032021,   1238
110003994,  04,   25032021,   1239
110003994,  01,   25032021,   1240
110003994,  04,   25032021,   1243
110003994,  01,   25032021,   1245
110003994,  04,   25032021,   1249
110003994,  01,   25032021,   1250
104000285,  01,   25032021,   1253
000000000,  01,   25032021,   1255
000001809,  04,   25032021,   1256
000001809,  01,   25032021,   1258
110003994,  04,   25032021,   1259
110003994,  01,   25032021,   1302
110003994,  01,   25032021,   1302
103024303,  02,   25032021,   1304
107000185,  02,   25032021,   1313
107000185,  04,   25032021,   1314
000001809,  01,   25032021,   1316
103024303,  01,   25032021,   1317
104000047,  01,   25032021,   1319
101001320,  01,   25032021,   1320
107000197,  04,   25032021,   1326
107000197,  02,   25032021,   1326
101002738,  03,   25032021,   1327
104000047,  01,   25032021,   1333
103025489,  03,   25032021,   1334
110004004,  01,   25032021,   1336
101001321,  01,   25032021,   1337
000000000,  01,   25032021,   1337
107000185,  04,   25032021,   1338
000000000,  04,   25032021,   1339
000000000,  04,   25032021,   1339
107000185,  02,   25032021,   1339
000000000,  01,   25032021,   1340
110004004,  01,   25032021,   1340
110004004,  01,   25032021,   1340
104000095,  03,   25032021,   1342
000000000,  03,   25032021,   1345
104000006,  04,   25032021,   1346
104000338,  05,   25032021,   1347
103024303,  04,   25032021,   1348
000000000,  01,   25032021,   1349
105000082,  04,   25032021,   1352
105000082,  02,   25032021,   1352
000000000,  04,   25032021,   1353
000000000,  04,   25032021,   1353
103024303,  01,   25032021,   1355
104000006,  04,   25032021,   1356
104000046,  01,   25032021,   1404
000000000,  04,   25032021,   1404
104000046,  01,   25032021,   1406
106000013,  04,   25032021,   1407
104000046,  01,   25032021,   1408
105000082,  04,   25032021,   1408
104000046,  01,   25032021,   1408
104000052,  01,   25032021,   1409
105000082,  02,   25032021,   1409
106000013,  01,   25032021,   1410
104000052,  01,   25032021,   1412
000000000,  01,   25032021,   1413
104000043,  01,   25032021,   1424
107000197,  04,   25032021,   1424
107000197,  02,   25032021,   1424
103025488,  04,   25032021,   1425
103024303,  01,   25032021,   1425
103025488,  01,   25032021,   1427
104000338,  03,   25032021,   1427
110001870,  01,   25032021,   1428
000000000,  01,   25032021,   1429
104000043,  01,   25032021,   1430
000000000,  03,   25032021,   1437
000000000,  03,   25032021,   1437
000000000,  01,   25032021,   1444
106000128,  02,   25032021,   1445
000000000,  01,   25032021,   1445
103024303,  01,   25032021,   1446
101001320,  04,   25032021,   1446
000000000,  01,   25032021,   1447
000000000,  01,   25032021,   1450
000000000,  01,   25032021,   1454
106000128,  02,   25032021,   1455
104000095,  03,   25032021,   1456
110003994,  01,   25032021,   1458
104000052,  01,   25032021,   1459
101001320,  04,   25032021,   1500
104000360,  01,   25032021,   1500
101001320,  01,   25032021,   1502
000000000,  02,   25032021,   1503
000000000,  02,   25032021,   1503
000000000,  01,   25032021,   1505
104000222,  01,   25032021,   1505
103024303,  01,   25032021,   1505
104000043,  01,   25032021,   1508
104000358,  01,   25032021,   1511
000000000,  01,   25032021,   1511
106000013,  04,   25032021,   1512
104000360,  01,   25032021,   1512
106000013,  01,   25032021,   1513
104000360,  01,   25032021,   1513
104000006,  04,   25032021,   1518
107000157,  04,   25032021,   1520
107000157,  02,   25032021,   1521
101001321,  01,   25032021,   1521
104000360,  01,   25032021,   1523
104000006,  04,   25032021,   1524
104000046,  01,   25032021,   1525
103024303,  04,   25032021,   1525
000000000,  01,   25032021,   1525
101001321,  01,   25032021,   1525
000000000,  01,   25032021,   1526
103024303,  04,   25032021,   1528
104000043,  01,   25032021,   1529
103024303,  01,   25032021,   1531
000000000,  01,   25032021,   1533
104000046,  01,   25032021,   1539
104000358,  04,   25032021,   1541
104000358,  01,   25032021,   1544
104000239,  05,   25032021,   1544
103025488,  05,   25032021,   1545
000000000,  04,   25032021,   1549
000000000,  04,   25032021,   1549
000000000,  04,   25032021,   1549
106000013,  04,   25032021,   1551
106000013,  01,   25032021,   1554
106000013,  01,   25032021,   1557
104000343,  01,   25032021,   1559
103025488,  03,   25032021,   1601
104000285,  01,   25032021,   1602
000000000,  01,   25032021,   1610
104000285,  01,   25032021,   1615
104000343,  01,   25032021,   1619
000000000,  04,   25032021,   1623
000000000,  04,   25032021,   1623
110003994,  01,   25032021,   1633
110003994,  04,   25032021,   1634
104000098,  03,   25032021,   1635
110003994,  01,   25032021,   1635
104000008,  03,   25032021,   1635
104000272,  03,   25032021,   1635
101002738,  04,   25032021,   1639
110004004,  01,   25032021,   1640
101002738,  01,   25032021,   1642
101002738,  04,   25032021,   1642
101002738,  01,   25032021,   1643
107000197,  04,   25032021,   1645
107000197,  02,   25032021,   1646
104000338,  03,   25032021,   1647
110004004,  01,   25032021,   1652
104000343,  04,   25032021,   1653
000000000,  01,   25032021,   1655
106000013,  03,   25032021,   1655
110003994,  04,   25032021,   1657
101001320,  04,   25032021,   1659
101001320,  04,   25032021,   1659
000000000,  01,   25032021,   1700
110003994,  01,   25032021,   1701
101001320,  01,   25032021,   1703
104000343,  01,   25032021,   1703
104000046,  01,   25032021,   1704
103024303,  01,   25032021,   1706
000000000,  01,   25032021,   1707
103024303,  04,   25032021,   1708
103024303,  04,   25032021,   1711
103024303,  04,   25032021,   1712
104000052,  03,   25032021,   1720
000000000,  01,   25032021,   1720
104000334,  01,   25032021,   1721
104000222,  01,   25032021,   1721
104000349,  01,   25032021,   1721
000000000,  04,   25032021,   1722
000000000,  04,   25032021,   1722
104000272,  03,   25032021,   1723
104000008,  03,   25032021,   1723
000000000,  03,   25032021,   1723
000000000,  03,   25032021,   1723
000000000,  03,   25032021,   1723
104000047,  01,   25032021,   1723
104000008,  03,   25032021,   1723
000000000,  03,   25032021,   1723
000000000,  03,   25032021,   1723
104000098,  03,   25032021,   1723
000000000,  03,   25032021,   1723
000000000,  03,   25032021,   1723
103024303,  01,   25032021,   1725
107000157,  02,   25032021,   1726
101001320,  01,   25032021,   1726
107000157,  02,   25032021,   1731
104000047,  01,   25032021,   1732
104000358,  01,   25032021,   1737
104000358,  01,   25032021,   1741
104000042,  01,   25032021,   1743
104000099,  03,   25032021,   1747
101002738,  04,   25032021,   1747
104000358,  01,   25032021,   1750
101002738,  01,   25032021,   1750
101002738,  04,   25032021,   1751
000000000,  01,   25032021,   1752
000000000,  01,   25032021,   1753
104000297,  03,   25032021,   1756
000000000,  01,   25032021,   1758
110003994,  01,   25032021,   1800
110003994,  01,   25032021,   1800
110003994,  01,   25032021,   1801
000000000,  01,   25032021,   1801
110001868,  03,   25032021,   1804
104000338,  03,   25032021,   1805
104000285,  01,   25032021,   1806
000000000,  01,   25032021,   1806
110004004,  01,   25032021,   1806
104000043,  01,   25032021,   1806
104000274,  03,   25032021,   1815
104000273,  03,   25032021,   1816
104000272,  03,   25032021,   1817
104000244,  03,   25032021,   1825
104000004,  03,   25032021,   1829
104000239,  03,   25032021,   1829
104000006,  03,   25032021,   1829
104000005,  03,   25032021,   1830
104000009,  03,   25032021,   1831
104000008,  03,   25032021,   1831
104000343,  01,   25032021,   1831
104000011,  03,   25032021,   1832
104000270,  03,   25032021,   1834
104000111,  01,   25032021,   1835
104000360,  01,   25032021,   1835
104000047,  01,   25032021,   1836
104000112,  01,   25032021,   1836
104000098,  03,   25032021,   1842
000000000,  01,   25032021,   1846
103024303,  01,   25032021,   1847
103024303,  01,   25032021,   1849
000000000,  03,   25032021,   1858
103024303,  03,   25032021,   1858
103024303,  03,   25032021,   1858
101002738,  03,   25032021,   1910
104000095,  03,   25032021,   1934
104000088,  03,   25032021,   1941
101002738,  04,   25032021,   1959
000000000,  03,   25032021,   2124
101002738,  03,   25032021,   2134
000000000,  03,   27032021,   0713
000000000,  03,   27032021,   0714
000000000,  03,   27032021,   0714
000000000,  03,   27032021,   0714
000000000,  03,   27032021,   0714
101002738,  04,   27032021,   0746
101002738,  03,   27032021,   0747
101002738,  05,   27032021,   0749
106000013,  03,   27032021,   0751
103025488,  03,   27032021,   0816
103024303,  03,   27032021,   0818
103024303,  03,   27032021,   0818
000000000,  02,   27032021,   0819
103024303,  01,   27032021,   0823
000000000,  03,   27032021,   0823
106000013,  04,   27032021,   0839
106000013,  02,   27032021,   0841
104000338,  03,   27032021,   0859
104000043,  01,   27032021,   0859
110004004,  01,   27032021,   0859
104000041,  01,   27032021,   0900
104000285,  01,   27032021,   0901
104000343,  01,   27032021,   0903
000000000,  01,   27032021,   0904
000000000,  01,   27032021,   0904
104000343,  01,   27032021,   0905
101002738,  04,   27032021,   0906
101002738,  02,   27032021,   0908
106000013,  04,   27032021,   0908
106000013,  02,   27032021,   0908
106000013,  04,   27032021,   0909
000000000,  01,   27032021,   0909
104000088,  03,   27032021,   0910
106000013,  01,   27032021,   0912
000000000,  01,   27032021,   0912
101002738,  02,   27032021,   0913
101002738,  04,   27032021,   0913
104000008,  03,   27032021,   0913
104000244,  03,   27032021,   0914
104000239,  03,   27032021,   0914
104000222,  01,   27032021,   0916
104000349,  01,   27032021,   0916
104000006,  03,   27032021,   0917
000000000,  01,   27032021,   0919
110001868,  03,   27032021,   0927
103025488,  03,   27032021,   0931
000000000,  03,   27032021,   0931
106000013,  04,   27032021,   0932
104000273,  03,   27032021,   0934
104000099,  03,   27032021,   0941
104000098,  03,   27032021,   0941
104000111,  01,   27032021,   0941
104000358,  01,   27032021,   0941
107000231,  03,   27032021,   0941
106000128,  02,   27032021,   0942
106000128,  02,   27032021,   0944
110001870,  01,   27032021,   0947
106000128,  02,   27032021,   0949
106000128,  02,   27032021,   0950
000000000,  01,   27032021,   0954
101001320,  01,   27032021,   0957
104000048,  01,   27032021,   1002
104000270,  03,   27032021,   1002
104000047,  01,   27032021,   1002
104000360,  01,   27032021,   1003
104000112,  01,   27032021,   1003
104000046,  01,   27032021,   1003
104000046,  01,   27032021,   1003
104000334,  01,   27032021,   1003
000000000,  01,   27032021,   1003
104000338,  03,   27032021,   1004
104000043,  01,   27032021,   1006
104000338,  03,   27032021,   1006
104000338,  03,   27032021,   1007
000000000,  03,   27032021,   1008
104000043,  01,   27032021,   1011
104000042,  01,   27032021,   1015
103024303,  01,   27032021,   1016
104000043,  01,   27032021,   1017
000000000,  03,   27032021,   1019
000000000,  03,   27032021,   1019
000000000,  03,   27032021,   1020
000000000,  03,   27032021,   1023
000000000,  03,   27032021,   1023
104000239,  03,   27032021,   1023
000000000,  01,   27032021,   1024
104000467,  03,   27032021,   1024
104000277,  03,   27032021,   1036
104000005,  03,   27032021,   1036
104000009,  03,   27032021,   1036
104000004,  05,   27032021,   1036
104000005,  05,   27032021,   1036
104000009,  05,   27032021,   1036
104000009,  05,   27032021,   1037
103024303,  01,   27032021,   1038
000000000,  01,   27032021,   1040
000000000,  03,   27032021,   1042
000000000,  03,   27032021,   1044
103025489,  03,   27032021,   1045
104000006,  04,   27032021,   1049
104000006,  04,   27032021,   1051
104000006,  04,   27032021,   1058
000000000,  04,   27032021,   1058
000000000,  04,   27032021,   1058
000000000,  04,   27032021,   1058
000000000,  03,   27032021,   1101
104000297,  03,   27032021,   1105
000000000,  03,   27032021,   1105
000000000,  03,   27032021,   1106
000000000,  01,   27032021,   1106
106000013,  04,   27032021,   1108
106000013,  01,   27032021,   1111
107000231,  04,   27032021,   1112
104000467,  03,   27032021,   1112
000000000,  01,   27032021,   1115
107000231,  04,   27032021,   1119
000000000,  01,   27032021,   1120
106000013,  01,   27032021,   1126
106000013,  04,   27032021,   1126
104000343,  01,   27032021,   1127
000000000,  01,   27032021,   1130
103024303,  04,   27032021,   1131
103024303,  04,   27032021,   1132
103024303,  01,   27032021,   1135
104000467,  03,   27032021,   1136
000000000,  01,   27032021,   1136
110004004,  01,   27032021,   1138
103024303,  01,   27032021,   1139
104000244,  03,   27032021,   1139
106000128,  02,   27032021,   1144
103025488,  04,   27032021,   1148
110004004,  01,   27032021,   1149
106000128,  02,   27032021,   1149
000000000,  01,   27032021,   1151
103025488,  01,   27032021,   1151
000000000,  01,   27032021,   1152
101002737,  04,   27032021,   1152
101002737,  02,   27032021,   1152
104000338,  03,   27032021,   1159
101002737,  04,   27032021,   1159
