000000000,  03,   27062021,   0619
000000000,  03,   27062021,   0620
000000000,  03,   27062021,   0628
000000000,  03,   27062021,   0628
000000000,  03,   27062021,   0629
000000000,  03,   27062021,   0629
000000000,  03,   27062021,   0632
000000000,  03,   27062021,   0633
000000000,  03,   27062021,   0635
000000000,  03,   27062021,   0637
000000000,  03,   27062021,   0638
000000000,  03,   27062021,   0650
000000000,  03,   27062021,   0650
000000000,  03,   27062021,   0651
000000000,  03,   27062021,   0651
000000000,  03,   27062021,   0651
000000000,  03,   27062021,   0652
000000000,  03,   27062021,   0652
000000000,  03,   27062021,   0653
000000000,  03,   27062021,   0654
000000000,  03,   27062021,   0655
000000000,  03,   27062021,   0655
000000000,  03,   27062021,   0702
000000000,  03,   27062021,   0702
000000000,  03,   27062021,   0703
000000000,  03,   27062021,   0704
000000000,  03,   27062021,   0705
000000000,  03,   27062021,   0705
000000000,  03,   27062021,   0712
000000000,  03,   27062021,   0717
000000000,  03,   27062021,   0719
000000000,  03,   27062021,   0719
000000000,  03,   27062021,   0719
000000000,  03,   27062021,   0721
000000000,  03,   27062021,   0723
000000000,  03,   27062021,   0723
000000000,  03,   27062021,   0724
000000000,  03,   27062021,   0725
000000000,  03,   27062021,   0725
000000000,  03,   27062021,   0725
000000000,  03,   27062021,   0726
000000000,  03,   27062021,   0726
000000000,  03,   27062021,   0726
000000000,  03,   27062021,   0727
000000000,  03,   27062021,   0728
000000000,  03,   27062021,   0728
000000000,  03,   27062021,   0728
000000000,  03,   27062021,   0730
101002738,  04,   27062021,   0743
101002738,  03,   27062021,   0743
103025489,  03,   27062021,   0743
106000013,  03,   27062021,   0744
106000013,  03,   27062021,   0744
106000013,  03,   27062021,   0744
000000000,  03,   27062021,   0745
101002738,  05,   27062021,   0746
000000000,  03,   27062021,   0754
000000000,  03,   27062021,   0756
000000000,  03,   27062021,   0756
000000000,  03,   27062021,   0758
000000000,  03,   27062021,   0759
000000000,  03,   27062021,   0759
000000000,  03,   27062021,   0759
000000000,  03,   27062021,   0801
103024303,  04,   27062021,   0804
103024303,  03,   27062021,   0804
103024303,  01,   27062021,   0807
101002738,  03,   27062021,   0808
101002738,  01,   27062021,   0810
104000088,  03,   27062021,   0815
103025488,  03,   27062021,   0818
000000000,  03,   27062021,   0818
000000000,  02,   27062021,   0823
101002738,  01,   27062021,   0826
106000013,  04,   27062021,   0837
000000000,  03,   27062021,   0840
106000013,  01,   27062021,   0840
000000000,  03,   27062021,   0840
000000000,  03,   27062021,   0840
000000000,  03,   27062021,   0841
000000000,  03,   27062021,   0841
000000000,  03,   27062021,   0842
000000000,  03,   27062021,   0842
000000000,  03,   27062021,   0843
000000000,  03,   27062021,   0843
000000000,  03,   27062021,   0848
000000000,  03,   27062021,   0854
000000000,  03,   27062021,   0855
000000000,  03,   27062021,   0855
000000000,  03,   27062021,   0856
000000000,  01,   27062021,   0900
101001320,  01,   27062021,   0907
101001320,  01,   27062021,   0907
107000157,  02,   27062021,   0916
000000000,  03,   27062021,   0918
000000000,  03,   27062021,   0918
104000048,  01,   27062021,   0919
104000047,  01,   27062021,   0919
104000047,  01,   27062021,   0919
104000360,  01,   27062021,   0919
104000112,  01,   27062021,   0919
104000046,  01,   27062021,   0919
101001321,  01,   27062021,   0919
104000274,  03,   27062021,   0923
104000041,  01,   27062021,   0924
104000040,  01,   27062021,   0924
104000338,  03,   27062021,   0924
110001868,  03,   27062021,   0924
104000285,  01,   27062021,   0925
110004004,  01,   27062021,   0925
104000338,  05,   27062021,   0926
104000008,  03,   27062021,   0927
104000239,  03,   27062021,   0927
104000244,  03,   27062021,   0927
104000043,  01,   27062021,   0928
104000343,  01,   27062021,   0929
104000006,  03,   27062021,   0932
000000000,  03,   27062021,   0935
000001802,  01,   27062021,   0935
106000013,  01,   27062021,   0936
106000013,  04,   27062021,   0936
000000000,  01,   27062021,   0937
000000000,  03,   27062021,   0938
000000000,  02,   27062021,   0939
104000111,  01,   27062021,   0941
104000358,  01,   27062021,   0941
104000099,  03,   27062021,   0942
104000098,  03,   27062021,   0942
104000237,  03,   27062021,   0945
104000273,  03,   27062021,   0951
000000000,  03,   27062021,   0951
000000000,  03,   27062021,   0955
000001802,  04,   27062021,   0956
000000000,  01,   27062021,   0956
000000000,  01,   27062021,   0957
000000000,  01,   27062021,   0957
000000000,  03,   27062021,   1000
000000000,  03,   27062021,   1005
104000222,  01,   27062021,   1014
000001802,  04,   27062021,   1016
110003994,  01,   27062021,   1017
104000009,  03,   27062021,   1018
000000000,  03,   27062021,   1018
104000011,  03,   27062021,   1018
104000005,  03,   27062021,   1018
104000349,  01,   27062021,   1018
104000009,  05,   27062021,   1018
000000000,  03,   27062021,   1019
104000272,  03,   27062021,   1019
104000004,  03,   27062021,   1019
104000277,  03,   27062021,   1019
000001802,  01,   27062021,   1019
106000013,  04,   27062021,   1021
000000000,  02,   27062021,   1023
000000000,  03,   27062021,   1023
106000013,  02,   27062021,   1028
106000013,  04,   27062021,   1029
101001321,  01,   27062021,   1033
110001870,  01,   27062021,   1034
103024303,  04,   27062021,   1036
103024303,  01,   27062021,   1038
104000047,  01,   27062021,   1045
101001320,  01,   27062021,   1051
104000047,  01,   27062021,   1053
101002738,  04,   27062021,   1054
000000000,  02,   27062021,   1056
000000000,  01,   27062021,   1057
101002738,  02,   27062021,   1058
101002738,  04,   27062021,   1059
000000000,  01,   27062021,   1101
103024303,  01,   27062021,   1102
000000000,  01,   27062021,   1102
103024303,  04,   27062021,   1102
000000000,  01,   27062021,   1103
000000000,  01,   27062021,   1103
103024303,  04,   27062021,   1104
105000082,  02,   27062021,   1104
105000082,  04,   27062021,   1104
000000000,  01,   27062021,   1105
106000128,  02,   27062021,   1106
000000000,  01,   27062021,   1106
104000006,  04,   27062021,   1107
104000006,  04,   27062021,   1107
103024303,  01,   27062021,   1108
000000000,  01,   27062021,   1108
106000013,  04,   27062021,   1109
000000000,  02,   27062021,   1109
110004004,  01,   27062021,   1112
105000082,  04,   27062021,   1112
106000013,  01,   27062021,   1112
000000000,  02,   27062021,   1112
104000006,  04,   27062021,   1114
106000013,  04,   27062021,   1118
106000013,  01,   27062021,   1118
104000297,  03,   27062021,   1119
104000343,  01,   27062021,   1122
104000041,  01,   27062021,   1125
104000041,  01,   27062021,   1126
104000343,  04,   27062021,   1126
000000000,  01,   27062021,   1127
104000343,  04,   27062021,   1130
104000343,  01,   27062021,   1132
104000272,  03,   27062021,   1134
104000041,  01,   27062021,   1137
104000041,  01,   27062021,   1141
104000500,  01,   27062021,   1147
101002738,  04,   27062021,   1153
000000000,  01,   27062021,   1154
101002738,  01,   27062021,   1156
000000000,  03,   27062021,   1158
000000000,  03,   27062021,   1158
000000000,  03,   27062021,   1158
000000000,  03,   27062021,   1158
000000000,  03,   27062021,   1158
101002738,  04,   27062021,   1201
101002738,  01,   27062021,   1202
104000095,  03,   27062021,   1207
000000000,  03,   27062021,   1212
104000270,  03,   27062021,   1212
000000000,  02,   27062021,   1223
000000000,  02,   27062021,   1223
000000000,  03,   27062021,   1225
000000000,  03,   27062021,   1225
000000000,  03,   27062021,   1225
000000000,  03,   27062021,   1225
000000000,  03,   27062021,   1225
000000000,  03,   27062021,   1225
000000000,  03,   27062021,   1225
000000000,  03,   27062021,   1226
000000000,  03,   27062021,   1226
000000000,  03,   27062021,   1226
000000000,  03,   27062021,   1226
000000000,  03,   27062021,   1227
000000000,  02,   27062021,   1228
000000000,  02,   27062021,   1228
000000000,  02,   27062021,   1228
000000000,  03,   27062021,   1229
000000000,  03,   27062021,   1229
104000222,  01,   27062021,   1229
000000000,  03,   27062021,   1229
000000000,  03,   27062021,   1230
000000000,  03,   27062021,   1233
000000000,  03,   27062021,   1234
000000000,  03,   27062021,   1235
000000000,  03,   27062021,   1237
000000000,  02,   27062021,   1237
000000000,  03,   27062021,   1239
000000000,  03,   27062021,   1239
000000000,  03,   27062021,   1243
000000000,  03,   27062021,   1243
000000000,  01,   27062021,   1244
000000000,  03,   27062021,   1247
000000000,  03,   27062021,   1247
000000000,  03,   27062021,   1247
000000000,  03,   27062021,   1247
000000000,  03,   27062021,   1247
000000000,  03,   27062021,   1247
000000000,  03,   27062021,   1247
000000000,  03,   27062021,   1247
000000000,  03,   27062021,   1247
000000000,  03,   27062021,   1247
106000128,  02,   27062021,   1248
000000000,  03,   27062021,   1248
000000000,  03,   27062021,   1248
000000000,  03,   27062021,   1248
000000000,  03,   27062021,   1248
000000000,  03,   27062021,   1249
000000000,  03,   27062021,   1249
000000000,  03,   27062021,   1249
000000000,  03,   27062021,   1249
000000000,  02,   27062021,   1249
000000000,  02,   27062021,   1249
000000000,  03,   27062021,   1249
000000000,  03,   27062021,   1250
000000000,  03,   27062021,   1250
000000000,  03,   27062021,   1250
000000000,  02,   27062021,   1250
000000000,  02,   27062021,   1250
000000000,  02,   27062021,   1250
000000000,  02,   27062021,   1250
000000000,  03,   27062021,   1252
000000000,  03,   27062021,   1252
000000000,  03,   27062021,   1252
000000000,  03,   27062021,   1252
104000343,  01,   27062021,   1252
000000000,  03,   27062021,   1252
000000000,  03,   27062021,   1253
000000000,  03,   27062021,   1253
000000000,  03,   27062021,   1254
000000000,  02,   27062021,   1254
000000000,  02,   27062021,   1254
000000000,  02,   27062021,   1254
000000000,  03,   27062021,   1255
000000000,  03,   27062021,   1255
101001320,  01,   27062021,   1256
105000082,  02,   27062021,   1258
105000082,  04,   27062021,   1258
105000264,  02,   27062021,   1300
105000264,  04,   27062021,   1300
107000157,  01,   27062021,   1305
000000000,  02,   27062021,   1306
107000157,  01,   27062021,   1306
105000082,  04,   27062021,   1316
000000000,  02,   27062021,   1316
104000046,  01,   27062021,   1326
104000343,  01,   27062021,   1327
110001870,  01,   27062021,   1329
000000000,  01,   27062021,   1330
104000006,  04,   27062021,   1331
104000006,  04,   27062021,   1331
104000272,  03,   27062021,   1332
104000006,  04,   27062021,   1337
104000046,  01,   27062021,   1340
103025488,  03,   27062021,   1343
106000128,  02,   27062021,   1344
000000000,  02,   27062021,   1345
000000000,  02,   27062021,   1345
110001870,  01,   27062021,   1348
110001870,  01,   27062021,   1348
110000828,  04,   27062021,   1351
000001802,  04,   27062021,   1351
000000000,  01,   27062021,   1352
107000197,  02,   27062021,   1402
107000197,  04,   27062021,   1402
106000013,  04,   27062021,   1404
000000000,  01,   27062021,   1404
104000046,  01,   27062021,   1405
106000013,  01,   27062021,   1406
105000021,  02,   27062021,   1410
104000272,  03,   27062021,   1414
101001321,  01,   27062021,   1417
000000000,  02,   27062021,   1419
000000000,  01,   27062021,   1423
000000000,  01,   27062021,   1426
104000043,  01,   27062021,   1430
103024303,  01,   27062021,   1439
104000272,  03,   27062021,   1441
104000343,  01,   27062021,   1444
101002738,  04,   27062021,   1446
101002738,  01,   27062021,   1449
101002738,  04,   27062021,   1449
104000358,  01,   27062021,   1450
101002738,  01,   27062021,   1450
104000272,  03,   27062021,   1450
110004004,  01,   27062021,   1451
000000000,  01,   27062021,   1455
101001321,  04,   27062021,   1458
104000358,  01,   27062021,   1458
101001321,  01,   27062021,   1500
107000157,  02,   27062021,   1501
104000006,  04,   27062021,   1503
000000000,  02,   27062021,   1505
000000000,  02,   27062021,   1505
104000006,  04,   27062021,   1510
103025489,  04,   27062021,   1512
103025489,  01,   27062021,   1514
104000338,  05,   27062021,   1518
103025489,  04,   27062021,   1519
000000000,  01,   27062021,   1519
106000013,  04,   27062021,   1521
104000338,  03,   27062021,   1521
106000013,  01,   27062021,   1521
104000360,  01,   27062021,   1526
000000000,  01,   27062021,   1531
000000000,  01,   27062021,   1532
110003994,  04,   27062021,   1539
104000360,  01,   27062021,   1539
110003994,  01,   27062021,   1540
105000021,  02,   27062021,   1544
000000000,  02,   27062021,   1549
000000000,  02,   27062021,   1549
000000000,  01,   27062021,   1550
104000222,  01,   27062021,   1550
106000128,  02,   27062021,   1553
000000000,  02,   27062021,   1555
000000000,  02,   27062021,   1555
106000013,  04,   27062021,   1555
106000013,  01,   27062021,   1558
110003994,  04,   27062021,   1603
106000013,  01,   27062021,   1604
110003994,  01,   27062021,   1606
104000272,  03,   27062021,   1612
000000000,  03,   27062021,   1613
000000000,  03,   27062021,   1613
000000000,  03,   27062021,   1614
000000000,  03,   27062021,   1614
000000000,  03,   27062021,   1614
000000000,  03,   27062021,   1615
000000000,  03,   27062021,   1615
000000000,  03,   27062021,   1615
000000000,  03,   27062021,   1615
000000000,  03,   27062021,   1617
000000000,  03,   27062021,   1617
101002738,  01,   27062021,   1617
101002738,  01,   27062021,   1620
000000000,  03,   27062021,   1620
107000197,  02,   27062021,   1621
107000197,  04,   27062021,   1621
000000000,  03,   27062021,   1621
104000338,  03,   27062021,   1622
000000000,  03,   27062021,   1622
000000000,  03,   27062021,   1625
000000000,  03,   27062021,   1625
000000000,  03,   27062021,   1625
000000000,  03,   27062021,   1625
000000000,  03,   27062021,   1626
000000000,  03,   27062021,   1626
000000000,  03,   27062021,   1626
000000000,  03,   27062021,   1628
000000000,  03,   27062021,   1629
000000000,  03,   27062021,   1629
000000000,  03,   27062021,   1629
000000000,  03,   27062021,   1629
000000000,  03,   27062021,   1629
104000343,  01,   27062021,   1629
000000000,  03,   27062021,   1629
000000000,  03,   27062021,   1629
000000000,  03,   27062021,   1629
000000000,  03,   27062021,   1629
000000000,  03,   27062021,   1629
000000000,  03,   27062021,   1629
000000000,  03,   27062021,   1629
000000000,  03,   27062021,   1629
000000000,  03,   27062021,   1629
000000000,  03,   27062021,   1629
000000000,  03,   27062021,   1629
000000000,  03,   27062021,   1630
000000000,  03,   27062021,   1630
000000000,  03,   27062021,   1630
000000000,  03,   27062021,   1630
000000000,  03,   27062021,   1630
000000000,  03,   27062021,   1630
000000000,  03,   27062021,   1630
000000000,  03,   27062021,   1630
000000000,  03,   27062021,   1630
000000000,  03,   27062021,   1630
000000000,  03,   27062021,   1630
000000000,  03,   27062021,   1630
000000000,  03,   27062021,   1631
000000000,  03,   27062021,   1631
000000000,  03,   27062021,   1631
000000000,  03,   27062021,   1631
000000000,  03,   27062021,   1631
000000000,  03,   27062021,   1631
000000000,  03,   27062021,   1632
000000000,  03,   27062021,   1632
000000000,  03,   27062021,   1632
000000000,  03,   27062021,   1632
000000000,  03,   27062021,   1632
000000000,  03,   27062021,   1632
000000000,  03,   27062021,   1632
000000000,  03,   27062021,   1633
000000000,  03,   27062021,   1633
000000000,  03,   27062021,   1633
000000000,  03,   27062021,   1633
000000000,  03,   27062021,   1634
000000000,  03,   27062021,   1634
000000000,  03,   27062021,   1634
000000000,  03,   27062021,   1634
000000000,  03,   27062021,   1634
000000000,  03,   27062021,   1634
000000000,  03,   27062021,   1635
000000000,  03,   27062021,   1635
000000000,  03,   27062021,   1635
000000000,  03,   27062021,   1635
000000000,  03,   27062021,   1635
000000000,  03,   27062021,   1635
000000000,  03,   27062021,   1635
000000000,  01,   27062021,   1635
000000000,  03,   27062021,   1635
000000000,  03,   27062021,   1635
000000000,  03,   27062021,   1636
000000000,  03,   27062021,   1636
000000000,  03,   27062021,   1636
000000000,  03,   27062021,   1636
000000000,  03,   27062021,   1636
000000000,  03,   27062021,   1637
000000000,  03,   27062021,   1637
000000000,  03,   27062021,   1637
000000000,  03,   27062021,   1637
000000000,  03,   27062021,   1637
000000000,  03,   27062021,   1637
000000000,  03,   27062021,   1637
110001870,  01,   27062021,   1638
000000000,  03,   27062021,   1638
000000000,  03,   27062021,   1639
000000000,  03,   27062021,   1639
000000000,  03,   27062021,   1639
000000000,  03,   27062021,   1640
000000000,  03,   27062021,   1640
000000000,  03,   27062021,   1641
000000000,  03,   27062021,   1641
000000000,  03,   27062021,   1641
000000000,  03,   27062021,   1641
000000000,  03,   27062021,   1641
000000000,  03,   27062021,   1641
000000000,  03,   27062021,   1642
000000000,  03,   27062021,   1642
000000000,  03,   27062021,   1642
103024303,  04,   27062021,   1642
000000000,  03,   27062021,   1643
105000021,  02,   27062021,   1643
110000828,  01,   27062021,   1643
103024303,  01,   27062021,   1645
000000000,  02,   27062021,   1646
110001870,  01,   27062021,   1647
107000197,  02,   27062021,   1648
107000197,  04,   27062021,   1648
000000000,  03,   27062021,   1649
000000000,  03,   27062021,   1649
104000272,  03,   27062021,   1651
000000000,  03,   27062021,   1653
000000000,  03,   27062021,   1654
000000000,  01,   27062021,   1655
106000013,  03,   27062021,   1655
103024303,  02,   27062021,   1656
103024303,  04,   27062021,   1656
106000013,  03,   27062021,   1656
000000000,  03,   27062021,   1657
000000000,  03,   27062021,   1658
000000000,  03,   27062021,   1658
000000000,  03,   27062021,   1658
000000000,  03,   27062021,   1700
000000000,  03,   27062021,   1700
000000000,  03,   27062021,   1701
000000000,  03,   27062021,   1701
000000000,  01,   27062021,   1702
103024303,  04,   27062021,   1702
000000000,  03,   27062021,   1702
000000000,  03,   27062021,   1703
000000000,  03,   27062021,   1703
101001320,  04,   27062021,   1703
103024303,  01,   27062021,   1704
000000000,  01,   27062021,   1704
000000000,  01,   27062021,   1706
103024303,  04,   27062021,   1706
103024303,  04,   27062021,   1706
000000000,  01,   27062021,   1707
000000000,  01,   27062021,   1708
000000000,  03,   27062021,   1708
000000000,  03,   27062021,   1708
000000000,  03,   27062021,   1708
103024303,  01,   27062021,   1709
000000000,  03,   27062021,   1709
104000272,  03,   27062021,   1711
104000006,  04,   27062021,   1712
101001320,  01,   27062021,   1714
104000041,  01,   27062021,   1715
000000000,  03,   27062021,   1716
110001870,  01,   27062021,   1717
000000000,  03,   27062021,   1717
104000006,  04,   27062021,   1717
000000000,  03,   27062021,   1718
104000343,  01,   27062021,   1718
000000000,  01,   27062021,   1722
104000041,  01,   27062021,   1723
104000343,  01,   27062021,   1725
104000040,  01,   27062021,   1725
104000222,  01,   27062021,   1733
000000000,  01,   27062021,   1734
104000222,  01,   27062021,   1734
104000349,  01,   27062021,   1735
000000000,  01,   27062021,   1735
104000047,  01,   27062021,   1743
101001320,  01,   27062021,   1744
000000000,  01,   27062021,   1745
101001320,  01,   27062021,   1746
104000040,  01,   27062021,   1757
000000000,  01,   27062021,   1757
104000338,  03,   27062021,   1759
110003994,  04,   27062021,   1801
104000040,  01,   27062021,   1801
104000285,  01,   27062021,   1802
104000041,  01,   27062021,   1802
110003994,  01,   27062021,   1802
104000270,  03,   27062021,   1803
103024303,  01,   27062021,   1804
104000273,  03,   27062021,   1806
104000274,  03,   27062021,   1806
104000244,  03,   27062021,   1807
104000358,  01,   27062021,   1807
104000111,  01,   27062021,   1808
104000011,  03,   27062021,   1809
104000277,  03,   27062021,   1809
104000272,  03,   27062021,   1809
104000244,  03,   27062021,   1809
104000004,  03,   27062021,   1809
104000005,  03,   27062021,   1809
104000239,  03,   27062021,   1809
104000099,  03,   27062021,   1810
104000008,  03,   27062021,   1811
104000098,  03,   27062021,   1811
104000009,  03,   27062021,   1815
103025488,  03,   27062021,   1816
104000237,  03,   27062021,   1817
000000000,  01,   27062021,   1830
000000000,  02,   27062021,   1831
000000000,  02,   27062021,   1831
000000000,  02,   27062021,   1831
104000360,  01,   27062021,   1832
104000112,  01,   27062021,   1833
104000088,  03,   27062021,   1836
110001868,  03,   27062021,   1847
103024303,  01,   27062021,   1850
000000000,  04,   27062021,   1853
000000000,  01,   27062021,   1858
000000000,  02,   27062021,   1912
000000000,  02,   27062021,   1912
000000000,  02,   27062021,   1912
103024303,  01,   27062021,   1914
103025489,  03,   27062021,   1948
000000000,  01,   27062021,   2019
103024303,  01,   27062021,   2021
000000000,  01,   27062021,   2022
104000048,  01,   27062021,   2022
104000046,  01,   27062021,   2023
104000047,  01,   27062021,   2023
103024303,  01,   27062021,   2029
104000297,  03,   27062021,   2029
000000000,  03,   27062021,   2042
000000000,  03,   27062021,   2043
000000000,  03,   27062021,   2043
104000095,  04,   27062021,   2043
104000095,  03,   27062021,   2045
000000000,  03,   27062021,   2112
101002738,  03,   27062021,   2112
101002738,  04,   27062021,   2125
000000000,  03,   27062021,   2127
104000095,  03,   27062021,   2137
101002738,  03,   27062021,   2138
101002738,  03,   28062021,   0746
101002738,  04,   28062021,   0746
106000013,  03,   28062021,   0748
101002738,  05,   28062021,   0749
103025488,  03,   28062021,   0810
103024303,  03,   28062021,   0827
103024303,  01,   28062021,   0830
000000000,  02,   28062021,   0833
000000000,  02,   28062021,   0833
000000000,  02,   28062021,   0833
000000000,  02,   28062021,   0833
000000000,  05,   28062021,   0834
106000013,  04,   28062021,   0835
106000013,  01,   28062021,   0838
104000047,  01,   28062021,   0844
104000048,  01,   28062021,   0844
104000112,  01,   28062021,   0844
104000334,  01,   28062021,   0844
104000270,  03,   28062021,   0844
101001321,  01,   28062021,   0846
104000360,  01,   28062021,   0849
000000000,  01,   28062021,   0851
107000157,  02,   28062021,   0902
104000338,  03,   28062021,   0904
000000000,  03,   28062021,   0904
104000041,  01,   28062021,   0905
110004004,  01,   28062021,   0905
104000040,  01,   28062021,   0905
101001320,  01,   28062021,   0907
104000008,  03,   28062021,   0908
104000244,  03,   28062021,   0908
104000239,  03,   28062021,   0908
104000043,  01,   28062021,   0909
104000285,  01,   28062021,   0913
104000006,  03,   28062021,   0914
000000000,  03,   28062021,   0917
000000000,  03,   28062021,   0920
104000277,  03,   28062021,   0923
104000272,  03,   28062021,   0923
000000000,  03,   28062021,   0923
104000011,  03,   28062021,   0923
104000009,  03,   28062021,   0923
110001868,  03,   28062021,   0923
104000005,  03,   28062021,   0923
104000004,  05,   28062021,   0924
000000000,  03,   28062021,   0924
000000000,  03,   28062021,   0924
104000005,  05,   28062021,   0924
000000000,  03,   28062021,   0924
000000000,  03,   28062021,   0924
000000000,  01,   28062021,   0935
000000000,  03,   28062021,   0936
000000000,  03,   28062021,   0936
000000000,  03,   28062021,   0936
106000013,  01,   28062021,   0937
106000013,  04,   28062021,   0937
104000273,  03,   28062021,   0938
103024303,  01,   28062021,   0938
000000000,  03,   28062021,   0939
000000000,  03,   28062021,   0940
000000000,  03,   28062021,   0940
000000000,  03,   28062021,   0940
000000000,  03,   28062021,   0940
000000000,  03,   28062021,   0940
000000000,  03,   28062021,   0940
000000000,  03,   28062021,   0941
000000000,  03,   28062021,   0941
000000000,  03,   28062021,   0942
000000000,  03,   28062021,   0942
000000000,  03,   28062021,   0942
000000000,  03,   28062021,   0943
104000358,  01,   28062021,   0946
104000111,  01,   28062021,   0946
104000098,  03,   28062021,   0947
104000237,  03,   28062021,   0947
000000000,  03,   28062021,   0949
000000000,  03,   28062021,   0949
000000000,  03,   28062021,   0949
000000000,  03,   28062021,   0949
000000000,  03,   28062021,   0950
000000000,  03,   28062021,   0950
104000272,  03,   28062021,   0951
000000000,  03,   28062021,   0952
000000000,  03,   28062021,   0952
000000000,  03,   28062021,   0952
000000000,  03,   28062021,   0952
000000000,  03,   28062021,   0952
000000000,  03,   28062021,   0953
000000000,  03,   28062021,   0953
000000000,  03,   28062021,   0953
104000343,  01,   28062021,   0955
000000000,  03,   28062021,   1001
000000000,  03,   28062021,   1008
000000000,  03,   28062021,   1008
104000349,  01,   28062021,   1009
104000043,  01,   28062021,   1010
103024303,  04,   28062021,   1011
000000000,  01,   28062021,   1012
000000000,  03,   28062021,   1014
000000000,  01,   28062021,   1015
103024303,  04,   28062021,   1017
107000197,  02,   28062021,   1019
107000197,  04,   28062021,   1019
103024303,  01,   28062021,   1020
106000013,  04,   28062021,   1020
000000000,  01,   28062021,   1021
000000000,  02,   28062021,   1021
000000000,  02,   28062021,   1022
104000043,  01,   28062021,   1022
101001321,  01,   28062021,   1023
104000042,  01,   28062021,   1026
104000297,  03,   28062021,   1028
106000013,  02,   28062021,   1028
106000013,  04,   28062021,   1028
000000000,  03,   28062021,   1032
000000000,  03,   28062021,   1035
000000000,  03,   28062021,   1036
000000000,  03,   28062021,   1036
000000000,  03,   28062021,   1036
000000000,  03,   28062021,   1036
000000000,  03,   28062021,   1036
000000000,  03,   28062021,   1036
000000000,  03,   28062021,   1036
000000000,  03,   28062021,   1036
000000000,  03,   28062021,   1036
000000000,  03,   28062021,   1037
000000000,  03,   28062021,   1037
000000000,  03,   28062021,   1037
000000000,  03,   28062021,   1037
000000000,  03,   28062021,   1037
000000000,  03,   28062021,   1037
000000000,  03,   28062021,   1037
000000000,  03,   28062021,   1037
000000000,  03,   28062021,   1037
000000000,  03,   28062021,   1037
000000000,  03,   28062021,   1037
000000000,  03,   28062021,   1037
000000000,  03,   28062021,   1038
000000000,  03,   28062021,   1038
000000000,  03,   28062021,   1038
000000000,  03,   28062021,   1038
000000000,  03,   28062021,   1038
000000000,  03,   28062021,   1038
000000000,  03,   28062021,   1045
000000000,  03,   28062021,   1045
000000000,  03,   28062021,   1045
000000000,  03,   28062021,   1045
000000000,  03,   28062021,   1045
000000000,  03,   28062021,   1045
000000000,  03,   28062021,   1045
000000000,  03,   28062021,   1045
000000000,  03,   28062021,   1045
000000000,  03,   28062021,   1045
000000000,  03,   28062021,   1045
000000000,  03,   28062021,   1045
000000000,  03,   28062021,   1046
000000000,  03,   28062021,   1046
000000000,  03,   28062021,   1046
000000000,  03,   28062021,   1046
000000000,  03,   28062021,   1046
000000000,  03,   28062021,   1046
000000000,  03,   28062021,   1046
000000000,  03,   28062021,   1046
000000000,  03,   28062021,   1046
000000000,  03,   28062021,   1046
000000000,  03,   28062021,   1046
000000000,  03,   28062021,   1046
000000000,  03,   28062021,   1046
000000000,  03,   28062021,   1047
000000000,  03,   28062021,   1047
000000000,  03,   28062021,   1047
000000000,  03,   28062021,   1047
000000000,  03,   28062021,   1047
000000000,  03,   28062021,   1048
000000000,  03,   28062021,   1048
000000000,  01,   28062021,   1050
000000000,  01,   28062021,   1051
000000000,  03,   28062021,   1052
000000000,  03,   28062021,   1052
000000000,  03,   28062021,   1052
000000000,  03,   28062021,   1052
000000000,  03,   28062021,   1053
110003994,  01,   28062021,   1053
000000000,  03,   28062021,   1053
000000000,  03,   28062021,   1053
000000000,  03,   28062021,   1053
000000000,  03,   28062021,   1053
000000000,  03,   28062021,   1053
000000000,  03,   28062021,   1053
104000358,  01,   28062021,   1101
000000000,  04,   28062021,   1101
104000358,  01,   28062021,   1101
000000000,  04,   28062021,   1106
000000000,  04,   28062021,   1106
000000000,  04,   28062021,   1106
000000000,  01,   28062021,   1108
110004004,  01,   28062021,   1109
106000013,  04,   28062021,   1110
106000013,  01,   28062021,   1113
000001809,  01,   28062021,   1116
000000000,  01,   28062021,   1116
106000013,  01,   28062021,   1119
106000013,  04,   28062021,   1119
106000128,  02,   28062021,   1120
000000000,  02,   28062021,   1123
000000000,  02,   28062021,   1123
000000000,  02,   28062021,   1123
000000000,  02,   28062021,   1123
104000047,  01,   28062021,   1123
000000000,  01,   28062021,   1124
000001809,  01,   28062021,   1126
103024303,  01,   28062021,   1129
000000000,  01,   28062021,   1134
000001809,  04,   28062021,   1140
104000334,  01,   28062021,   1140
104000358,  01,   28062021,   1140
104000047,  01,   28062021,   1141
000001809,  01,   28062021,   1143
000001809,  01,   28062021,   1143
104000272,  03,   28062021,   1147
000000000,  01,   28062021,   1150
000000000,  01,   28062021,   1151
000000000,  03,   28062021,   1152
000000000,  03,   28062021,   1152
000000000,  03,   28062021,   1152
000000000,  01,   28062021,   1157
103024303,  01,   28062021,   1159
104000343,  01,   28062021,   1202
000000000,  01,   28062021,   1204
104000095,  03,   28062021,   1206
104000095,  03,   28062021,   1206
000001809,  01,   28062021,   1226
000000000,  03,   28062021,   1230
000000000,  03,   28062021,   1230
000000000,  03,   28062021,   1230
000000000,  03,   28062021,   1230
000000000,  03,   28062021,   1230
000000000,  03,   28062021,   1230
000000000,  03,   28062021,   1230
000000000,  03,   28062021,   1231
000000000,  03,   28062021,   1231
000000000,  03,   28062021,   1232
000000000,  03,   28062021,   1232
000000000,  03,   28062021,   1232
000000000,  03,   28062021,   1232
000000000,  03,   28062021,   1232
000000000,  03,   28062021,   1232
000000000,  03,   28062021,   1232
000000000,  03,   28062021,   1233
000000000,  03,   28062021,   1233
000000000,  03,   28062021,   1234
000000000,  03,   28062021,   1234
000000000,  03,   28062021,   1234
000000000,  03,   28062021,   1234
000000000,  03,   28062021,   1234
000000000,  03,   28062021,   1234
000000000,  03,   28062021,   1234
000000000,  03,   28062021,   1235
000000000,  03,   28062021,   1235
000000000,  03,   28062021,   1235
104000334,  01,   28062021,   1235
104000358,  01,   28062021,   1235
000000000,  02,   28062021,   1237
000000000,  02,   28062021,   1240
000000000,  02,   28062021,   1240
000000000,  03,   28062021,   1242
103025488,  03,   28062021,   1242
000000000,  03,   28062021,   1243
000000000,  03,   28062021,   1243
000000000,  03,   28062021,   1244
000000000,  03,   28062021,   1244
000000000,  03,   28062021,   1244
000000000,  03,   28062021,   1244
000000000,  03,   28062021,   1244
000000000,  01,   28062021,   1245
000000000,  03,   28062021,   1245
000000000,  03,   28062021,   1246
000000000,  02,   28062021,   1252
101002738,  04,   28062021,   1301
000000000,  02,   28062021,   1303
000000000,  02,   28062021,   1303
101002738,  02,   28062021,   1305
000000000,  03,   28062021,   1305
000000000,  03,   28062021,   1305
000000000,  03,   28062021,   1305
000000000,  03,   28062021,   1305
101002738,  04,   28062021,   1305
104000285,  01,   28062021,   1310
000000000,  01,   28062021,   1313
000000000,  01,   28062021,   1313
000000000,  01,   28062021,   1318
000000000,  01,   28062021,   1318
104000006,  04,   28062021,   1319
103024303,  01,   28062021,   1320
000000000,  01,   28062021,   1321
104000006,  04,   28062021,   1324
000000000,  01,   28062021,   1329
104000047,  01,   28062021,   1330
000000000,  01,   28062021,   1333
103024303,  04,   28062021,   1334
103024303,  01,   28062021,   1336
000000000,  03,   28062021,   1347
103025488,  02,   28062021,   1348
103025488,  04,   28062021,   1348
101001320,  01,   28062021,   1401
101001320,  01,   28062021,   1401
000000000,  01,   28062021,   1403
106000013,  04,   28062021,   1403
110003994,  04,   28062021,   1405
106000013,  01,   28062021,   1406
103024303,  01,   28062021,   1406
110003994,  01,   28062021,   1406
106000128,  02,   28062021,   1417
000000000,  03,   28062021,   1419
000000000,  03,   28062021,   1421
000000000,  03,   28062021,   1422
000000000,  03,   28062021,   1422
000000000,  03,   28062021,   1422
000000000,  03,   28062021,   1422
000000000,  03,   28062021,   1423
000000000,  03,   28062021,   1423
000000000,  03,   28062021,   1425
000000000,  03,   28062021,   1425
104000239,  02,   28062021,   1426
000000000,  03,   28062021,   1426
104000239,  04,   28062021,   1427
000000000,  03,   28062021,   1427
000000000,  03,   28062021,   1427
000000000,  03,   28062021,   1427
000000000,  03,   28062021,   1427
000000000,  02,   28062021,   1428
000000000,  02,   28062021,   1428
000000000,  02,   28062021,   1428
000000000,  02,   28062021,   1428
000000000,  03,   28062021,   1428
000000000,  03,   28062021,   1428
000000000,  03,   28062021,   1428
000000000,  03,   28062021,   1428
000000000,  03,   28062021,   1429
000000000,  03,   28062021,   1430
000000000,  03,   28062021,   1430
000000000,  03,   28062021,   1430
000000000,  03,   28062021,   1430
000000000,  03,   28062021,   1430
000000000,  03,   28062021,   1430
000000000,  03,   28062021,   1431
000000000,  03,   28062021,   1433
000000000,  03,   28062021,   1433
000000000,  03,   28062021,   1433
101001321,  01,   28062021,   1436
000000000,  03,   28062021,   1439
000000000,  01,   28062021,   1439
000000000,  03,   28062021,   1443
104000500,  01,   28062021,   1447
000000000,  01,   28062021,   1450
000000000,  01,   28062021,   1451
000000000,  01,   28062021,   1451
000000000,  03,   28062021,   1451
000000000,  03,   28062021,   1451
000000000,  03,   28062021,   1451
000000000,  03,   28062021,   1451
000000000,  03,   28062021,   1451
000000000,  03,   28062021,   1451
000000000,  03,   28062021,   1452
000000000,  03,   28062021,   1452
000000000,  03,   28062021,   1452
000000000,  03,   28062021,   1452
000000000,  03,   28062021,   1452
000000000,  03,   28062021,   1452
000000000,  03,   28062021,   1452
104000006,  04,   28062021,   1452
000000000,  03,   28062021,   1453
000000000,  03,   28062021,   1453
000000000,  03,   28062021,   1453
104000285,  01,   28062021,   1453
104000006,  04,   28062021,   1454
104000006,  04,   28062021,   1454
000000000,  03,   28062021,   1454
000000000,  01,   28062021,   1455
000000000,  03,   28062021,   1457
000000000,  03,   28062021,   1457
000000000,  03,   28062021,   1458
000000000,  03,   28062021,   1458
000000000,  03,   28062021,   1458
104000006,  04,   28062021,   1458
000000000,  03,   28062021,   1500
000000000,  01,   28062021,   1502
110004004,  01,   28062021,   1504
000000000,  01,   28062021,   1504
106000013,  04,   28062021,   1510
106000013,  01,   28062021,   1511
104000343,  01,   28062021,   1511
000000000,  03,   28062021,   1516
000000000,  03,   28062021,   1516
000000000,  03,   28062021,   1517
000000000,  03,   28062021,   1517
104000338,  03,   28062021,   1517
000000000,  03,   28062021,   1517
000000000,  03,   28062021,   1518
000000000,  03,   28062021,   1518
000000000,  03,   28062021,   1518
000000000,  03,   28062021,   1520
000000000,  03,   28062021,   1520
000000000,  03,   28062021,   1520
000000000,  03,   28062021,   1520
000000000,  03,   28062021,   1521
000000000,  03,   28062021,   1521
000000000,  03,   28062021,   1521
000000000,  03,   28062021,   1521
000000000,  03,   28062021,   1523
000000000,  03,   28062021,   1523
000000000,  03,   28062021,   1523
000000000,  03,   28062021,   1524
104000338,  03,   28062021,   1524
104000358,  01,   28062021,   1524
000000000,  03,   28062021,   1525
000000000,  03,   28062021,   1525
000000000,  03,   28062021,   1525
000000000,  03,   28062021,   1526
104000358,  01,   28062021,   1527
104000358,  01,   28062021,   1530
104000334,  01,   28062021,   1531
000000000,  03,   28062021,   1537
000000000,  03,   28062021,   1537
000000000,  03,   28062021,   1538
000000000,  03,   28062021,   1538
000000000,  03,   28062021,   1538
000000000,  03,   28062021,   1539
000000000,  03,   28062021,   1539
101001320,  04,   28062021,   1539
000000000,  03,   28062021,   1540
000000000,  01,   28062021,   1540
000000000,  03,   28062021,   1541
000000000,  03,   28062021,   1541
000000000,  03,   28062021,   1541
000000000,  03,   28062021,   1541
000000000,  03,   28062021,   1541
000000000,  03,   28062021,   1542
000000000,  03,   28062021,   1542
000000000,  03,   28062021,   1542
104000338,  03,   28062021,   1542
000000000,  03,   28062021,   1542
000000000,  03,   28062021,   1542
000000000,  03,   28062021,   1542
000000000,  03,   28062021,   1542
000000000,  03,   28062021,   1542
000000000,  03,   28062021,   1543
000000000,  03,   28062021,   1543
000000000,  03,   28062021,   1543
000000000,  03,   28062021,   1545
000000000,  03,   28062021,   1545
000000000,  03,   28062021,   1545
000000000,  03,   28062021,   1545
000000000,  03,   28062021,   1545
000000000,  03,   28062021,   1546
000000000,  03,   28062021,   1546
000000000,  03,   28062021,   1546
000000000,  03,   28062021,   1546
000000000,  03,   28062021,   1546
000000000,  03,   28062021,   1547
000000000,  03,   28062021,   1547
000000000,  03,   28062021,   1547
000000000,  03,   28062021,   1548
000000000,  03,   28062021,   1548
000000000,  03,   28062021,   1549
000000000,  03,   28062021,   1549
000000000,  03,   28062021,   1549
000000000,  03,   28062021,   1549
104000272,  03,   28062021,   1549
000000000,  03,   28062021,   1550
000000000,  03,   28062021,   1550
000000000,  03,   28062021,   1550
000000000,  03,   28062021,   1550
000000000,  03,   28062021,   1551
000000000,  03,   28062021,   1551
000000000,  03,   28062021,   1551
000000000,  03,   28062021,   1551
000000000,  03,   28062021,   1551
000000000,  03,   28062021,   1551
000000000,  03,   28062021,   1551
000000000,  03,   28062021,   1552
000000000,  03,   28062021,   1552
000000000,  03,   28062021,   1552
000000000,  03,   28062021,   1552
000000000,  03,   28062021,   1552
000000000,  03,   28062021,   1553
000000000,  03,   28062021,   1553
000000000,  03,   28062021,   1553
000000000,  03,   28062021,   1554
000000000,  03,   28062021,   1554
000000000,  03,   28062021,   1554
000000000,  03,   28062021,   1554
000000000,  03,   28062021,   1554
000000000,  03,   28062021,   1554
000000000,  03,   28062021,   1554
000000000,  03,   28062021,   1554
000000000,  03,   28062021,   1554
000000000,  03,   28062021,   1554
000000000,  03,   28062021,   1555
000000000,  03,   28062021,   1555
000000000,  03,   28062021,   1555
000000000,  03,   28062021,   1555
000000000,  03,   28062021,   1555
000000000,  03,   28062021,   1555
000000000,  03,   28062021,   1555
104000358,  01,   28062021,   1556
104000334,  01,   28062021,   1556
000000000,  01,   28062021,   1557
106000013,  04,   28062021,   1557
000000000,  03,   28062021,   1557
110004004,  01,   28062021,   1558
000000000,  01,   28062021,   1559
106000013,  01,   28062021,   1600
000000000,  03,   28062021,   1606
106000013,  01,   28062021,   1606
000000000,  03,   28062021,   1606
000000000,  03,   28062021,   1607
000000000,  03,   28062021,   1607
000000000,  03,   28062021,   1607
000000000,  03,   28062021,   1607
000000000,  01,   28062021,   1607
000000000,  03,   28062021,   1607
000000000,  03,   28062021,   1608
000000000,  03,   28062021,   1608
000000000,  03,   28062021,   1609
000000000,  03,   28062021,   1609
000000000,  03,   28062021,   1609
000000000,  03,   28062021,   1609
000000000,  03,   28062021,   1610
000000000,  03,   28062021,   1611
000000000,  03,   28062021,   1611
000000000,  03,   28062021,   1611
000000000,  03,   28062021,   1613
000000000,  04,   28062021,   1613
000000000,  03,   28062021,   1615
000000000,  03,   28062021,   1616
000000000,  03,   28062021,   1619
000000000,  03,   28062021,   1622
000000000,  03,   28062021,   1622
000000000,  03,   28062021,   1623
000000000,  03,   28062021,   1623
000000000,  03,   28062021,   1626
000000000,  03,   28062021,   1627
103024303,  01,   28062021,   1628
104000006,  04,   28062021,   1633
104000006,  04,   28062021,   1633
104000006,  04,   28062021,   1637
104000338,  03,   28062021,   1637
000000000,  03,   28062021,   1638
101001321,  01,   28062021,   1638
000000000,  03,   28062021,   1638
000000000,  03,   28062021,   1638
000000000,  03,   28062021,   1639
000000000,  03,   28062021,   1641
106000128,  02,   28062021,   1641
000000000,  01,   28062021,   1641
104000349,  01,   28062021,   1642
000000000,  02,   28062021,   1642
000000000,  02,   28062021,   1642
000000000,  01,   28062021,   1644
000000000,  03,   28062021,   1646
104000272,  03,   28062021,   1648
000000000,  01,   28062021,   1648
103024303,  01,   28062021,   1649
000000000,  03,   28062021,   1651
000000000,  01,   28062021,   1651
103024303,  01,   28062021,   1652
106000013,  03,   28062021,   1655
000000000,  03,   28062021,   1658
110004004,  01,   28062021,   1658
000000000,  03,   28062021,   1700
000000000,  03,   28062021,   1700
000000000,  03,   28062021,   1700
000000000,  03,   28062021,   1700
000000000,  03,   28062021,   1700
000000000,  03,   28062021,   1701
000000000,  01,   28062021,   1712
103024303,  01,   28062021,   1713
000000000,  03,   28062021,   1715
000000000,  03,   28062021,   1723
000000000,  04,   28062021,   1731
000000000,  04,   28062021,   1731
000000000,  04,   28062021,   1731
000000000,  04,   28062021,   1731
000000000,  03,   28062021,   1732
000000000,  03,   28062021,   1732
101001321,  04,   28062021,   1736
000000000,  01,   28062021,   1737
000000000,  03,   28062021,   1737
101001321,  01,   28062021,   1738
104000343,  01,   28062021,   1738
000000000,  03,   28062021,   1739
000000000,  03,   28062021,   1739
104000042,  01,   28062021,   1740
000000000,  04,   28062021,   1747
000000000,  04,   28062021,   1747
104000212,  04,   28062021,   1747
000000000,  04,   28062021,   1747
104000043,  01,   28062021,   1748
000000000,  02,   28062021,   1749
000000000,  02,   28062021,   1749
104000343,  04,   28062021,   1751
000000000,  01,   28062021,   1752
104000343,  01,   28062021,   1756
000000000,  01,   28062021,   1758
101001321,  01,   28062021,   1758
104000360,  01,   28062021,   1759
104000285,  01,   28062021,   1759
000000000,  03,   28062021,   1759
000000000,  03,   28062021,   1759
110004004,  01,   28062021,   1759
110004004,  01,   28062021,   1759
000000000,  03,   28062021,   1759
104000048,  01,   28062021,   1759
000000000,  03,   28062021,   1759
000000000,  03,   28062021,   1759
000000000,  03,   28062021,   1759
104000041,  01,   28062021,   1759
104000040,  01,   28062021,   1759
104000338,  03,   28062021,   1759
104000334,  01,   28062021,   1800
000000000,  03,   28062021,   1801
104000047,  01,   28062021,   1801
104000048,  01,   28062021,   1801
104000112,  01,   28062021,   1802
000000000,  03,   28062021,   1803
104000343,  01,   28062021,   1803
104000358,  01,   28062021,   1804
104000111,  01,   28062021,   1805
104000270,  03,   28062021,   1805
104000006,  03,   28062021,   1806
104000277,  03,   28062021,   1807
104000005,  03,   28062021,   1807
104000009,  03,   28062021,   1807
104000237,  03,   28062021,   1807
104000011,  03,   28062021,   1809
104000272,  03,   28062021,   1809
104000098,  03,   28062021,   1809
104000239,  03,   28062021,   1809
104000004,  03,   28062021,   1809
104000273,  03,   28062021,   1810
000000000,  01,   28062021,   1810
104000008,  03,   28062021,   1812
103024303,  01,   28062021,   1812
104000244,  03,   28062021,   1812
110001868,  03,   28062021,   1813
103024303,  01,   28062021,   1813
103024303,  01,   28062021,   1813
103024303,  01,   28062021,   1814
103024303,  01,   28062021,   1814
103025488,  03,   28062021,   1815
103025488,  03,   28062021,   1815
000000000,  02,   28062021,   1815
000000000,  02,   28062021,   1815
000000000,  02,   28062021,   1815
000000000,  02,   28062021,   1815
104000212,  04,   28062021,   1815
000000000,  03,   28062021,   1823
000000000,  03,   28062021,   1829
000000000,  03,   28062021,   1829
000000000,  03,   28062021,   1829
000000000,  03,   28062021,   1833
104000212,  04,   28062021,   1834
000000000,  02,   28062021,   1835
000000000,  02,   28062021,   1835
000000000,  02,   28062021,   1835
000000000,  02,   28062021,   1835
000000000,  02,   28062021,   1835
000000000,  02,   28062021,   1835
000000000,  02,   28062021,   1835
000000000,  02,   28062021,   1835
000000000,  02,   28062021,   1835
000000000,  02,   28062021,   1835
104000212,  04,   28062021,   1836
000000000,  03,   28062021,   1840
000000000,  03,   28062021,   1844
107000157,  02,   28062021,   1847
000000000,  03,   28062021,   1847
000000000,  03,   28062021,   1847
000000000,  03,   28062021,   1847
000000000,  03,   28062021,   1847
000000000,  03,   28062021,   1847
000000000,  03,   28062021,   1847
000000000,  03,   28062021,   1847
000000000,  03,   28062021,   1848
000000000,  03,   28062021,   1848
000000000,  03,   28062021,   1848
000000000,  03,   28062021,   1848
000000000,  03,   28062021,   1849
000000000,  03,   28062021,   1849
000000000,  03,   28062021,   1849
000000000,  03,   28062021,   1849
000000000,  03,   28062021,   1849
000000000,  03,   28062021,   1853
000000000,  04,   28062021,   1853
104000212,  04,   28062021,   1853
000000000,  04,   28062021,   1853
000000000,  04,   28062021,   1853
000000000,  03,   28062021,   1854
000000000,  02,   28062021,   1854
000000000,  02,   28062021,   1854
000000000,  02,   28062021,   1854
000000000,  03,   28062021,   1854
000000000,  03,   28062021,   1856
000000000,  03,   28062021,   1858
000000000,  03,   28062021,   1858
000000000,  03,   28062021,   1858
000000000,  03,   28062021,   1858
000000000,  03,   28062021,   1858
000000000,  03,   28062021,   1858
000000000,  03,   28062021,   1858
000000000,  03,   28062021,   1858
000000000,  03,   28062021,   1858
000000000,  03,   28062021,   1859
000000000,  03,   28062021,   1859
000000000,  03,   28062021,   1859
000000000,  03,   28062021,   1859
000000000,  03,   28062021,   1859
000000000,  03,   28062021,   1900
000000000,  03,   28062021,   1900
000000000,  03,   28062021,   1900
000000000,  03,   28062021,   1900
000000000,  03,   28062021,   1900
000000000,  03,   28062021,   1900
000000000,  03,   28062021,   1900
000000000,  03,   28062021,   1900
000000000,  03,   28062021,   1901
000000000,  03,   28062021,   1901
000000000,  03,   28062021,   1901
000000000,  03,   28062021,   1901
000000000,  03,   28062021,   1901
000000000,  03,   28062021,   1901
000000000,  03,   28062021,   1901
000000000,  03,   28062021,   1903
000000000,  03,   28062021,   1903
000000000,  03,   28062021,   1903
000000000,  03,   28062021,   1903
000000000,  03,   28062021,   1903
000000000,  03,   28062021,   1903
000000000,  03,   28062021,   1903
000000000,  03,   28062021,   1903
000000000,  03,   28062021,   1906
000000000,  03,   28062021,   1906
000000000,  03,   28062021,   1906
000000000,  03,   28062021,   1906
000000000,  03,   28062021,   1906
000000000,  03,   28062021,   1906
000000000,  03,   28062021,   1906
000000000,  03,   28062021,   1906
000000000,  03,   28062021,   1906
000000000,  03,   28062021,   1906
000000000,  03,   28062021,   1906
000000000,  03,   28062021,   1906
000000000,  03,   28062021,   1907
000000000,  03,   28062021,   1907
000000000,  03,   28062021,   1907
000000000,  03,   28062021,   1907
000000000,  03,   28062021,   1907
000000000,  03,   28062021,   1907
000000000,  03,   28062021,   1908
000000000,  03,   28062021,   1908
000000000,  03,   28062021,   1908
000000000,  03,   28062021,   1908
000000000,  03,   28062021,   1909
000000000,  03,   28062021,   1909
000000000,  03,   28062021,   1909
000000000,  03,   28062021,   1909
000000000,  03,   28062021,   1910
000000000,  03,   28062021,   1911
000000000,  03,   28062021,   1913
000000000,  03,   28062021,   1913
000000000,  03,   28062021,   1914
000000000,  03,   28062021,   1914
000000000,  03,   28062021,   1914
000000000,  03,   28062021,   1915
000000000,  03,   28062021,   1915
000000000,  03,   28062021,   1915
000000000,  03,   28062021,   1915
000000000,  03,   28062021,   1915
000000000,  02,   28062021,   1932
000000000,  02,   28062021,   1932
000000000,  02,   28062021,   1932
104000212,  02,   28062021,   1932
000000000,  02,   28062021,   1932
104000212,  04,   28062021,   1933
000000000,  03,   28062021,   1951
000000000,  03,   28062021,   1951
000000000,  03,   28062021,   1951
000000000,  03,   28062021,   1952
000000000,  03,   28062021,   1953
000000000,  03,   28062021,   1955
000000000,  03,   28062021,   1955
000000000,  03,   28062021,   1955
000000000,  03,   28062021,   1955
000000000,  03,   28062021,   1956
000000000,  03,   28062021,   1956
000000000,  03,   28062021,   1957
000000000,  03,   28062021,   2000
000000000,  03,   28062021,   2001
000000000,  03,   28062021,   2003
000000000,  03,   28062021,   2003
000000000,  03,   28062021,   2003
000000000,  03,   28062021,   2003
000000000,  03,   28062021,   2003
000000000,  03,   28062021,   2003
000000000,  03,   28062021,   2003
000000000,  03,   28062021,   2003
000000000,  03,   28062021,   2003
000000000,  03,   28062021,   2004
000000000,  03,   28062021,   2004
000000000,  03,   28062021,   2004
000000000,  03,   28062021,   2004
000000000,  03,   28062021,   2004
000000000,  03,   28062021,   2004
000000000,  03,   28062021,   2004
000000000,  03,   28062021,   2004
000000000,  03,   28062021,   2004
000000000,  03,   28062021,   2004
000000000,  03,   28062021,   2004
000000000,  03,   28062021,   2004
000000000,  03,   28062021,   2004
000000000,  03,   28062021,   2005
000000000,  03,   28062021,   2005
000000000,  03,   28062021,   2005
000000000,  03,   28062021,   2006
000000000,  03,   28062021,   2006
000000000,  03,   28062021,   2006
000000000,  03,   28062021,   2006
000000000,  03,   28062021,   2006
000000000,  03,   28062021,   2006
000000000,  03,   28062021,   2006
000000000,  03,   28062021,   2006
000000000,  03,   28062021,   2006
000000000,  03,   28062021,   2006
000000000,  03,   28062021,   2006
000000000,  03,   28062021,   2007
000000000,  03,   28062021,   2007
000000000,  03,   28062021,   2007
000000000,  03,   28062021,   2007
000000000,  03,   28062021,   2007
000000000,  03,   28062021,   2007
000000000,  03,   28062021,   2007
000000000,  03,   28062021,   2007
000000000,  03,   28062021,   2007
000000000,  03,   28062021,   2007
000000000,  03,   28062021,   2007
000000000,  03,   28062021,   2007
000000000,  03,   28062021,   2007
000000000,  03,   28062021,   2008
000000000,  03,   28062021,   2008
000000000,  03,   28062021,   2008
000000000,  03,   28062021,   2009
000000000,  03,   28062021,   2009
000000000,  03,   28062021,   2009
000000000,  03,   28062021,   2009
000000000,  03,   28062021,   2011
000000000,  03,   28062021,   2011
000000000,  03,   28062021,   2011
104000297,  03,   28062021,   2013
000000000,  03,   28062021,   2013
000000000,  03,   28062021,   2015
000000000,  03,   28062021,   2015
000000000,  03,   28062021,   2015
000000000,  03,   28062021,   2015
000000000,  03,   28062021,   2015
000000000,  03,   28062021,   2016
000000000,  03,   28062021,   2016
000000000,  03,   28062021,   2016
000000000,  03,   28062021,   2016
000000000,  03,   28062021,   2016
000000000,  03,   28062021,   2016
000000000,  03,   28062021,   2016
000000000,  03,   28062021,   2017
000000000,  03,   28062021,   2017
000000000,  03,   28062021,   2017
000000000,  03,   28062021,   2017
000000000,  03,   28062021,   2017
000000000,  03,   28062021,   2017
000000000,  03,   28062021,   2018
000000000,  03,   28062021,   2018
000000000,  03,   28062021,   2018
000000000,  03,   28062021,   2018
000000000,  03,   28062021,   2018
000000000,  03,   28062021,   2018
000000000,  03,   28062021,   2018
000000000,  03,   28062021,   2019
000000000,  03,   28062021,   2019
000000000,  03,   28062021,   2019
000000000,  03,   28062021,   2019
000000000,  03,   28062021,   2019
000000000,  03,   28062021,   2020
000000000,  03,   28062021,   2020
000000000,  03,   28062021,   2020
000000000,  03,   28062021,   2020
000000000,  03,   28062021,   2021
107000197,  02,   28062021,   2021
000000000,  03,   28062021,   2021
000000000,  03,   28062021,   2021
000000000,  03,   28062021,   2021
107000197,  04,   28062021,   2021
000000000,  03,   28062021,   2021
000000000,  03,   28062021,   2021
000000000,  03,   28062021,   2021
000000000,  03,   28062021,   2021
000000000,  03,   28062021,   2023
000000000,  03,   28062021,   2023
107000197,  03,   28062021,   2024
107000197,  03,   28062021,   2024
000000000,  03,   28062021,   2024
000000000,  03,   28062021,   2024
107000157,  02,   28062021,   2024
000000000,  03,   28062021,   2024
000000000,  03,   28062021,   2025
000000000,  03,   28062021,   2025
000000000,  03,   28062021,   2025
000000000,  03,   28062021,   2025
000000000,  03,   28062021,   2025
000000000,  03,   28062021,   2025
000000000,  03,   28062021,   2025
000000000,  03,   28062021,   2025
000000000,  03,   28062021,   2026
000000000,  03,   28062021,   2027
000000000,  03,   28062021,   2027
000000000,  03,   28062021,   2027
000000000,  03,   28062021,   2027
000000000,  03,   28062021,   2027
000000000,  03,   28062021,   2027
000000000,  03,   28062021,   2027
000000000,  03,   28062021,   2027
000000000,  03,   28062021,   2027
000000000,  03,   28062021,   2027
000000000,  03,   28062021,   2030
000000000,  03,   28062021,   2030
000000000,  03,   28062021,   2030
000000000,  03,   28062021,   2030
000000000,  03,   28062021,   2030
000000000,  03,   28062021,   2030
000000000,  03,   28062021,   2030
000000000,  03,   28062021,   2031
000000000,  03,   28062021,   2031
000000000,  03,   28062021,   2036
000000000,  03,   28062021,   2100
000000000,  03,   28062021,   2101
101002738,  04,   28062021,   2103
104000095,  03,   28062021,   2151
101002738,  04,   29062021,   0750
103025489,  03,   29062021,   0751
101002738,  03,   29062021,   0751
106000013,  03,   29062021,   0751
106000013,  03,   29062021,   0751
101002738,  05,   29062021,   0754
103025488,  03,   29062021,   0808
000000000,  02,   29062021,   0818
000000000,  02,   29062021,   0818
000000000,  02,   29062021,   0818
103024303,  03,   29062021,   0819
103024303,  03,   29062021,   0820
103024303,  01,   29062021,   0821
000000000,  03,   29062021,   0822
106000013,  04,   29062021,   0833
104000088,  03,   29062021,   0834
000000000,  03,   29062021,   0834
000000000,  03,   29062021,   0834
106000013,  01,   29062021,   0836
000000000,  03,   29062021,   0858
104000244,  03,   29062021,   0906
000000000,  03,   29062021,   0906
104000008,  03,   29062021,   0906
104000239,  03,   29062021,   0906
104000244,  05,   29062021,   0906
101001321,  01,   29062021,   0908
101001320,  01,   29062021,   0908
104000048,  01,   29062021,   0908
104000046,  01,   29062021,   0908
104000047,  01,   29062021,   0908
104000334,  01,   29062021,   0908
104000334,  01,   29062021,   0908
104000334,  01,   29062021,   0908
104000041,  01,   29062021,   0911
110004004,  01,   29062021,   0911
104000040,  01,   29062021,   0911
104000040,  01,   29062021,   0911
104000040,  01,   29062021,   0911
104000338,  03,   29062021,   0911
000000000,  03,   29062021,   0911
000000000,  03,   29062021,   0912
000000000,  03,   29062021,   0912
000000000,  03,   29062021,   0913
104000043,  01,   29062021,   0913
000000000,  03,   29062021,   0915
000000000,  03,   29062021,   0916
000000000,  03,   29062021,   0916
000000000,  03,   29062021,   0916
000000000,  03,   29062021,   0916
000000000,  03,   29062021,   0916
104000285,  01,   29062021,   0916
000000000,  03,   29062021,   0916
000000000,  03,   29062021,   0916
000000000,  03,   29062021,   0917
000000000,  03,   29062021,   0917
110001868,  03,   29062021,   0917
000000000,  03,   29062021,   0917
000000000,  03,   29062021,   0917
000000000,  03,   29062021,   0917
000000000,  03,   29062021,   0917
000000000,  03,   29062021,   0917
000000000,  03,   29062021,   0918
000000000,  03,   29062021,   0918
000000000,  03,   29062021,   0918
000000000,  03,   29062021,   0918
104000005,  03,   29062021,   0918
104000277,  03,   29062021,   0919
104000009,  03,   29062021,   0919
104000272,  03,   29062021,   0919
000000000,  03,   29062021,   0919
104000011,  03,   29062021,   0919
104000005,  05,   29062021,   0919
104000272,  03,   29062021,   0919
104000004,  05,   29062021,   0919
104000009,  05,   29062021,   0919
000000000,  03,   29062021,   0919
000000000,  03,   29062021,   0920
000000000,  03,   29062021,   0920
000000000,  03,   29062021,   0920
000000000,  03,   29062021,   0920
000000000,  03,   29062021,   0921
000000000,  03,   29062021,   0921
000000000,  03,   29062021,   0921
000000000,  03,   29062021,   0922
000000000,  03,   29062021,   0922
000000000,  03,   29062021,   0923
000000000,  03,   29062021,   0923
000000000,  03,   29062021,   0924
000000000,  03,   29062021,   0924
000000000,  03,   29062021,   0924
104000358,  01,   29062021,   0926
104000111,  01,   29062021,   0926
000000000,  03,   29062021,   0926
104000099,  03,   29062021,   0926
104000237,  03,   29062021,   0926
104000273,  03,   29062021,   0927
000000000,  03,   29062021,   0927
000000000,  03,   29062021,   0927
000000000,  03,   29062021,   0932
106000013,  04,   29062021,   0933
106000013,  01,   29062021,   0934
000000000,  03,   29062021,   0935
000000000,  03,   29062021,   0935
000000000,  03,   29062021,   0935
000000000,  03,   29062021,   0935
000000000,  03,   29062021,   0935
000000000,  03,   29062021,   0935
000000000,  03,   29062021,   0935
104000343,  01,   29062021,   0935
000000000,  03,   29062021,   0935
000000000,  03,   29062021,   0936
000000000,  03,   29062021,   0936
000000000,  03,   29062021,   0936
000000000,  03,   29062021,   0936
000000000,  03,   29062021,   0936
000000000,  03,   29062021,   0936
000000000,  03,   29062021,   0936
000000000,  03,   29062021,   0936
000000000,  03,   29062021,   0936
000000000,  01,   29062021,   0938
110001870,  01,   29062021,   0945
103024303,  04,   29062021,   0955
000000000,  01,   29062021,   0956
104000047,  01,   29062021,   1001
103024303,  01,   29062021,   1003
104000047,  01,   29062021,   1009
104000270,  03,   29062021,   1010
000000000,  02,   29062021,   1011
110003994,  01,   29062021,   1017
106000013,  04,   29062021,   1021
000000000,  02,   29062021,   1022
000000000,  02,   29062021,   1022
110001870,  01,   29062021,   1024
000000000,  01,   29062021,   1026
104000360,  01,   29062021,   1027
104000112,  01,   29062021,   1027
106000013,  02,   29062021,   1027
106000013,  02,   29062021,   1027
106000013,  04,   29062021,   1028
000000000,  01,   29062021,   1029
104000297,  03,   29062021,   1033
104000274,  03,   29062021,   1034
101002737,  02,   29062021,   1037
101002737,  04,   29062021,   1037
110001870,  01,   29062021,   1046
110001870,  01,   29062021,   1046
104000040,  01,   29062021,   1047
101001321,  01,   29062021,   1048
103024303,  04,   29062021,   1051
000000000,  01,   29062021,   1052
000000000,  01,   29062021,   1052
110003994,  01,   29062021,   1052
000000000,  01,   29062021,   1053
101001321,  01,   29062021,   1053
000000000,  01,   29062021,   1054
101002737,  04,   29062021,   1055
000000000,  02,   29062021,   1056
000000000,  02,   29062021,   1056
103024303,  04,   29062021,   1059
103024303,  01,   29062021,   1102
110004004,  01,   29062021,   1103
110003994,  04,   29062021,   1107
110003994,  01,   29062021,   1109
106000013,  04,   29062021,   1113
104000043,  01,   29062021,   1116
106000013,  01,   29062021,   1116
104000043,  01,   29062021,   1116
104000043,  01,   29062021,   1116
000000000,  01,   29062021,   1118
104000040,  01,   29062021,   1123
000000000,  03,   29062021,   1123
000000000,  03,   29062021,   1124
000000000,  03,   29062021,   1124
000000000,  03,   29062021,   1126
000000000,  03,   29062021,   1127
000000000,  03,   29062021,   1127
000000000,  03,   29062021,   1127
000000000,  03,   29062021,   1127
000000000,  03,   29062021,   1127
000000000,  03,   29062021,   1127
000000000,  03,   29062021,   1127
000000000,  03,   29062021,   1127
000000000,  03,   29062021,   1127
000000000,  03,   29062021,   1127
000000000,  03,   29062021,   1127
000000000,  03,   29062021,   1128
000000000,  03,   29062021,   1128
000000000,  03,   29062021,   1128
000000000,  03,   29062021,   1128
000000000,  03,   29062021,   1128
000000000,  03,   29062021,   1129
000000000,  03,   29062021,   1129
000000000,  03,   29062021,   1131
104000222,  01,   29062021,   1133
106000013,  01,   29062021,   1136
101002738,  04,   29062021,   1136
106000013,  04,   29062021,   1137
104000349,  01,   29062021,   1138
104000349,  01,   29062021,   1138
101002738,  01,   29062021,   1139
000000000,  03,   29062021,   1140
104000042,  01,   29062021,   1141
000000000,  03,   29062021,   1147
101002738,  01,   29062021,   1149
000000000,  03,   29062021,   1150
101002738,  04,   29062021,   1150
000000000,  03,   29062021,   1150
000000000,  03,   29062021,   1151
000000000,  03,   29062021,   1151
000000000,  03,   29062021,   1151
000000000,  03,   29062021,   1152
000000000,  03,   29062021,   1152
000000000,  03,   29062021,   1152
000000000,  03,   29062021,   1153
000000000,  03,   29062021,   1153
000000000,  03,   29062021,   1153
000000000,  03,   29062021,   1154
