000000000,  03,   26052021,   0600
000000000,  03,   26052021,   0600
000000000,  03,   26052021,   0600
000000000,  03,   26052021,   0600
000000000,  03,   26052021,   0600
000000000,  03,   26052021,   0601
000000000,  03,   26052021,   0601
000000000,  03,   26052021,   0601
000000000,  03,   26052021,   0614
000000000,  03,   26052021,   0614
000000000,  03,   26052021,   0614
000000000,  03,   26052021,   0614
000000000,  03,   26052021,   0614
000000000,  03,   26052021,   0614
000000000,  03,   26052021,   0614
000000000,  03,   26052021,   0614
000000000,  03,   26052021,   0614
000000000,  03,   26052021,   0614
000000000,  03,   26052021,   0614
000000000,  03,   26052021,   0614
000000000,  03,   26052021,   0614
000000000,  03,   26052021,   0614
000000000,  03,   26052021,   0614
000000000,  03,   26052021,   0614
000000000,  03,   26052021,   0614
000000000,  03,   26052021,   0615
000000000,  03,   26052021,   0615
000000000,  03,   26052021,   0615
000000000,  03,   26052021,   0616
000000000,  03,   26052021,   0617
000000000,  03,   26052021,   0617
000000000,  03,   26052021,   0617
000000000,  03,   26052021,   0617
000000000,  03,   26052021,   0617
000000000,  03,   26052021,   0618
000000000,  03,   26052021,   0618
101002738,  04,   26052021,   0741
101002738,  03,   26052021,   0742
103025489,  03,   26052021,   0743
101002738,  05,   26052021,   0744
106000013,  03,   26052021,   0747
103024303,  04,   26052021,   0815
103024303,  03,   26052021,   0816
103024303,  01,   26052021,   0818
103025488,  03,   26052021,   0823
106000013,  04,   26052021,   0835
106000013,  01,   26052021,   0837
104000088,  03,   26052021,   0842
000000000,  03,   26052021,   0847
000000000,  03,   26052021,   0848
000000000,  03,   26052021,   0848
000000000,  03,   26052021,   0848
000000000,  03,   26052021,   0848
000000000,  03,   26052021,   0848
000000000,  03,   26052021,   0848
000000000,  03,   26052021,   0849
000000000,  03,   26052021,   0849
000000000,  03,   26052021,   0850
000000000,  03,   26052021,   0850
000000000,  03,   26052021,   0851
000000000,  03,   26052021,   0851
000000000,  03,   26052021,   0851
000000000,  03,   26052021,   0851
000000000,  01,   26052021,   0851
000000000,  03,   26052021,   0853
104000274,  03,   26052021,   0853
104000285,  01,   26052021,   0855
104000040,  01,   26052021,   0856
104000043,  01,   26052021,   0856
104000338,  03,   26052021,   0856
000000000,  03,   26052021,   0858
000000000,  03,   26052021,   0858
000000000,  03,   26052021,   0859
000000000,  03,   26052021,   0859
000000000,  03,   26052021,   0859
000000000,  03,   26052021,   0859
000000000,  03,   26052021,   0859
000000000,  03,   26052021,   0859
000000000,  03,   26052021,   0859
000000000,  03,   26052021,   0859
000000000,  03,   26052021,   0859
000000000,  03,   26052021,   0859
000000000,  03,   26052021,   0859
000000000,  03,   26052021,   0859
000000000,  03,   26052021,   0859
000000000,  03,   26052021,   0859
000000000,  03,   26052021,   0859
000000000,  03,   26052021,   0901
000000000,  03,   26052021,   0901
000000000,  03,   26052021,   0901
110004004,  01,   26052021,   0901
000000000,  03,   26052021,   0901
000000000,  03,   26052021,   0901
000000000,  03,   26052021,   0901
000000000,  03,   26052021,   0901
000000000,  03,   26052021,   0901
000000000,  03,   26052021,   0901
000000000,  03,   26052021,   0901
000000000,  03,   26052021,   0901
000000000,  03,   26052021,   0901
104000244,  03,   26052021,   0905
104000008,  03,   26052021,   0905
104000239,  03,   26052021,   0905
110004004,  01,   26052021,   0906
000000000,  03,   26052021,   0906
000000000,  03,   26052021,   0906
000000000,  03,   26052021,   0906
000000000,  03,   26052021,   0907
000000000,  03,   26052021,   0907
000000000,  03,   26052021,   0907
000000000,  03,   26052021,   0907
000000000,  03,   26052021,   0907
000000000,  03,   26052021,   0907
000000000,  03,   26052021,   0907
000000000,  03,   26052021,   0907
000000000,  02,   26052021,   0908
000000000,  02,   26052021,   0908
104000111,  01,   26052021,   0910
000000000,  03,   26052021,   0910
000000000,  03,   26052021,   0910
000000000,  03,   26052021,   0910
000000000,  03,   26052021,   0910
000000000,  03,   26052021,   0910
104000099,  03,   26052021,   0910
000000000,  03,   26052021,   0910
104000467,  03,   26052021,   0910
000000000,  03,   26052021,   0910
000000000,  03,   26052021,   0910
104000098,  03,   26052021,   0910
000000000,  03,   26052021,   0910
000000000,  03,   26052021,   0910
000000000,  03,   26052021,   0910
000000000,  03,   26052021,   0910
000000000,  03,   26052021,   0910
000000000,  03,   26052021,   0910
000000000,  03,   26052021,   0910
000000000,  03,   26052021,   0911
000000000,  03,   26052021,   0911
000000000,  03,   26052021,   0911
000000000,  03,   26052021,   0911
000000000,  03,   26052021,   0911
000000000,  03,   26052021,   0911
000000000,  03,   26052021,   0911
000000000,  03,   26052021,   0911
000000000,  03,   26052021,   0911
000000000,  03,   26052021,   0911
000000000,  03,   26052021,   0911
000000000,  03,   26052021,   0911
104000277,  03,   26052021,   0914
104000272,  03,   26052021,   0914
104000272,  03,   26052021,   0914
104000005,  03,   26052021,   0914
104000009,  03,   26052021,   0914
104000011,  03,   26052021,   0914
104000004,  03,   26052021,   0914
104000005,  05,   26052021,   0914
104000009,  05,   26052021,   0915
104000042,  01,   26052021,   0917
104000048,  01,   26052021,   0917
104000047,  01,   26052021,   0917
104000112,  01,   26052021,   0918
104000270,  03,   26052021,   0918
104000334,  01,   26052021,   0918
000000000,  03,   26052021,   0923
000000000,  03,   26052021,   0923
000000000,  03,   26052021,   0924
000000000,  03,   26052021,   0924
104000237,  03,   26052021,   0926
000000000,  03,   26052021,   0926
000000000,  03,   26052021,   0926
110001868,  03,   26052021,   0929
000000000,  03,   26052021,   0936
000000000,  03,   26052021,   0937
000000000,  03,   26052021,   0938
000000000,  03,   26052021,   0939
000000000,  03,   26052021,   0939
000000000,  03,   26052021,   0939
000000000,  03,   26052021,   0939
101001321,  01,   26052021,   0939
106000013,  04,   26052021,   0940
106000013,  01,   26052021,   0940
000000000,  03,   26052021,   0941
000000000,  03,   26052021,   0942
000000000,  03,   26052021,   0942
104000338,  05,   26052021,   0942
000000000,  03,   26052021,   0943
000000000,  03,   26052021,   0943
000000000,  03,   26052021,   0943
000000000,  03,   26052021,   0943
104000338,  05,   26052021,   0943
104000272,  05,   26052021,   0943
000000000,  03,   26052021,   0944
101001320,  01,   26052021,   0945
103025489,  05,   26052021,   0948
104000343,  01,   26052021,   0950
101002738,  04,   26052021,   0952
101002738,  01,   26052021,   0954
103025489,  05,   26052021,   0955
103025489,  05,   26052021,   0955
000000000,  01,   26052021,   0959
110001870,  01,   26052021,   1000
104000273,  03,   26052021,   1004
101002738,  04,   26052021,   1019
101002738,  01,   26052021,   1019
110004004,  01,   26052021,   1030
000000000,  03,   26052021,   1032
000000000,  03,   26052021,   1033
000000000,  03,   26052021,   1033
000000000,  03,   26052021,   1033
000000000,  03,   26052021,   1033
104000095,  03,   26052021,   1034
000000000,  03,   26052021,   1034
000000000,  03,   26052021,   1034
000000000,  03,   26052021,   1034
000000000,  03,   26052021,   1035
000000000,  03,   26052021,   1035
000000000,  03,   26052021,   1035
000000000,  03,   26052021,   1036
000000000,  03,   26052021,   1036
000000000,  03,   26052021,   1036
000000000,  03,   26052021,   1036
000000000,  03,   26052021,   1036
104000006,  04,   26052021,   1036
000000000,  03,   26052021,   1036
000000000,  03,   26052021,   1036
000000000,  03,   26052021,   1037
000000000,  03,   26052021,   1037
000000000,  03,   26052021,   1038
000000000,  03,   26052021,   1038
000000000,  03,   26052021,   1038
000000000,  03,   26052021,   1041
104000349,  01,   26052021,   1041
104000006,  04,   26052021,   1042
000000000,  03,   26052021,   1043
000000000,  03,   26052021,   1043
000000000,  03,   26052021,   1043
000000000,  03,   26052021,   1044
000000000,  03,   26052021,   1044
000000000,  03,   26052021,   1044
000000000,  03,   26052021,   1044
000000000,  03,   26052021,   1044
000000000,  03,   26052021,   1045
000000000,  03,   26052021,   1045
000000000,  03,   26052021,   1045
000000000,  03,   26052021,   1047
000000000,  03,   26052021,   1047
000000000,  03,   26052021,   1047
000000000,  03,   26052021,   1047
000000000,  03,   26052021,   1047
000000000,  03,   26052021,   1047
000000000,  03,   26052021,   1047
000000000,  03,   26052021,   1047
110003994,  01,   26052021,   1053
000000000,  03,   26052021,   1055
000000000,  03,   26052021,   1055
000000000,  03,   26052021,   1055
000000000,  03,   26052021,   1055
000000000,  03,   26052021,   1055
000000000,  03,   26052021,   1055
000000000,  03,   26052021,   1055
000000000,  03,   26052021,   1055
000000000,  03,   26052021,   1056
000000000,  03,   26052021,   1056
000000000,  03,   26052021,   1056
000000000,  03,   26052021,   1056
000000000,  03,   26052021,   1056
000000000,  03,   26052021,   1056
000000000,  03,   26052021,   1056
000000000,  03,   26052021,   1056
000000000,  03,   26052021,   1057
000000000,  03,   26052021,   1057
000000000,  03,   26052021,   1057
000000000,  03,   26052021,   1057
000000000,  03,   26052021,   1057
000000000,  03,   26052021,   1057
000000000,  03,   26052021,   1058
000000000,  03,   26052021,   1058
000000000,  03,   26052021,   1058
000000000,  03,   26052021,   1058
000000000,  03,   26052021,   1058
000000000,  03,   26052021,   1058
000000000,  03,   26052021,   1058
000000000,  03,   26052021,   1059
000000000,  03,   26052021,   1059
000000000,  03,   26052021,   1059
000000000,  03,   26052021,   1059
000000000,  03,   26052021,   1059
000000000,  03,   26052021,   1059
000000000,  03,   26052021,   1059
000000000,  03,   26052021,   1059
104000467,  04,   26052021,   1100
000000000,  03,   26052021,   1100
000000000,  03,   26052021,   1100
106000013,  04,   26052021,   1103
104000297,  03,   26052021,   1104
000000000,  03,   26052021,   1104
000000000,  03,   26052021,   1104
000000000,  03,   26052021,   1105
000000000,  03,   26052021,   1105
000000000,  03,   26052021,   1105
106000013,  01,   26052021,   1106
000000000,  03,   26052021,   1106
000000000,  03,   26052021,   1106
000000000,  03,   26052021,   1110
000000000,  03,   26052021,   1110
000000000,  03,   26052021,   1110
104000358,  01,   26052021,   1111
110004004,  01,   26052021,   1111
104000047,  01,   26052021,   1111
000000000,  03,   26052021,   1112
104000467,  03,   26052021,   1115
104000004,  03,   26052021,   1115
104000011,  03,   26052021,   1117
000000000,  03,   26052021,   1118
000000000,  03,   26052021,   1118
000000000,  03,   26052021,   1118
000000000,  03,   26052021,   1118
000000000,  03,   26052021,   1118
000000000,  03,   26052021,   1119
000000000,  03,   26052021,   1120
000000000,  03,   26052021,   1120
000000000,  03,   26052021,   1121
104000047,  01,   26052021,   1123
000000000,  03,   26052021,   1123
000000000,  03,   26052021,   1124
106000013,  04,   26052021,   1129
106000013,  01,   26052021,   1129
000000000,  03,   26052021,   1133
000000000,  03,   26052021,   1133
000000000,  03,   26052021,   1133
000000000,  03,   26052021,   1133
104000467,  03,   26052021,   1136
000000000,  03,   26052021,   1137
000000000,  03,   26052021,   1137
000000000,  03,   26052021,   1138
000000000,  03,   26052021,   1138
000000000,  03,   26052021,   1138
000000000,  03,   26052021,   1138
000000000,  03,   26052021,   1138
000000000,  03,   26052021,   1138
000000000,  03,   26052021,   1138
000000000,  03,   26052021,   1138
000000000,  03,   26052021,   1138
000000000,  03,   26052021,   1138
000000000,  03,   26052021,   1139
000000000,  03,   26052021,   1139
000000000,  03,   26052021,   1139
000000000,  03,   26052021,   1139
000000000,  03,   26052021,   1139
000000000,  03,   26052021,   1139
000000000,  03,   26052021,   1139
000000000,  03,   26052021,   1139
000000000,  03,   26052021,   1139
000000000,  03,   26052021,   1139
000000000,  03,   26052021,   1139
000000000,  03,   26052021,   1139
000000000,  03,   26052021,   1139
000000000,  03,   26052021,   1139
000000000,  03,   26052021,   1139
000000000,  03,   26052021,   1139
000000000,  03,   26052021,   1139
000000000,  03,   26052021,   1140
000000000,  03,   26052021,   1140
000000000,  03,   26052021,   1140
104000040,  01,   26052021,   1144
103025489,  04,   26052021,   1148
103025489,  04,   26052021,   1148
000000000,  03,   26052021,   1155
000000000,  03,   26052021,   1156
000000000,  03,   26052021,   1156
000000000,  03,   26052021,   1156
000000000,  03,   26052021,   1156
000000000,  03,   26052021,   1156
104000222,  01,   26052021,   1158
104000040,  01,   26052021,   1200
000000000,  03,   26052021,   1202
000000000,  03,   26052021,   1202
000000000,  03,   26052021,   1202
000000000,  03,   26052021,   1202
000000000,  03,   26052021,   1202
000000000,  03,   26052021,   1202
000000000,  03,   26052021,   1203
000000000,  03,   26052021,   1204
000000000,  03,   26052021,   1204
000000000,  03,   26052021,   1205
000000000,  03,   26052021,   1206
000000000,  01,   26052021,   1212
000000000,  01,   26052021,   1212
000000000,  01,   26052021,   1218
000000000,  03,   26052021,   1218
000000000,  03,   26052021,   1220
000000000,  03,   26052021,   1220
000000000,  03,   26052021,   1220
000000000,  03,   26052021,   1221
000000000,  03,   26052021,   1222
000000000,  03,   26052021,   1223
000000000,  03,   26052021,   1225
000000000,  03,   26052021,   1225
000000000,  03,   26052021,   1225
000000000,  03,   26052021,   1225
000000000,  03,   26052021,   1225
000000000,  03,   26052021,   1225
104000008,  03,   26052021,   1227
000000000,  03,   26052021,   1227
000000000,  03,   26052021,   1227
000000000,  03,   26052021,   1227
000000000,  03,   26052021,   1228
000000000,  03,   26052021,   1228
000000000,  03,   26052021,   1228
000000000,  03,   26052021,   1228
000000000,  03,   26052021,   1228
000000000,  03,   26052021,   1228
000000000,  03,   26052021,   1228
000000000,  03,   26052021,   1229
000000000,  03,   26052021,   1229
000000000,  03,   26052021,   1229
000000000,  01,   26052021,   1229
000000000,  03,   26052021,   1229
000000000,  03,   26052021,   1229
000000000,  03,   26052021,   1230
101001321,  01,   26052021,   1232
000000000,  03,   26052021,   1233
000000000,  01,   26052021,   1234
101001321,  01,   26052021,   1242
103025488,  05,   26052021,   1245
104000006,  04,   26052021,   1247
104000006,  04,   26052021,   1251
000000000,  01,   26052021,   1257
000000000,  04,   26052021,   1300
101001320,  01,   26052021,   1302
000000000,  01,   26052021,   1309
104000047,  01,   26052021,   1319
104000047,  01,   26052021,   1324
104000343,  01,   26052021,   1327
000000000,  01,   26052021,   1339
101001320,  04,   26052021,   1342
000000000,  01,   26052021,   1343
103024303,  04,   26052021,   1344
104000043,  01,   26052021,   1344
103024303,  01,   26052021,   1348
101001320,  04,   26052021,   1348
104000043,  01,   26052021,   1348
101001320,  01,   26052021,   1350
106000013,  04,   26052021,   1401
106000013,  01,   26052021,   1404
000000000,  01,   26052021,   1414
103024303,  01,   26052021,   1418
104000334,  01,   26052021,   1419
104000099,  03,   26052021,   1421
104000047,  01,   26052021,   1430
104000040,  01,   26052021,   1430
101001320,  01,   26052021,   1432
104000467,  03,   26052021,   1449
104000006,  04,   26052021,   1458
104000006,  04,   26052021,   1502
106000013,  04,   26052021,   1505
106000013,  01,   26052021,   1506
101002738,  04,   26052021,   1506
000000000,  02,   26052021,   1508
101002738,  02,   26052021,   1508
101002738,  04,   26052021,   1509
000000000,  01,   26052021,   1509
000000000,  01,   26052021,   1509
104000500,  01,   26052021,   1510
104000500,  01,   26052021,   1510
000000000,  01,   26052021,   1518
101002738,  01,   26052021,   1519
103024303,  01,   26052021,   1524
104000239,  02,   26052021,   1524
104000239,  04,   26052021,   1524
101002738,  04,   26052021,   1526
000000000,  01,   26052021,   1526
104000343,  01,   26052021,   1530
106000013,  04,   26052021,   1538
106000013,  01,   26052021,   1540
104000467,  03,   26052021,   1542
106000013,  01,   26052021,   1546
000000000,  01,   26052021,   1557
000000000,  01,   26052021,   1600
103024303,  01,   26052021,   1601
110001870,  01,   26052021,   1603
000000000,  01,   26052021,   1609
104000042,  01,   26052021,   1610
110001870,  01,   26052021,   1610
106000013,  03,   26052021,   1611
103024303,  01,   26052021,   1611
104000272,  04,   26052021,   1617
104000272,  04,   26052021,   1622
104000358,  01,   26052021,   1643
104000358,  01,   26052021,   1649
104000222,  01,   26052021,   1654
101002738,  04,   26052021,   1655
101002738,  01,   26052021,   1657
110003994,  01,   26052021,   1702
104000285,  01,   26052021,   1703
101002738,  01,   26052021,   1704
101002738,  04,   26052021,   1704
110003994,  01,   26052021,   1704
104000358,  01,   26052021,   1704
104000006,  04,   26052021,   1711
110003994,  01,   26052021,   1712
104000006,  04,   26052021,   1715
104000274,  03,   26052021,   1723
104000274,  03,   26052021,   1723
104000358,  01,   26052021,   1725
104000349,  01,   26052021,   1732
104000349,  01,   26052021,   1736
104000273,  03,   26052021,   1758
104000338,  03,   26052021,   1759
104000270,  03,   26052021,   1759
104000099,  03,   26052021,   1759
104000237,  03,   26052021,   1800
104000239,  03,   26052021,   1801
104000277,  03,   26052021,   1801
104000272,  03,   26052021,   1801
104000349,  01,   26052021,   1801
110001868,  03,   26052021,   1802
104000005,  03,   26052021,   1802
104000009,  03,   26052021,   1803
104000008,  03,   26052021,   1803
104000358,  01,   26052021,   1804
104000111,  01,   26052021,   1804
104000098,  03,   26052021,   1804
104000358,  01,   26052021,   1804
104000244,  03,   26052021,   1806
104000043,  01,   26052021,   1806
110004004,  01,   26052021,   1806
104000297,  03,   26052021,   1808
103025488,  03,   26052021,   1808
104000088,  03,   26052021,   1818
000000000,  01,   26052021,   1834
103024303,  01,   26052021,   1855
101002738,  03,   26052021,   1858
104000048,  01,   26052021,   1900
104000112,  01,   26052021,   1900
000000000,  01,   26052021,   1906
103024303,  01,   26052021,   1908
103024303,  01,   26052021,   1912
103024303,  03,   26052021,   1913
103024303,  03,   26052021,   1914
107000197,  04,   26052021,   1916
107000197,  02,   26052021,   1916
107000197,  03,   26052021,   1918
107000197,  03,   26052021,   1918
000000000,  02,   26052021,   1920
000000000,  02,   26052021,   1920
101002738,  03,   26052021,   1921
103025489,  03,   26052021,   1943
101002738,  04,   26052021,   2017
101002738,  03,   26052021,   2024
101002738,  03,   26052021,   2034
000000000,  03,   26052021,   2036
101002738,  03,   26052021,   2111
000000000,  03,   26052021,   2124
104000467,  03,   26052021,   2127
104000095,  03,   26052021,   2127
101002738,  03,   26052021,   2128
000000000,  03,   27052021,   0029
000000000,  03,   27052021,   0029
101002738,  04,   27052021,   0746
101002738,  03,   27052021,   0746
103025489,  03,   27052021,   0747
101002738,  05,   27052021,   0749
106000013,  03,   27052021,   0752
103024303,  04,   27052021,   0757
103024303,  03,   27052021,   0758
000000000,  03,   27052021,   0758
103024303,  01,   27052021,   0801
000000000,  03,   27052021,   0805
000000000,  03,   27052021,   0805
000000000,  03,   27052021,   0805
000000000,  03,   27052021,   0805
103025488,  03,   27052021,   0806
000000000,  03,   27052021,   0806
000000000,  03,   27052021,   0806
000000000,  03,   27052021,   0807
000000000,  03,   27052021,   0810
000000000,  03,   27052021,   0810
000000000,  03,   27052021,   0812
000000000,  01,   27052021,   0812
000000000,  03,   27052021,   0812
000000000,  03,   27052021,   0814
000000000,  03,   27052021,   0815
000000000,  03,   27052021,   0816
000000000,  01,   27052021,   0818
000000000,  03,   27052021,   0829
107000157,  02,   27052021,   0830
000000000,  03,   27052021,   0830
000000000,  03,   27052021,   0835
000000000,  03,   27052021,   0837
000000000,  03,   27052021,   0837
000000000,  03,   27052021,   0838
104000088,  03,   27052021,   0838
107000157,  02,   27052021,   0838
106000013,  04,   27052021,   0842
106000013,  01,   27052021,   0844
101001320,  01,   27052021,   0848
104000274,  03,   27052021,   0856
104000285,  01,   27052021,   0913
110004004,  01,   27052021,   0913
104000040,  01,   27052021,   0913
104000338,  03,   27052021,   0913
110001868,  03,   27052021,   0914
104000111,  01,   27052021,   0916
104000099,  03,   27052021,   0916
104000098,  03,   27052021,   0916
104000237,  03,   27052021,   0917
104000043,  01,   27052021,   0917
104000467,  03,   27052021,   0925
101001321,  01,   27052021,   0928
104000042,  01,   27052021,   0929
000000000,  03,   27052021,   0930
104000273,  03,   27052021,   0932
000000000,  03,   27052021,   0933
104000008,  03,   27052021,   0935
104000239,  03,   27052021,   0935
000000000,  01,   27052021,   0937
106000013,  01,   27052021,   0939
000000000,  03,   27052021,   0939
104000277,  03,   27052021,   0939
104000005,  03,   27052021,   0939
104000272,  03,   27052021,   0939
104000011,  03,   27052021,   0940
104000004,  03,   27052021,   0940
104000005,  05,   27052021,   0940
104000343,  01,   27052021,   0940
106000013,  04,   27052021,   0940
103024303,  01,   27052021,   0941
104000006,  03,   27052021,   0943
104000006,  03,   27052021,   0943
101001321,  01,   27052021,   0945
101001321,  04,   27052021,   0947
103025488,  01,   27052021,   0949
104000048,  01,   27052021,   0949
104000360,  01,   27052021,   0949
104000047,  01,   27052021,   0949
104000046,  01,   27052021,   0949
104000112,  01,   27052021,   0949
104000334,  01,   27052021,   0949
104000334,  01,   27052021,   0949
104000334,  01,   27052021,   0949
104000270,  03,   27052021,   0949
101001321,  01,   27052021,   0950
103024303,  04,   27052021,   0952
000000000,  01,   27052021,   0952
000000000,  01,   27052021,   0953
000000000,  01,   27052021,   0953
103024303,  04,   27052021,   0955
101001320,  04,   27052021,   0956
101001320,  04,   27052021,   0956
103024303,  01,   27052021,   0957
101001320,  04,   27052021,   0958
000000000,  02,   27052021,   0959
000000000,  02,   27052021,   0959
101001320,  01,   27052021,   1001
110001870,  01,   27052021,   1005
101001320,  01,   27052021,   1008
104000222,  01,   27052021,   1012
104000009,  03,   27052021,   1018
000000000,  03,   27052021,   1018
000000000,  03,   27052021,   1018
000000000,  03,   27052021,   1019
000000000,  03,   27052021,   1019
000000000,  03,   27052021,   1020
000000000,  03,   27052021,   1020
000000000,  03,   27052021,   1020
000000000,  03,   27052021,   1020
000000000,  03,   27052021,   1021
000000000,  03,   27052021,   1021
000000000,  03,   27052021,   1021
000000000,  03,   27052021,   1021
000000000,  03,   27052021,   1021
000000000,  03,   27052021,   1022
000001809,  01,   27052021,   1022
110003994,  01,   27052021,   1022
106000013,  04,   27052021,   1023
000000000,  03,   27052021,   1023
000000000,  03,   27052021,   1023
000000000,  02,   27052021,   1024
110004004,  01,   27052021,   1026
000000000,  01,   27052021,   1027
106000013,  02,   27052021,   1035
106000013,  04,   27052021,   1035
110004004,  01,   27052021,   1038
000001809,  04,   27052021,   1040
000001809,  01,   27052021,   1040
101002738,  04,   27052021,   1047
101002738,  01,   27052021,   1049
101002738,  04,   27052021,   1054
101002738,  01,   27052021,   1055
000000000,  01,   27052021,   1058
104000467,  03,   27052021,   1058
104000349,  01,   27052021,   1059
104000343,  01,   27052021,   1101
106000013,  04,   27052021,   1105
104000222,  01,   27052021,   1107
106000013,  01,   27052021,   1107
104000006,  04,   27052021,   1112
104000467,  03,   27052021,   1114
110001868,  03,   27052021,   1118
103024303,  01,   27052021,   1118
104000006,  04,   27052021,   1119
000000000,  01,   27052021,   1120
104000297,  03,   27052021,   1123
103024303,  01,   27052021,   1123
000000000,  02,   27052021,   1124
000000000,  01,   27052021,   1124
103024303,  02,   27052021,   1125
000001809,  04,   27052021,   1125
103024303,  01,   27052021,   1127
000001809,  01,   27052021,   1127
104000338,  03,   27052021,   1135
101001321,  01,   27052021,   1137
101001321,  01,   27052021,   1137
106000013,  01,   27052021,   1137
106000013,  04,   27052021,   1137
104000095,  03,   27052021,   1138
000001809,  01,   27052021,   1139
000000000,  02,   27052021,   1140
000000000,  02,   27052021,   1140
101002738,  04,   27052021,   1140
000000000,  01,   27052021,   1143
110001870,  01,   27052021,   1155
110001870,  04,   27052021,   1155
104000272,  03,   27052021,   1156
104000343,  01,   27052021,   1156
000000000,  01,   27052021,   1157
110001870,  01,   27052021,   1158
110001870,  01,   27052021,   1158
104000272,  03,   27052021,   1209
101001321,  01,   27052021,   1218
103024303,  01,   27052021,   1219
104000343,  01,   27052021,   1223
104000046,  01,   27052021,   1228
000000000,  02,   27052021,   1231
104000046,  01,   27052021,   1233
104000338,  03,   27052021,   1255
104000006,  04,   27052021,   1256
104000349,  01,   27052021,   1300
106000128,  02,   27052021,   1301
104000006,  04,   27052021,   1302
000000000,  02,   27052021,   1303
000000000,  02,   27052021,   1303
104000343,  04,   27052021,   1307
000000000,  01,   27052021,   1308
101001320,  01,   27052021,   1309
000000000,  01,   27052021,   1313
104000047,  01,   27052021,   1314
000000000,  01,   27052021,   1315
000000000,  01,   27052021,   1319
104000343,  04,   27052021,   1327
104000343,  01,   27052021,   1330
104000343,  01,   27052021,   1332
104000349,  01,   27052021,   1344
000000000,  01,   27052021,   1346
104000043,  01,   27052021,   1351
110003994,  01,   27052021,   1359
110003994,  01,   27052021,   1400
110003994,  01,   27052021,   1400
106000013,  04,   27052021,   1402
110003994,  01,   27052021,   1402
110003994,  01,   27052021,   1402
106000013,  01,   27052021,   1404
110001870,  01,   27052021,   1415
110001870,  01,   27052021,   1419
110001870,  01,   27052021,   1419
103025488,  02,   27052021,   1421
103025488,  04,   27052021,   1421
110001870,  01,   27052021,   1427
103025488,  03,   27052021,   1428
103025488,  03,   27052021,   1428
104000006,  04,   27052021,   1429
103025488,  03,   27052021,   1429
104000006,  04,   27052021,   1433
104000272,  03,   27052021,   1435
101002738,  04,   27052021,   1436
101002738,  01,   27052021,   1439
101002738,  04,   27052021,   1440
101002738,  01,   27052021,   1440
104000272,  03,   27052021,   1450
103024303,  01,   27052021,   1457
000000000,  01,   27052021,   1504
103024303,  01,   27052021,   1506
106000013,  04,   27052021,   1507
106000013,  01,   27052021,   1507
110003994,  01,   27052021,   1514
110003994,  01,   27052021,   1518
110004004,  01,   27052021,   1523
104000272,  03,   27052021,   1523
000000000,  04,   27052021,   1531
000000000,  04,   27052021,   1531
000000000,  04,   27052021,   1531
000000000,  04,   27052021,   1531
000000000,  04,   27052021,   1531
000000000,  04,   27052021,   1531
106000013,  04,   27052021,   1531
110004004,  01,   27052021,   1532
104000239,  02,   27052021,   1533
106000013,  01,   27052021,   1534
106000013,  01,   27052021,   1534
104000239,  04,   27052021,   1534
000000000,  03,   27052021,   1538
000000000,  03,   27052021,   1538
106000013,  01,   27052021,   1538
000000000,  03,   27052021,   1540
000000000,  01,   27052021,   1541
104000272,  04,   27052021,   1541
104000360,  01,   27052021,   1541
104000043,  01,   27052021,   1543
000000000,  03,   27052021,   1544
000000000,  03,   27052021,   1544
000000000,  03,   27052021,   1545
000000000,  03,   27052021,   1546
000000000,  01,   27052021,   1546
104000052,  03,   27052021,   1546
000000000,  03,   27052021,   1546
104000222,  01,   27052021,   1547
104000360,  01,   27052021,   1548
104000272,  04,   27052021,   1548
000000000,  03,   27052021,   1548
000000000,  03,   27052021,   1549
000000000,  03,   27052021,   1550
000000000,  03,   27052021,   1550
000000000,  03,   27052021,   1550
000000000,  03,   27052021,   1550
000000000,  03,   27052021,   1550
000000000,  03,   27052021,   1550
000000000,  03,   27052021,   1550
000000000,  03,   27052021,   1550
104000349,  01,   27052021,   1550
101001320,  01,   27052021,   1551
000000000,  03,   27052021,   1553
000000000,  03,   27052021,   1553
104000239,  03,   27052021,   1554
000000000,  01,   27052021,   1559
104000285,  01,   27052021,   1600
000000000,  03,   27052021,   1600
000000000,  03,   27052021,   1606
104000042,  01,   27052021,   1606
104000047,  01,   27052021,   1607
104000047,  01,   27052021,   1608
000000000,  03,   27052021,   1615
106000013,  03,   27052021,   1616
000000000,  03,   27052021,   1616
000000000,  03,   27052021,   1621
000000000,  03,   27052021,   1622
104000008,  03,   27052021,   1622
000000000,  01,   27052021,   1626
000000000,  03,   27052021,   1630
104000006,  04,   27052021,   1634
104000006,  04,   27052021,   1639
000000000,  01,   27052021,   1641
000000000,  03,   27052021,   1646
000000000,  03,   27052021,   1646
000000000,  04,   27052021,   1647
000000000,  03,   27052021,   1648
104000334,  01,   27052021,   1651
000000000,  03,   27052021,   1652
000000000,  03,   27052021,   1652
000000000,  03,   27052021,   1652
000000000,  03,   27052021,   1652
000000017,  03,   27052021,   1653
000000000,  03,   27052021,   1653
000000000,  03,   27052021,   1653
000000000,  03,   27052021,   1653
000000000,  03,   27052021,   1653
000000017,  03,   27052021,   1654
000000000,  03,   27052021,   1654
000000000,  03,   27052021,   1654
000000000,  03,   27052021,   1654
000000000,  03,   27052021,   1654
000000000,  03,   27052021,   1654
000000000,  03,   27052021,   1654
000000000,  03,   27052021,   1654
000000000,  03,   27052021,   1655
000000000,  03,   27052021,   1655
000000000,  03,   27052021,   1655
000000000,  03,   27052021,   1656
000000000,  03,   27052021,   1657
000000000,  03,   27052021,   1658
000000000,  03,   27052021,   1658
000000000,  03,   27052021,   1658
000000000,  03,   27052021,   1659
000000000,  03,   27052021,   1659
000000000,  01,   27052021,   1700
000000000,  03,   27052021,   1700
000000000,  03,   27052021,   1700
000000000,  03,   27052021,   1700
000000000,  03,   27052021,   1700
000000000,  03,   27052021,   1700
000000000,  03,   27052021,   1700
000000000,  03,   27052021,   1700
103024303,  01,   27052021,   1703
104000222,  01,   27052021,   1704
000000000,  03,   27052021,   1706
000000000,  03,   27052021,   1706
000000000,  03,   27052021,   1706
000000000,  03,   27052021,   1706
000000000,  03,   27052021,   1708
104000046,  01,   27052021,   1719
104000046,  01,   27052021,   1719
000000000,  01,   27052021,   1720
000000000,  01,   27052021,   1721
103024303,  01,   27052021,   1723
000000000,  01,   27052021,   1727
000000000,  03,   27052021,   1730
103024303,  01,   27052021,   1731
000000000,  03,   27052021,   1732
000000000,  03,   27052021,   1734
000000000,  03,   27052021,   1734
000000000,  03,   27052021,   1735
104000274,  03,   27052021,   1736
106000013,  03,   27052021,   1736
000000000,  03,   27052021,   1737
000000000,  03,   27052021,   1737
000000000,  03,   27052021,   1737
000000000,  03,   27052021,   1737
000000000,  03,   27052021,   1737
000000000,  03,   27052021,   1738
000000000,  03,   27052021,   1738
000000000,  03,   27052021,   1738
000000000,  03,   27052021,   1738
000000000,  03,   27052021,   1738
000000000,  03,   27052021,   1738
000000000,  03,   27052021,   1739
000000000,  03,   27052021,   1739
104000046,  01,   27052021,   1739
104000099,  03,   27052021,   1740
000000000,  03,   27052021,   1742
000000000,  03,   27052021,   1743
000000000,  03,   27052021,   1744
000000000,  03,   27052021,   1745
000000000,  03,   27052021,   1745
000000000,  03,   27052021,   1748
104000099,  03,   27052021,   1748
000000000,  03,   27052021,   1749
000000000,  03,   27052021,   1749
000000000,  03,   27052021,   1752
000000000,  03,   27052021,   1753
000000000,  03,   27052021,   1753
000000000,  03,   27052021,   1753
000000000,  03,   27052021,   1753
104000270,  03,   27052021,   1759
104000040,  01,   27052021,   1800
104000285,  01,   27052021,   1800
104000043,  01,   27052021,   1800
104000338,  03,   27052021,   1801
104000006,  03,   27052021,   1801
104000272,  03,   27052021,   1801
104000277,  03,   27052021,   1801
104000111,  01,   27052021,   1801
101001320,  01,   27052021,   1801
110004004,  01,   27052021,   1801
104000098,  03,   27052021,   1803
104000099,  03,   27052021,   1803
104000011,  03,   27052021,   1803
104000009,  03,   27052021,   1804
104000005,  03,   27052021,   1804
104000004,  03,   27052021,   1805
104000273,  03,   27052021,   1806
104000273,  03,   27052021,   1808
104000244,  03,   27052021,   1808
000000000,  01,   27052021,   1809
103024303,  01,   27052021,   1815
104000008,  03,   27052021,   1817
104000008,  03,   27052021,   1818
104000052,  03,   27052021,   1825
000000000,  01,   27052021,   1848
103024303,  01,   27052021,   1859
104000297,  03,   27052021,   1917
104000046,  01,   27052021,   1921
104000467,  03,   27052021,   1924
104000047,  01,   27052021,   1927
104000048,  01,   27052021,   1927
104000360,  01,   27052021,   1927
104000112,  01,   27052021,   1927
110003994,  01,   27052021,   1927
104000349,  01,   27052021,   1928
000000000,  01,   27052021,   1930
103024303,  01,   27052021,   1931
103024303,  01,   27052021,   1933
000000000,  02,   27052021,   1944
107000197,  04,   27052021,   1947
107000197,  02,   27052021,   1947
104000088,  03,   27052021,   1949
107000157,  02,   27052021,   1950
103025489,  03,   27052021,   1955
101002738,  04,   27052021,   1956
000000000,  03,   27052021,   2033
000000000,  03,   27052021,   2033
000000000,  03,   27052021,   2033
000000000,  03,   27052021,   2033
000000000,  03,   27052021,   2034
000000000,  03,   27052021,   2034
000000000,  03,   27052021,   2034
000000000,  03,   27052021,   2034
101002738,  03,   27052021,   2059
000000000,  03,   27052021,   2104
101002738,  03,   27052021,   2105
000000000,  03,   27052021,   2106
000000000,  03,   27052021,   2108
000000000,  03,   27052021,   2108
000000000,  03,   27052021,   2108
000000000,  03,   27052021,   2108
000000000,  03,   27052021,   2108
000000000,  03,   27052021,   2109
000000000,  03,   27052021,   2109
000000000,  03,   27052021,   2113
000000000,  03,   27052021,   2114
000000000,  03,   27052021,   2114
000000000,  03,   27052021,   2114
000000000,  03,   27052021,   2114
000000000,  03,   27052021,   2114
000000000,  03,   27052021,   2114
000000000,  03,   27052021,   2114
000000000,  03,   27052021,   2115
000000000,  03,   27052021,   2115
000000000,  03,   27052021,   2115
000000000,  03,   27052021,   2115
000000000,  03,   27052021,   2115
000000000,  03,   27052021,   2115
000000000,  03,   27052021,   2115
000000000,  03,   27052021,   2115
000000000,  03,   27052021,   2115
000000000,  03,   27052021,   2116
000000000,  03,   27052021,   2116
000000000,  03,   27052021,   2116
000000000,  03,   27052021,   2116
000000000,  03,   27052021,   2116
000000000,  03,   27052021,   2116
000000000,  03,   27052021,   2117
000000000,  03,   27052021,   2118
000000000,  03,   27052021,   2118
000000000,  03,   27052021,   2118
000000000,  03,   27052021,   2119
000000000,  03,   27052021,   2119
000000000,  03,   27052021,   2120
000000000,  03,   27052021,   2121
000000000,  03,   27052021,   2121
000000000,  03,   27052021,   2121
000000000,  03,   27052021,   2121
000000000,  03,   27052021,   2126
000000000,  03,   27052021,   2131
104000095,  03,   27052021,   2133
101002738,  03,   27052021,   2134
000000000,  03,   27052021,   2135
000000000,  03,   27052021,   2136
000000000,  03,   27052021,   2136
000000000,  03,   27052021,   2137
000000000,  03,   27052021,   2137
000000000,  03,   27052021,   2137
000000000,  03,   27052021,   2137
000000000,  03,   27052021,   2139
000000000,  03,   27052021,   2140
000000000,  03,   27052021,   2140
000000000,  03,   27052021,   2140
000000000,  03,   27052021,   2140
000000000,  03,   27052021,   2142
000000000,  03,   27052021,   2143
000000000,  03,   27052021,   2143
000000000,  03,   27052021,   2143
000000000,  03,   27052021,   2143
000000000,  03,   27052021,   2143
000000000,  03,   27052021,   2143
000000000,  03,   27052021,   2144
000000000,  03,   27052021,   2144
000000000,  03,   27052021,   2144
000000000,  03,   27052021,   2144
000000000,  03,   27052021,   2144
000000000,  03,   27052021,   2144
000000000,  03,   27052021,   2145
000000000,  03,   27052021,   2145
000000000,  03,   27052021,   2145
000000000,  03,   28052021,   0105
000000000,  03,   28052021,   0105
000000000,  03,   28052021,   0106
000000000,  03,   28052021,   0106
000000000,  03,   28052021,   0106
000000000,  03,   28052021,   0258
000000000,  03,   28052021,   0258
000000000,  03,   28052021,   0258
000000000,  03,   28052021,   0258
000000000,  03,   28052021,   0258
000000000,  03,   28052021,   0259
000000000,  03,   28052021,   0259
000000000,  03,   28052021,   0259
000000000,  03,   28052021,   0259
000000000,  03,   28052021,   0259
000000000,  03,   28052021,   0259
000000000,  03,   28052021,   0259
000000000,  03,   28052021,   0300
000000000,  03,   28052021,   0300
000000000,  03,   28052021,   1251
000000000,  03,   28052021,   1252
000000000,  03,   28052021,   1252
000000000,  03,   28052021,   1252
000000000,  03,   28052021,   1252
000000000,  03,   28052021,   1252
000000000,  03,   28052021,   1255
000000000,  03,   28052021,   1255
000000000,  03,   28052021,   1256
000000000,  03,   28052021,   1256
000000000,  03,   28052021,   1256
000000000,  03,   28052021,   1316
000000000,  03,   28052021,   1323
000000000,  03,   28052021,   1324
000000000,  03,   28052021,   1326
000000000,  03,   28052021,   1326
000000000,  03,   28052021,   1327
000000000,  03,   28052021,   1328
000000000,  03,   28052021,   1332
000000000,  03,   28052021,   1335
000000000,  03,   28052021,   1336
000000000,  03,   28052021,   1336
000000000,  03,   28052021,   1337
000000000,  03,   28052021,   1337
000000000,  03,   28052021,   1339
000000000,  03,   28052021,   1339
000000000,  03,   28052021,   1627
000000000,  03,   28052021,   1903
000000000,  03,   29052021,   0206
000000000,  03,   29052021,   0206
000000000,  03,   29052021,   0206
000000000,  03,   29052021,   0207
000000000,  03,   29052021,   0219
000000000,  03,   29052021,   0233
000000000,  03,   29052021,   0233
000000000,  03,   29052021,   0235
000000000,  03,   29052021,   0341
000000000,  03,   29052021,   0646
000000000,  03,   29052021,   0646
000000000,  03,   29052021,   0646
000000000,  03,   29052021,   0647
000000000,  03,   29052021,   0649
000000000,  03,   29052021,   0649
000000000,  03,   29052021,   0649
000000000,  03,   29052021,   0650
000000000,  03,   29052021,   0650
000000000,  03,   29052021,   0650
000000000,  03,   29052021,   0650
000000000,  03,   29052021,   0651
000000000,  03,   29052021,   0651
000000000,  03,   29052021,   0652
000000000,  03,   29052021,   0652
000000000,  03,   29052021,   0652
000000000,  03,   29052021,   0653
000000000,  03,   29052021,   0653
000000000,  03,   29052021,   0657
000000000,  03,   29052021,   0657
000000000,  03,   29052021,   0658
000000000,  03,   29052021,   0659
000000000,  03,   29052021,   0659
000000000,  03,   29052021,   0700
000000000,  03,   29052021,   0702
000000000,  03,   29052021,   0706
000000000,  03,   29052021,   0707
000000000,  03,   29052021,   0711
000000000,  03,   29052021,   0711
000000000,  03,   29052021,   0714
000000000,  03,   29052021,   0730
000000000,  03,   29052021,   0731
000000000,  03,   29052021,   0733
000000000,  03,   29052021,   0734
000000000,  03,   29052021,   0734
000000000,  03,   29052021,   0735
000000000,  03,   29052021,   0736
101002738,  04,   29052021,   0744
101002738,  03,   29052021,   0744
103025489,  03,   29052021,   0745
103025489,  03,   29052021,   0745
101002738,  05,   29052021,   0747
106000013,  03,   29052021,   0752
106000013,  03,   29052021,   0752
103024303,  04,   29052021,   0755
103024303,  03,   29052021,   0755
103024303,  01,   29052021,   0758
000000000,  03,   29052021,   0812
103025488,  03,   29052021,   0820
000000000,  03,   29052021,   0823
104000088,  03,   29052021,   0830
106000013,  04,   29052021,   0842
106000013,  01,   29052021,   0844
104000274,  03,   29052021,   0857
107000157,  02,   29052021,   0901
104000285,  01,   29052021,   0904
104000041,  01,   29052021,   0904
104000040,  01,   29052021,   0904
104000338,  03,   29052021,   0904
110004004,  01,   29052021,   0907
104000043,  01,   29052021,   0907
000000000,  01,   29052021,   0912
104000277,  03,   29052021,   0914
104000272,  03,   29052021,   0914
104000005,  03,   29052021,   0914
104000004,  03,   29052021,   0914
104000005,  05,   29052021,   0914
104000111,  01,   29052021,   0914
104000099,  03,   29052021,   0914
104000098,  03,   29052021,   0914
104000237,  03,   29052021,   0916
104000237,  03,   29052021,   0916
107000157,  02,   29052021,   0917
104000047,  01,   29052021,   0923
104000048,  01,   29052021,   0923
104000334,  01,   29052021,   0923
104000112,  01,   29052021,   0923
104000360,  01,   29052021,   0923
104000046,  01,   29052021,   0923
104000270,  03,   29052021,   0923
110001868,  03,   29052021,   0925
106000013,  01,   29052021,   0936
106000013,  04,   29052021,   0939
000001802,  01,   29052021,   0943
104000273,  03,   29052021,   0945
000001802,  04,   29052021,   0953
000000000,  01,   29052021,   0954
110001870,  01,   29052021,   1005
110001870,  01,   29052021,   1005
104000239,  03,   29052021,   1016
104000008,  03,   29052021,   1016
104000006,  03,   29052021,   1016
104000006,  03,   29052021,   1016
104000222,  01,   29052021,   1018
106000013,  04,   29052021,   1022
000000000,  02,   29052021,   1023
106000013,  02,   29052021,   1029
106000013,  04,   29052021,   1030
110001870,  01,   29052021,   1033
110001870,  01,   29052021,   1042
000000000,  01,   29052021,   1048
104000042,  01,   29052021,   1053
104000349,  01,   29052021,   1057
106000013,  04,   29052021,   1057
107000231,  02,   29052021,   1059
107000231,  04,   29052021,   1059
106000013,  01,   29052021,   1100
104000467,  03,   29052021,   1105
110004004,  01,   29052021,   1114
104000343,  01,   29052021,   1115
104000095,  03,   29052021,   1119
106000013,  01,   29052021,   1122
106000013,  04,   29052021,   1123
104000297,  03,   29052021,   1123
110004004,  01,   29052021,   1124
107000231,  04,   29052021,   1125
107000231,  04,   29052021,   1131
104000043,  01,   29052021,   1134
110001870,  01,   29052021,   1137
101001320,  01,   29052021,   1139
000000000,  01,   29052021,   1143
101002738,  04,   29052021,   1147
000000000,  02,   29052021,   1148
000000000,  01,   29052021,   1149
101002738,  02,   29052021,   1149
104000222,  01,   29052021,   1149
000000000,  01,   29052021,   1150
101002738,  01,   29052021,   1151
104000043,  01,   29052021,   1151
104000343,  04,   29052021,   1152
101002738,  04,   29052021,   1152
101002738,  01,   29052021,   1153
104000343,  01,   29052021,   1154
104000046,  01,   29052021,   1156
104000046,  01,   29052021,   1157
104000272,  04,   29052021,   1204
104000006,  04,   29052021,   1205
000000000,  01,   29052021,   1207
109000009,  02,   29052021,   1208
109000009,  04,   29052021,   1209
104000272,  04,   29052021,   1210
109000009,  04,   29052021,   1212
107000197,  02,   29052021,   1214
107000197,  04,   29052021,   1214
109000009,  01,   29052021,   1214
000000000,  01,   29052021,   1216
104000046,  01,   29052021,   1216
104000047,  01,   29052021,   1217
104000047,  01,   29052021,   1217
104000047,  01,   29052021,   1218
104000047,  01,   29052021,   1229
000000000,  01,   29052021,   1230
103024303,  01,   29052021,   1235
000000000,  03,   29052021,   1235
000000017,  03,   29052021,   1237
104000043,  01,   29052021,   1238
000000017,  03,   29052021,   1239
000000000,  03,   29052021,   1239
000000000,  03,   29052021,   1243
107000231,  04,   29052021,   1313
104000239,  02,   29052021,   1317
104000239,  04,   29052021,   1317
104000041,  01,   29052021,   1318
107000231,  04,   29052021,   1319
000000000,  04,   29052021,   1321
000000000,  01,   29052021,   1322
104000041,  01,   29052021,   1322
107000231,  03,   29052021,   1322
000000000,  01,   29052021,   1331
000000000,  03,   29052021,   1331
103024303,  04,   29052021,   1343
000000000,  01,   29052021,   1344
000000000,  04,   29052021,   1346
000000000,  04,   29052021,   1346
000000000,  04,   29052021,   1346
103024303,  04,   29052021,   1351
101002737,  02,   29052021,   1353
103024303,  01,   29052021,   1353
101002737,  04,   29052021,   1354
107000231,  03,   29052021,   1358
000000000,  01,   29052021,   1401
106000013,  04,   29052021,   1407
104000285,  01,   29052021,   1408
106000013,  01,   29052021,   1409
106000008,  02,   29052021,   1412
104000272,  04,   29052021,   1415
000000000,  02,   29052021,   1418
104000272,  04,   29052021,   1419
101002737,  04,   29052021,   1423
000000000,  02,   29052021,   1424
000000000,  04,   29052021,   1427
000000000,  04,   29052021,   1427
000000000,  04,   29052021,   1427
000000000,  04,   29052021,   1433
000000000,  04,   29052021,   1433
000000000,  04,   29052021,   1433
000000000,  04,   29052021,   1433
106000008,  04,   29052021,   1435
000000000,  02,   29052021,   1439
000000000,  02,   29052021,   1439
000000000,  02,   29052021,   1439
000000000,  02,   29052021,   1439
106000008,  02,   29052021,   1445
000000000,  02,   29052021,   1446
000000000,  02,   29052021,   1446
000000000,  02,   29052021,   1446
000000000,  02,   29052021,   1446
000000000,  02,   29052021,   1446
104000006,  04,   29052021,   1451
104000343,  01,   29052021,   1455
104000467,  03,   29052021,   1456
104000006,  04,   29052021,   1456
000000000,  01,   29052021,   1501
106000013,  04,   29052021,   1505
106000013,  01,   29052021,   1505
000000000,  03,   29052021,   1511
103024303,  01,   29052021,   1512
000000000,  03,   29052021,   1514
000000000,  03,   29052021,   1515
000000000,  01,   29052021,   1517
104000360,  01,   29052021,   1517
000000000,  01,   29052021,   1517
107000185,  02,   29052021,   1518
000000000,  01,   29052021,   1518
000000000,  02,   29052021,   1519
107000231,  04,   29052021,   1528
104000360,  01,   29052021,   1529
107000231,  04,   29052021,   1534
110004004,  01,   29052021,   1537
107000197,  02,   29052021,   1537
107000197,  04,   29052021,   1537
106000013,  04,   29052021,   1538
104000222,  01,   29052021,   1539
000000000,  01,   29052021,   1539
106000013,  01,   29052021,   1540
106000013,  01,   29052021,   1546
110004004,  01,   29052021,   1546
104000467,  03,   29052021,   1552
000000000,  02,   29052021,   1601
000050745,  02,   29052021,   1601
104000467,  04,   29052021,   1604
000000000,  02,   29052021,   1605
104000467,  02,   29052021,   1609
104000467,  04,   29052021,   1609
107000197,  02,   29052021,   1610
107000197,  04,   29052021,   1610
104000343,  01,   29052021,   1610
000000000,  01,   29052021,   1615
104000343,  01,   29052021,   1617
000000000,  01,   29052021,   1622
000000000,  01,   29052021,   1624
104000006,  04,   29052021,   1629
104000006,  04,   29052021,   1629
101002738,  01,   29052021,   1630
104000272,  03,   29052021,   1631
101002738,  04,   29052021,   1633
101002738,  01,   29052021,   1633
104000006,  04,   29052021,   1633
000000000,  01,   29052021,   1639
104000285,  01,   29052021,   1646
103025488,  01,   29052021,   1647
000000000,  01,   29052021,   1648
106000013,  03,   29052021,   1651
104000222,  01,   29052021,   1705
104000222,  01,   29052021,   1706
107000157,  02,   29052021,   1707
104000042,  01,   29052021,   1708
000000000,  04,   29052021,   1714
000000000,  04,   29052021,   1714
104000005,  05,   29052021,   1717
104000334,  01,   29052021,   1733
104000334,  01,   29052021,   1735
104000052,  01,   29052021,   1737
107000231,  04,   29052021,   1741
000000000,  01,   29052021,   1743
104000343,  01,   29052021,   1744
104000349,  01,   29052021,   1744
107000231,  04,   29052021,   1749
104000270,  03,   29052021,   1800
104000338,  03,   29052021,   1800
107000231,  03,   29052021,   1801
104000099,  03,   29052021,   1802
104000274,  03,   29052021,   1802
104000285,  01,   29052021,   1803
110004004,  01,   29052021,   1803
104000040,  01,   29052021,   1804
104000273,  03,   29052021,   1805
104000237,  03,   29052021,   1805
110001868,  03,   29052021,   1805
104000239,  03,   29052021,   1805
104000111,  01,   29052021,   1806
104000008,  03,   29052021,   1808
104000006,  03,   29052021,   1808
104000098,  03,   29052021,   1808
104000272,  03,   29052021,   1809
104000004,  03,   29052021,   1809
104000008,  03,   29052021,   1809
104000005,  03,   29052021,   1813
103025488,  03,   29052021,   1813
103025488,  03,   29052021,   1813
000000000,  01,   29052021,   1821
104000297,  03,   29052021,   1823
104000088,  03,   29052021,   1836
103025489,  03,   29052021,   1840
104000046,  01,   29052021,   1840
104000046,  01,   29052021,   1846
103024303,  01,   29052021,   1849
104000047,  01,   29052021,   1859
104000048,  01,   29052021,   1859
104000046,  01,   29052021,   1900
104000112,  01,   29052021,   1901
104000360,  01,   29052021,   1902
104000334,  01,   29052021,   1903
000000000,  03,   29052021,   1905
000000000,  01,   29052021,   1911
103024303,  01,   29052021,   1912
103024303,  01,   29052021,   1917
101002738,  03,   29052021,   1918
103024303,  01,   29052021,   1919
103024303,  01,   29052021,   1919
000000000,  03,   29052021,   1920
104000095,  03,   29052021,   1955
104000277,  03,   29052021,   1955
101002738,  04,   29052021,   1957
104000467,  03,   29052021,   2000
101002738,  03,   29052021,   2005
101002738,  04,   30052021,   0735
101002738,  03,   30052021,   0735
101002738,  05,   30052021,   0738
103025489,  03,   30052021,   0742
106000013,  03,   30052021,   0749
106000013,  03,   30052021,   0749
000000000,  03,   30052021,   0805
103024303,  03,   30052021,   0805
103024303,  03,   30052021,   0805
000000000,  03,   30052021,   0806
103024303,  04,   30052021,   0806
103024303,  01,   30052021,   0809
103025488,  03,   30052021,   0812
000000000,  03,   30052021,   0820
000000000,  02,   30052021,   0825
104000088,  03,   30052021,   0826
000000000,  03,   30052021,   0826
106000013,  04,   30052021,   0835
107000157,  02,   30052021,   0835
106000013,  01,   30052021,   0837
101001321,  01,   30052021,   0845
101001320,  01,   30052021,   0900
104000274,  03,   30052021,   0908
104000040,  01,   30052021,   0915
110004004,  01,   30052021,   0915
104000043,  01,   30052021,   0915
104000285,  01,   30052021,   0915
104000048,  01,   30052021,   0915
104000360,  01,   30052021,   0915
104000041,  01,   30052021,   0915
104000112,  01,   30052021,   0915
104000047,  01,   30052021,   0915
104000046,  01,   30052021,   0916
104000338,  03,   30052021,   0916
104000358,  01,   30052021,   0921
104000111,  01,   30052021,   0921
104000237,  03,   30052021,   0921
104000099,  03,   30052021,   0921
104000098,  03,   30052021,   0921
104000467,  03,   30052021,   0923
000001809,  01,   30052021,   0926
104000277,  03,   30052021,   0932
104000277,  03,   30052021,   0932
104000272,  03,   30052021,   0932
104000005,  03,   30052021,   0932
104000009,  03,   30052021,   0932
000000000,  03,   30052021,   0932
104000004,  03,   30052021,   0932
104000011,  03,   30052021,   0932
000000000,  03,   30052021,   0932
104000005,  05,   30052021,   0933
000000000,  03,   30052021,   0933
110001868,  03,   30052021,   0933
101002738,  04,   30052021,   0933
000000000,  02,   30052021,   0934
000000000,  02,   30052021,   0934
000000000,  02,   30052021,   0934
101002738,  02,   30052021,   0935
104000008,  03,   30052021,   0935
104000239,  03,   30052021,   0935
104000244,  03,   30052021,   0935
104000273,  03,   30052021,   0935
000000000,  03,   30052021,   0936
106000013,  04,   30052021,   0937
000000000,  03,   30052021,   0937
000000000,  03,   30052021,   0937
106000013,  01,   30052021,   0937
000000000,  03,   30052021,   0937
101002738,  01,   30052021,   0938
101002738,  04,   30052021,   0938
000000000,  03,   30052021,   0938
000000000,  03,   30052021,   0938
000000000,  03,   30052021,   0939
000000000,  03,   30052021,   0939
000000000,  03,   30052021,   0939
000000000,  03,   30052021,   0939
101002738,  01,   30052021,   0939
000000000,  03,   30052021,   0939
000000000,  03,   30052021,   0940
000000000,  03,   30052021,   0940
000000000,  03,   30052021,   0940
000000000,  03,   30052021,   0941
000000000,  03,   30052021,   0941
000000000,  03,   30052021,   0942
000000000,  03,   30052021,   0942
000000000,  03,   30052021,   0942
000000000,  03,   30052021,   0942
104000343,  01,   30052021,   0943
000000000,  03,   30052021,   0943
104000006,  03,   30052021,   0943
000000000,  03,   30052021,   0943
000000000,  03,   30052021,   0944
000000000,  01,   30052021,   0952
101002738,  04,   30052021,   0955
000001809,  04,   30052021,   0959
000001809,  01,   30052021,   1000
101002738,  04,   30052021,   1005
000000000,  01,   30052021,   1005
000000000,  01,   30052021,   1017
110003994,  01,   30052021,   1017
103024303,  04,   30052021,   1019
106000013,  04,   30052021,   1020
000000000,  01,   30052021,   1020
103024303,  01,   30052021,   1021
000000000,  02,   30052021,   1022
000000000,  01,   30052021,   1025
000001809,  04,   30052021,   1027
000001809,  01,   30052021,   1029
106000013,  02,   30052021,   1030
106000013,  04,   30052021,   1030
101001320,  01,   30052021,   1032
110001870,  01,   30052021,   1035
110001870,  01,   30052021,   1035
104000042,  01,   30052021,   1037
000000000,  01,   30052021,   1042
104000349,  01,   30052021,   1044
104000349,  01,   30052021,   1044
104000222,  01,   30052021,   1044
000001809,  04,   30052021,   1050
000001809,  01,   30052021,   1051
104000467,  03,   30052021,   1052
000001809,  04,   30052021,   1053
000001809,  01,   30052021,   1055
110003994,  04,   30052021,   1056
110003994,  01,   30052021,   1057
110003994,  04,   30052021,   1057
110003994,  01,   30052021,   1100
104000006,  04,   30052021,   1102
106000013,  04,   30052021,   1103
104000095,  03,   30052021,   1105
106000013,  01,   30052021,   1105
104000467,  03,   30052021,   1106
104000006,  04,   30052021,   1108
104000297,  03,   30052021,   1111
106000013,  04,   30052021,   1115
106000013,  01,   30052021,   1115
000000000,  01,   30052021,   1116
104000338,  03,   30052021,   1116
104000343,  04,   30052021,   1116
104000343,  01,   30052021,   1119
104000334,  01,   30052021,   1121
104000334,  01,   30052021,   1121
104000334,  01,   30052021,   1121
110004004,  01,   30052021,   1122
104000043,  01,   30052021,   1127
101002738,  01,   30052021,   1130
104000274,  03,   30052021,   1134
104000274,  03,   30052021,   1135
000000000,  03,   30052021,   1138
000000000,  03,   30052021,   1138
000000000,  03,   30052021,   1139
000000000,  03,   30052021,   1139
000000000,  03,   30052021,   1139
000000000,  03,   30052021,   1140
000000000,  03,   30052021,   1140
000000000,  03,   30052021,   1140
000000000,  03,   30052021,   1140
101002738,  01,   30052021,   1142
110004004,  01,   30052021,   1143
104000274,  03,   30052021,   1144
104000046,  01,   30052021,   1147
104000046,  01,   30052021,   1148
104000046,  01,   30052021,   1148
000000000,  01,   30052021,   1150
000000000,  03,   30052021,   1152
000000000,  03,   30052021,   1153
000000000,  03,   30052021,   1153
000001809,  04,   30052021,   1155
000001809,  01,   30052021,   1155
000000017,  04,   30052021,   1159
