000000000,  03,   27072021,   0603
000000000,  03,   27072021,   0605
000000000,  03,   27072021,   0608
000000000,  03,   27072021,   0608
000000000,  03,   27072021,   0610
000000000,  03,   27072021,   0612
000000000,  03,   27072021,   0701
101002738,  04,   27072021,   0743
101002738,  03,   27072021,   0743
101002738,  05,   27072021,   0746
103025489,  03,   27072021,   0751
106000013,  03,   27072021,   0756
000000000,  03,   27072021,   0809
103025488,  03,   27072021,   0812
103024303,  03,   27072021,   0817
103024303,  03,   27072021,   0818
103024303,  01,   27072021,   0819
000000000,  03,   27072021,   0827
106000013,  04,   27072021,   0838
106000013,  04,   27072021,   0840
106000013,  01,   27072021,   0843
104000009,  03,   27072021,   0900
104000005,  03,   27072021,   0900
104000011,  03,   27072021,   0900
104000088,  03,   27072021,   0906
104000360,  01,   27072021,   0914
104000048,  01,   27072021,   0914
104000047,  01,   27072021,   0914
104000112,  01,   27072021,   0914
104000270,  03,   27072021,   0914
000000000,  01,   27072021,   0926
106000013,  01,   27072021,   0926
106000013,  04,   27072021,   0926
103024303,  01,   27072021,   0927
104000285,  01,   27072021,   0931
104000343,  01,   27072021,   0931
104000041,  01,   27072021,   0931
104000043,  01,   27072021,   0931
104000040,  01,   27072021,   0931
104000338,  03,   27072021,   0932
104000338,  05,   27072021,   0932
104000273,  03,   27072021,   0937
103024303,  04,   27072021,   0950
000000000,  02,   27072021,   0951
000000000,  01,   27072021,   0951
000000000,  02,   27072021,   0951
000000000,  02,   27072021,   0951
000000000,  02,   27072021,   0951
000000000,  02,   27072021,   0952
104000047,  01,   27072021,   0953
103024303,  01,   27072021,   0954
107000157,  02,   27072021,   0956
000000000,  01,   27072021,   1003
107000157,  02,   27072021,   1003
104000047,  01,   27072021,   1004
104000004,  03,   27072021,   1005
104000277,  03,   27072021,   1005
104000272,  03,   27072021,   1005
104000095,  03,   27072021,   1024
110001870,  01,   27072021,   1029
107000197,  02,   27072021,   1031
107000197,  04,   27072021,   1031
104000222,  01,   27072021,   1036
106000013,  04,   27072021,   1037
106000013,  02,   27072021,   1038
106000013,  02,   27072021,   1042
104000111,  01,   27072021,   1044
104000358,  01,   27072021,   1044
104000099,  03,   27072021,   1044
104000237,  03,   27072021,   1046
107000197,  02,   27072021,   1048
107000197,  04,   27072021,   1048
110003994,  01,   27072021,   1105
104000008,  03,   27072021,   1109
104000239,  03,   27072021,   1109
104000244,  03,   27072021,   1109
104000006,  03,   27072021,   1113
000000000,  02,   27072021,   1118
106000013,  01,   27072021,   1120
106000013,  01,   27072021,   1125
106000013,  04,   27072021,   1133
104000272,  03,   27072021,   1134
000000000,  01,   27072021,   1134
104000040,  01,   27072021,   1143
104000047,  01,   27072021,   1153
104000041,  01,   27072021,   1153
104000042,  01,   27072021,   1154
104000042,  01,   27072021,   1154
104000041,  01,   27072021,   1155
104000041,  01,   27072021,   1156
000000000,  01,   27072021,   1213
000000000,  02,   27072021,   1213
000000000,  02,   27072021,   1213
000000000,  01,   27072021,   1215
104000047,  01,   27072021,   1219
104000041,  01,   27072021,   1219
110001870,  01,   27072021,   1221
104000041,  01,   27072021,   1226
104000041,  01,   27072021,   1229
104000040,  01,   27072021,   1230
104000237,  02,   27072021,   1236
104000237,  04,   27072021,   1236
000000000,  01,   27072021,   1240
104000006,  04,   27072021,   1241
104000272,  03,   27072021,   1245
104000006,  04,   27072021,   1246
000000000,  04,   27072021,   1253
000000000,  04,   27072021,   1253
000000000,  04,   27072021,   1253
000000000,  04,   27072021,   1253
000000000,  01,   27072021,   1257
000000000,  02,   27072021,   1257
000000000,  02,   27072021,   1257
000000000,  02,   27072021,   1257
000000000,  02,   27072021,   1257
000000000,  02,   27072021,   1257
000000000,  02,   27072021,   1257
000000000,  02,   27072021,   1257
000000000,  02,   27072021,   1257
000000000,  02,   27072021,   1257
000000000,  01,   27072021,   1301
104000095,  03,   27072021,   1307
104000237,  03,   27072021,   1308
104000222,  01,   27072021,   1310
104000272,  05,   27072021,   1325
000000000,  03,   27072021,   1329
000000000,  03,   27072021,   1329
104000004,  05,   27072021,   1339
104000006,  04,   27072021,   1339
104000006,  04,   27072021,   1344
000000000,  03,   27072021,   1351
000000000,  03,   27072021,   1353
104000047,  01,   27072021,   1358
101002738,  04,   27072021,   1401
104000222,  01,   27072021,   1401
101002738,  02,   27072021,   1402
000000000,  03,   27072021,   1404
106000013,  04,   27072021,   1405
101002738,  02,   27072021,   1405
101002738,  04,   27072021,   1406
000000000,  03,   27072021,   1407
106000013,  01,   27072021,   1407
101002737,  02,   27072021,   1407
101002737,  02,   27072021,   1408
104000343,  01,   27072021,   1408
101002737,  04,   27072021,   1408
104000047,  01,   27072021,   1408
101002737,  04,   27072021,   1410
101002737,  02,   27072021,   1410
107000197,  02,   27072021,   1411
107000197,  04,   27072021,   1411
107000197,  04,   27072021,   1411
107000197,  02,   27072021,   1412
000000000,  03,   27072021,   1415
000000000,  03,   27072021,   1416
104000360,  01,   27072021,   1418
104000360,  01,   27072021,   1425
107000157,  02,   27072021,   1428
000000000,  02,   27072021,   1433
104000285,  01,   27072021,   1436
101002738,  04,   27072021,   1439
101002738,  01,   27072021,   1441
101002738,  04,   27072021,   1442
101002738,  01,   27072021,   1442
104000285,  01,   27072021,   1444
000000000,  03,   27072021,   1452
000000000,  01,   27072021,   1500
103024303,  01,   27072021,   1501
000000000,  03,   27072021,   1502
000000000,  01,   27072021,   1505
106000013,  04,   27072021,   1506
106000013,  01,   27072021,   1507
103025488,  03,   27072021,   1511
103025488,  03,   27072021,   1511
103025488,  03,   27072021,   1511
000000000,  01,   27072021,   1521
103024303,  01,   27072021,   1525
101002738,  05,   27072021,   1525
103024303,  01,   27072021,   1525
106000013,  04,   27072021,   1529
104000244,  05,   27072021,   1531
106000013,  01,   27072021,   1532
101002737,  02,   27072021,   1532
101002738,  05,   27072021,   1533
106000013,  01,   27072021,   1533
106000013,  04,   27072021,   1535
104000006,  04,   27072021,   1535
106000013,  02,   27072021,   1536
101002738,  02,   27072021,   1536
106000013,  02,   27072021,   1536
101002738,  04,   27072021,   1537
106000013,  04,   27072021,   1537
000000000,  03,   27072021,   1538
000000000,  03,   27072021,   1538
104000343,  01,   27072021,   1539
000000000,  03,   27072021,   1541
000000000,  03,   27072021,   1541
000000000,  03,   27072021,   1541
104000006,  04,   27072021,   1542
000000000,  03,   27072021,   1543
000000000,  03,   27072021,   1544
000000000,  03,   27072021,   1544
000000000,  03,   27072021,   1544
000000000,  03,   27072021,   1544
000000000,  03,   27072021,   1546
000000000,  03,   27072021,   1547
000000000,  03,   27072021,   1551
000000000,  03,   27072021,   1558
000000000,  03,   27072021,   1558
000000000,  03,   27072021,   1559
000000000,  03,   27072021,   1601
000000000,  03,   27072021,   1602
106000013,  03,   27072021,   1602
103024303,  01,   27072021,   1604
000000000,  03,   27072021,   1604
000000000,  03,   27072021,   1604
000000000,  03,   27072021,   1605
103025489,  03,   27072021,   1609
000000000,  03,   27072021,   1609
000000000,  03,   27072021,   1609
110003994,  01,   27072021,   1610
104000358,  01,   27072021,   1614
104000358,  01,   27072021,   1615
104000358,  01,   27072021,   1618
000000000,  03,   27072021,   1628
000000000,  02,   27072021,   1632
000000000,  03,   27072021,   1642
000000000,  03,   27072021,   1642
000000000,  03,   27072021,   1643
000000000,  01,   27072021,   1647
101002737,  02,   27072021,   1652
000000000,  03,   27072021,   1656
000000000,  01,   27072021,   1659
104000009,  03,   27072021,   1702
104000011,  03,   27072021,   1702
104000005,  03,   27072021,   1702
000000000,  03,   27072021,   1703
103024303,  01,   27072021,   1704
104000338,  03,   27072021,   1705
104000042,  01,   27072021,   1705
000000000,  03,   27072021,   1707
104000343,  01,   27072021,   1709
000000000,  03,   27072021,   1711
104000338,  03,   27072021,   1714
000000000,  02,   27072021,   1718
000000000,  02,   27072021,   1718
000000000,  02,   27072021,   1718
000000000,  02,   27072021,   1718
000000000,  02,   27072021,   1718
104000006,  03,   27072021,   1720
000000000,  03,   27072021,   1720
000000000,  03,   27072021,   1720
000000000,  03,   27072021,   1721
104000244,  03,   27072021,   1727
104000244,  03,   27072021,   1728
104000239,  03,   27072021,   1728
104000111,  01,   27072021,   1728
104000008,  03,   27072021,   1728
104000358,  01,   27072021,   1729
000000000,  03,   27072021,   1732
104000273,  03,   27072021,   1733
000000000,  03,   27072021,   1733
000000000,  03,   27072021,   1734
104000277,  03,   27072021,   1736
104000004,  03,   27072021,   1738
104000338,  03,   27072021,   1738
104000272,  03,   27072021,   1738
101002737,  02,   27072021,   1738
104000041,  01,   27072021,   1738
104000041,  01,   27072021,   1739
104000040,  01,   27072021,   1740
104000285,  01,   27072021,   1740
104000043,  01,   27072021,   1740
104000343,  01,   27072021,   1741
104000088,  03,   27072021,   1743
101002738,  03,   27072021,   1743
104000270,  03,   27072021,   1744
101002738,  05,   27072021,   1744
000000000,  03,   27072021,   1744
000000000,  03,   27072021,   1745
104000270,  03,   27072021,   1745
000000000,  03,   27072021,   1745
000000000,  03,   27072021,   1746
000000000,  03,   27072021,   1747
000000000,  03,   27072021,   1747
101002738,  04,   27072021,   1748
000000000,  03,   27072021,   1749
000000000,  01,   27072021,   1750
103024303,  01,   27072021,   1751
104000048,  01,   27072021,   1751
104000360,  01,   27072021,   1751
104000047,  01,   27072021,   1751
104000112,  01,   27072021,   1751
103024303,  01,   27072021,   1752
101002738,  03,   27072021,   1757
000000000,  02,   27072021,   1758
000000000,  03,   27072021,   1812
000000000,  03,   27072021,   1815
000000000,  03,   27072021,   1816
000000000,  03,   27072021,   1817
000000000,  03,   27072021,   1817
000000000,  03,   27072021,   1820
000000000,  03,   27072021,   1824
107000157,  02,   27072021,   1828
000000000,  03,   27072021,   1832
000000000,  03,   27072021,   1832
000000000,  03,   27072021,   1833
000000000,  03,   27072021,   1833
000000000,  03,   27072021,   1834
000000000,  03,   27072021,   1834
000000000,  03,   27072021,   1834
000000000,  03,   27072021,   1835
000000000,  03,   27072021,   1838
000000000,  03,   27072021,   1844
000000000,  03,   27072021,   1845
000000000,  03,   27072021,   1939
000000000,  03,   27072021,   1944
000000000,  03,   27072021,   1945
000000000,  03,   27072021,   1945
000000000,  03,   27072021,   2022
000000000,  03,   28072021,   0316
000000000,  03,   28072021,   0344
000000000,  03,   28072021,   0409
000000000,  03,   28072021,   0410
000000000,  03,   28072021,   0413
000000000,  03,   28072021,   0415
000000000,  03,   28072021,   0426
101002738,  04,   28072021,   0738
101002738,  03,   28072021,   0738
101002738,  05,   28072021,   0741
106000013,  03,   28072021,   0747
106000013,  03,   28072021,   0747
103025489,  03,   28072021,   0751
000000000,  03,   28072021,   0802
103024303,  03,   28072021,   0809
103024303,  01,   28072021,   0812
103025488,  03,   28072021,   0824
000000000,  03,   28072021,   0827
000000000,  03,   28072021,   0838
000000000,  03,   28072021,   0838
000000000,  03,   28072021,   0838
000000000,  03,   28072021,   0839
000000000,  03,   28072021,   0839
106000013,  04,   28072021,   0841
000000000,  03,   28072021,   0843
106000013,  01,   28072021,   0844
104000272,  03,   28072021,   0901
104000277,  03,   28072021,   0901
104000009,  03,   28072021,   0901
104000004,  03,   28072021,   0901
104000088,  03,   28072021,   0901
104000009,  05,   28072021,   0901
104000239,  03,   28072021,   0915
104000008,  03,   28072021,   0915
104000244,  03,   28072021,   0915
104000006,  03,   28072021,   0919
104000048,  01,   28072021,   0923
104000047,  01,   28072021,   0924
104000360,  01,   28072021,   0924
104000112,  01,   28072021,   0924
104000270,  03,   28072021,   0924
104000343,  01,   28072021,   0929
106000013,  04,   28072021,   0930
106000013,  01,   28072021,   0930
104000273,  03,   28072021,   0931
104000244,  03,   28072021,   0934
104000277,  03,   28072021,   0935
000000000,  02,   28072021,   0939
000000000,  02,   28072021,   0939
000000000,  02,   28072021,   0939
000000000,  02,   28072021,   0939
104000005,  03,   28072021,   0939
104000011,  03,   28072021,   0939
104000285,  01,   28072021,   0941
104000041,  01,   28072021,   0941
104000043,  01,   28072021,   0942
104000040,  01,   28072021,   0942
104000338,  03,   28072021,   0942
107000157,  02,   28072021,   0943
000000000,  03,   28072021,   0958
000000000,  03,   28072021,   1001
000000000,  03,   28072021,   1003
104000358,  01,   28072021,   1017
000000000,  03,   28072021,   1017
104000111,  01,   28072021,   1017
104000111,  01,   28072021,   1017
104000237,  03,   28072021,   1017
104000098,  03,   28072021,   1017
104000099,  03,   28072021,   1017
104000467,  03,   28072021,   1017
000000000,  03,   28072021,   1021
000000000,  01,   28072021,   1024
110001870,  01,   28072021,   1024
110001870,  01,   28072021,   1025
104000277,  03,   28072021,   1031
104000244,  03,   28072021,   1031
104000244,  03,   28072021,   1031
103024303,  04,   28072021,   1031
103024303,  01,   28072021,   1033
000000000,  04,   28072021,   1034
000000000,  04,   28072021,   1034
000000000,  04,   28072021,   1039
000000000,  04,   28072021,   1039
000000000,  03,   28072021,   1041
000000000,  01,   28072021,   1045
104000343,  04,   28072021,   1047
000000000,  01,   28072021,   1048
103024303,  02,   28072021,   1050
104000343,  01,   28072021,   1051
103024303,  01,   28072021,   1052
000000000,  01,   28072021,   1054
106000013,  04,   28072021,   1056
106000013,  02,   28072021,   1057
000000000,  02,   28072021,   1059
000000000,  02,   28072021,   1059
104000042,  01,   28072021,   1104
106000013,  02,   28072021,   1104
106000013,  04,   28072021,   1105
104000043,  01,   28072021,   1105
106000013,  04,   28072021,   1106
106000013,  01,   28072021,   1108
106000013,  01,   28072021,   1114
106000013,  04,   28072021,   1114
000000000,  03,   28072021,   1121
000000000,  03,   28072021,   1137
000000000,  03,   28072021,   1139
000000000,  03,   28072021,   1139
000000000,  03,   28072021,   1139
000000000,  03,   28072021,   1139
000000000,  03,   28072021,   1139
000000000,  03,   28072021,   1140
000000000,  03,   28072021,   1140
000000000,  03,   28072021,   1141
000000000,  03,   28072021,   1141
000000000,  03,   28072021,   1142
000001809,  01,   28072021,   1144
110003994,  01,   28072021,   1148
110001870,  01,   28072021,   1149
104000274,  03,   28072021,   1151
104000297,  03,   28072021,   1151
104000467,  03,   28072021,   1151
000000000,  03,   28072021,   1153
000000000,  03,   28072021,   1153
101002738,  04,   28072021,   1200
101002738,  01,   28072021,   1202
000000000,  03,   28072021,   1203
101002738,  01,   28072021,   1203
000000000,  03,   28072021,   1206
000000000,  03,   28072021,   1206
000000000,  03,   28072021,   1206
000000000,  03,   28072021,   1206
000000000,  03,   28072021,   1209
000000000,  03,   28072021,   1209
000000000,  03,   28072021,   1210
000000000,  03,   28072021,   1210
000000000,  03,   28072021,   1211
000001809,  04,   28072021,   1211
000001809,  01,   28072021,   1212
104000467,  03,   28072021,   1214
000001809,  04,   28072021,   1215
000001207,  03,   28072021,   1216
000000000,  03,   28072021,   1216
000000000,  03,   28072021,   1216
000000000,  03,   28072021,   1216
000000000,  03,   28072021,   1216
000001809,  01,   28072021,   1217
000000000,  03,   28072021,   1220
000000000,  03,   28072021,   1220
000000000,  03,   28072021,   1220
000000000,  03,   28072021,   1220
000000000,  03,   28072021,   1220
104000237,  04,   28072021,   1221
000000000,  03,   28072021,   1221
000000000,  03,   28072021,   1221
104000237,  02,   28072021,   1221
107000157,  04,   28072021,   1221
104000237,  02,   28072021,   1222
104000237,  02,   28072021,   1222
104000237,  04,   28072021,   1222
107000157,  02,   28072021,   1222
104000467,  02,   28072021,   1224
104000467,  02,   28072021,   1224
104000467,  04,   28072021,   1224
000000000,  01,   28072021,   1228
104000047,  01,   28072021,   1231
104000343,  01,   28072021,   1234
104000004,  03,   28072021,   1235
104000277,  03,   28072021,   1235
000000000,  03,   28072021,   1245
000000000,  03,   28072021,   1246
000000000,  03,   28072021,   1246
000000000,  03,   28072021,   1247
000000000,  03,   28072021,   1247
000000000,  03,   28072021,   1247
000000000,  03,   28072021,   1247
000000000,  03,   28072021,   1247
000000000,  03,   28072021,   1247
104000047,  01,   28072021,   1247
000000000,  03,   28072021,   1247
000000000,  03,   28072021,   1247
000000000,  03,   28072021,   1247
000000000,  03,   28072021,   1248
000000000,  03,   28072021,   1248
000000000,  03,   28072021,   1248
000000000,  03,   28072021,   1248
000000000,  03,   28072021,   1249
000000000,  03,   28072021,   1249
000000000,  03,   28072021,   1249
000000000,  03,   28072021,   1249
000000000,  03,   28072021,   1249
000000000,  03,   28072021,   1249
000000000,  03,   28072021,   1249
000000000,  03,   28072021,   1249
000000000,  03,   28072021,   1250
000000000,  03,   28072021,   1250
000000000,  03,   28072021,   1250
000000000,  03,   28072021,   1250
000000000,  03,   28072021,   1250
000000000,  03,   28072021,   1252
000000000,  01,   28072021,   1252
000000000,  03,   28072021,   1252
000000000,  03,   28072021,   1253
104000343,  01,   28072021,   1255
000000000,  03,   28072021,   1255
000000000,  03,   28072021,   1256
000000000,  03,   28072021,   1256
000000000,  03,   28072021,   1256
000000000,  03,   28072021,   1256
000000000,  03,   28072021,   1256
000000000,  03,   28072021,   1256
000000000,  03,   28072021,   1256
000000000,  03,   28072021,   1256
000000000,  03,   28072021,   1256
000000000,  03,   28072021,   1256
000000000,  03,   28072021,   1257
000000000,  03,   28072021,   1257
000000000,  03,   28072021,   1257
000000000,  03,   28072021,   1257
000000000,  02,   28072021,   1258
000000000,  03,   28072021,   1300
000000000,  03,   28072021,   1300
000000000,  03,   28072021,   1301
000000000,  03,   28072021,   1301
000000000,  03,   28072021,   1301
000000000,  03,   28072021,   1301
107000197,  02,   28072021,   1303
107000197,  04,   28072021,   1303
104000095,  03,   28072021,   1316
104000095,  03,   28072021,   1316
000000000,  02,   28072021,   1326
000000000,  02,   28072021,   1326
000000000,  02,   28072021,   1326
000000000,  02,   28072021,   1326
000000000,  04,   28072021,   1327
000000000,  04,   28072021,   1327
000000000,  04,   28072021,   1327
000000000,  04,   28072021,   1327
000000000,  04,   28072021,   1327
000000000,  04,   28072021,   1327
000000000,  04,   28072021,   1327
000000000,  04,   28072021,   1327
000000000,  04,   28072021,   1327
000000000,  04,   28072021,   1327
000000000,  02,   28072021,   1328
000000000,  02,   28072021,   1328
000000000,  02,   28072021,   1328
000000000,  02,   28072021,   1328
000000000,  04,   28072021,   1328
000000000,  04,   28072021,   1328
000000000,  04,   28072021,   1328
000001809,  04,   28072021,   1333
000000000,  01,   28072021,   1333
104000006,  04,   28072021,   1336
104000006,  04,   28072021,   1341
000000000,  04,   28072021,   1343
000000000,  04,   28072021,   1343
000000000,  04,   28072021,   1343
000000000,  04,   28072021,   1343
000000000,  04,   28072021,   1343
000000000,  04,   28072021,   1343
000000000,  04,   28072021,   1343
000000000,  04,   28072021,   1343
000000000,  04,   28072021,   1344
000000000,  04,   28072021,   1345
000000000,  04,   28072021,   1345
000000000,  02,   28072021,   1346
000000000,  02,   28072021,   1346
000000000,  02,   28072021,   1346
000000000,  02,   28072021,   1346
000000000,  02,   28072021,   1346
104000277,  03,   28072021,   1354
104000244,  03,   28072021,   1354
104000004,  03,   28072021,   1354
103024303,  01,   28072021,   1358
000000000,  03,   28072021,   1401
104000343,  01,   28072021,   1403
000001809,  04,   28072021,   1404
104000043,  01,   28072021,   1406
000001809,  01,   28072021,   1406
000000000,  03,   28072021,   1407
000000000,  03,   28072021,   1408
000000000,  03,   28072021,   1408
000000000,  03,   28072021,   1408
106000013,  04,   28072021,   1408
104000467,  03,   28072021,   1410
106000013,  01,   28072021,   1410
104000360,  01,   28072021,   1411
104000360,  01,   28072021,   1412
000000000,  01,   28072021,   1420
000000000,  03,   28072021,   1423
000000000,  03,   28072021,   1423
103024303,  01,   28072021,   1425
000000000,  01,   28072021,   1426
103024303,  01,   28072021,   1428
000000000,  02,   28072021,   1430
000000000,  02,   28072021,   1430
000001809,  04,   28072021,   1430
000001809,  01,   28072021,   1431
000000000,  02,   28072021,   1432
000000000,  02,   28072021,   1432
000000000,  03,   28072021,   1436
000000000,  03,   28072021,   1437
000000000,  03,   28072021,   1438
000000000,  03,   28072021,   1438
000000000,  03,   28072021,   1438
000000000,  03,   28072021,   1439
000000000,  03,   28072021,   1441
000000000,  01,   28072021,   1444
103024303,  01,   28072021,   1449
000000000,  03,   28072021,   1449
000000000,  03,   28072021,   1449
000000000,  01,   28072021,   1452
106000013,  04,   28072021,   1454
106000013,  01,   28072021,   1454
000000000,  03,   28072021,   1502
000000000,  03,   28072021,   1502
000000000,  03,   28072021,   1502
000000000,  03,   28072021,   1503
000001809,  04,   28072021,   1503
000000000,  03,   28072021,   1503
000000000,  03,   28072021,   1503
000000000,  03,   28072021,   1503
000000000,  03,   28072021,   1503
000000000,  03,   28072021,   1504
000000000,  03,   28072021,   1504
000000000,  03,   28072021,   1505
000000000,  03,   28072021,   1505
000000000,  03,   28072021,   1505
000001809,  01,   28072021,   1505
000000000,  03,   28072021,   1505
000000000,  03,   28072021,   1505
000000000,  03,   28072021,   1506
000000000,  03,   28072021,   1506
000000000,  03,   28072021,   1506
000000000,  03,   28072021,   1506
000000000,  03,   28072021,   1506
000000000,  03,   28072021,   1506
000000000,  03,   28072021,   1507
000000000,  03,   28072021,   1509
000000000,  01,   28072021,   1510
104000040,  01,   28072021,   1511
104000112,  01,   28072021,   1511
104000358,  01,   28072021,   1514
000000000,  01,   28072021,   1518
000000000,  03,   28072021,   1518
000000000,  03,   28072021,   1518
000000000,  03,   28072021,   1519
103024303,  01,   28072021,   1520
104000358,  01,   28072021,   1521
000000000,  03,   28072021,   1524
104000043,  01,   28072021,   1525
000000000,  03,   28072021,   1526
104000358,  01,   28072021,   1526
000000000,  03,   28072021,   1526
000000000,  03,   28072021,   1526
000000000,  03,   28072021,   1527
000000000,  03,   28072021,   1527
000000000,  03,   28072021,   1527
103024303,  04,   28072021,   1528
000000000,  01,   28072021,   1528
000001809,  01,   28072021,   1534
104000467,  03,   28072021,   1534
103024303,  04,   28072021,   1540
000000000,  03,   28072021,   1542
103024303,  01,   28072021,   1543
000000000,  03,   28072021,   1543
000000000,  03,   28072021,   1544
000000000,  03,   28072021,   1546
000000000,  03,   28072021,   1546
000000000,  03,   28072021,   1547
000000000,  03,   28072021,   1548
000000000,  03,   28072021,   1548
000000000,  03,   28072021,   1549
104000358,  01,   28072021,   1551
000000000,  03,   28072021,   1552
104000043,  01,   28072021,   1553
000000000,  03,   28072021,   1553
000000000,  03,   28072021,   1554
106000013,  04,   28072021,   1559
106000013,  01,   28072021,   1602
000000000,  03,   28072021,   1604
000000000,  03,   28072021,   1605
000000000,  03,   28072021,   1605
106000013,  01,   28072021,   1607
000000000,  03,   28072021,   1610
000000000,  03,   28072021,   1612
110003994,  01,   28072021,   1614
110003994,  01,   28072021,   1614
110003994,  01,   28072021,   1616
000001207,  04,   28072021,   1629
000001207,  02,   28072021,   1629
101002738,  05,   28072021,   1642
000001207,  02,   28072021,   1644
000001207,  04,   28072021,   1644
104000112,  01,   28072021,   1655
104000040,  01,   28072021,   1655
106000013,  03,   28072021,   1657
104000006,  04,   28072021,   1700
103024303,  04,   28072021,   1700
104000042,  01,   28072021,   1700
103024303,  04,   28072021,   1702
104000006,  04,   28072021,   1704
103024303,  01,   28072021,   1705
000000000,  01,   28072021,   1705
104000285,  01,   28072021,   1708
104000043,  01,   28072021,   1709
104000004,  03,   28072021,   1715
104000009,  03,   28072021,   1715
104000272,  03,   28072021,   1715
103024303,  01,   28072021,   1726
000000000,  01,   28072021,   1728
103024303,  01,   28072021,   1730
104000358,  01,   28072021,   1732
104000358,  01,   28072021,   1735
104000041,  01,   28072021,   1746
104000040,  01,   28072021,   1747
104000338,  03,   28072021,   1748
104000273,  03,   28072021,   1749
104000270,  03,   28072021,   1750
000000000,  03,   28072021,   1751
000000000,  03,   28072021,   1751
104000244,  03,   28072021,   1751
104000239,  03,   28072021,   1752
000000000,  03,   28072021,   1752
104000008,  03,   28072021,   1753
104000048,  01,   28072021,   1753
104000047,  01,   28072021,   1753
104000047,  01,   28072021,   1754
104000047,  01,   28072021,   1756
104000360,  01,   28072021,   1756
104000112,  01,   28072021,   1756
000000000,  03,   28072021,   1756
000000000,  03,   28072021,   1756
000000000,  03,   28072021,   1757
000000000,  03,   28072021,   1757
000000000,  03,   28072021,   1757
000000000,  03,   28072021,   1758
000000000,  03,   28072021,   1758
000000000,  03,   28072021,   1758
000000000,  03,   28072021,   1758
104000358,  01,   28072021,   1803
104000111,  01,   28072021,   1803
104000099,  03,   28072021,   1804
104000088,  03,   28072021,   1806
103025488,  03,   28072021,   1808
103025488,  03,   28072021,   1808
104000467,  03,   28072021,   1809
104000237,  03,   28072021,   1810
104000098,  03,   28072021,   1810
104000098,  03,   28072021,   1811
103025489,  03,   28072021,   1811
107000157,  02,   28072021,   1819
000000000,  03,   28072021,   1824
000000000,  03,   28072021,   1827
104000005,  03,   28072021,   1828
104000011,  03,   28072021,   1828
104000277,  03,   28072021,   1830
000000000,  03,   28072021,   1832
000000000,  03,   28072021,   1832
000000000,  03,   28072021,   1832
000000000,  03,   28072021,   1833
000000000,  03,   28072021,   1833
104000297,  03,   28072021,   1834
104000274,  03,   28072021,   1834
000000000,  03,   28072021,   1834
000000000,  03,   28072021,   1835
000000000,  03,   28072021,   1835
000000000,  03,   28072021,   1835
000000000,  03,   28072021,   1836
000000000,  03,   28072021,   1836
000000000,  03,   28072021,   1837
000000000,  03,   28072021,   1837
000000000,  03,   28072021,   1839
000000000,  03,   28072021,   1839
000000000,  03,   28072021,   1839
000000000,  03,   28072021,   1839
000000000,  03,   28072021,   1840
000000000,  03,   28072021,   1840
000000000,  03,   28072021,   1840
000000000,  03,   28072021,   1840
000000000,  03,   28072021,   1840
000000000,  03,   28072021,   1840
000000000,  03,   28072021,   1840
000000000,  03,   28072021,   1840
000000000,  03,   28072021,   1840
000000000,  03,   28072021,   1840
000000000,  03,   28072021,   1840
000000000,  03,   28072021,   1841
000000000,  03,   28072021,   1841
000000000,  03,   28072021,   1841
000000000,  03,   28072021,   1841
000000000,  03,   28072021,   1841
000000000,  03,   28072021,   1841
000000000,  03,   28072021,   1841
000000000,  03,   28072021,   1841
000000000,  03,   28072021,   1841
000000000,  03,   28072021,   1841
000000000,  03,   28072021,   1841
000000000,  03,   28072021,   1841
000000000,  03,   28072021,   1841
000000000,  03,   28072021,   1841
000000000,  03,   28072021,   1841
000000000,  03,   28072021,   1842
104000095,  03,   28072021,   1845
000000000,  01,   28072021,   1849
000000000,  03,   28072021,   1849
103024303,  01,   28072021,   1849
103024303,  01,   28072021,   1850
000000000,  03,   28072021,   1854
101002738,  03,   28072021,   1856
000000000,  03,   28072021,   1901
000000000,  03,   28072021,   1903
000000000,  03,   28072021,   1903
000000000,  03,   28072021,   1907
000000000,  03,   28072021,   1911
101002738,  04,   28072021,   1913
000000000,  03,   28072021,   1917
000000000,  03,   28072021,   1918
000000000,  03,   28072021,   1918
000000000,  03,   28072021,   1920
000000000,  03,   28072021,   1924
000000000,  03,   28072021,   1930
000000000,  03,   28072021,   1932
000000000,  03,   28072021,   1937
000000000,  03,   28072021,   1941
000000000,  03,   28072021,   1944
000000000,  03,   28072021,   1944
000000000,  03,   28072021,   1944
000000000,  03,   28072021,   1944
000000000,  03,   28072021,   1944
000000000,  03,   28072021,   1944
000000000,  03,   28072021,   1944
000000000,  03,   28072021,   1945
000000000,  03,   28072021,   1945
000000000,  03,   28072021,   1945
000000000,  03,   28072021,   1945
000000000,  03,   28072021,   1945
000000000,  03,   28072021,   1945
000000000,  03,   28072021,   1946
000000000,  03,   28072021,   1946
000000000,  03,   28072021,   1950
000000000,  03,   28072021,   1950
000000000,  03,   28072021,   1951
000000000,  03,   28072021,   1951
101002738,  03,   28072021,   1955
000000000,  03,   28072021,   1958
000000000,  03,   28072021,   1959
000000000,  03,   28072021,   2000
000000000,  03,   28072021,   2000
000000000,  03,   28072021,   2000
000000000,  03,   28072021,   2002
000000000,  03,   28072021,   2003
000000000,  03,   28072021,   2003
000000000,  03,   28072021,   2005
000000000,  03,   28072021,   2020
000000000,  03,   28072021,   2020
000000000,  03,   28072021,   2039
000000000,  03,   28072021,   2041
000000000,  03,   28072021,   2041
000000000,  03,   28072021,   2041
000000000,  03,   28072021,   2041
000000000,  03,   28072021,   2041
000000000,  03,   28072021,   2041
000000000,  03,   28072021,   2042
000000000,  03,   28072021,   2043
000000000,  03,   28072021,   2044
000000000,  03,   28072021,   2045
000000000,  03,   28072021,   2047
000000000,  03,   28072021,   2051
000000000,  03,   28072021,   2223
000000000,  03,   28072021,   2223
000000000,  03,   28072021,   2224
000000000,  03,   28072021,   2225
000000000,  03,   28072021,   2228
000000000,  03,   28072021,   2231
000000000,  03,   28072021,   2236
000000000,  03,   28072021,   2243
000000000,  03,   28072021,   2247
000000000,  03,   28072021,   2303
000000000,  03,   28072021,   2303
000000000,  03,   28072021,   2303
000000000,  03,   28072021,   2303
000000000,  03,   28072021,   2303
000000000,  03,   28072021,   2304
000000000,  03,   28072021,   2304
000000000,  03,   28072021,   2304
000000000,  03,   28072021,   2304
000000000,  03,   28072021,   2304
000000000,  03,   28072021,   2304
000000000,  03,   28072021,   2306
000000000,  03,   28072021,   2324
000000000,  03,   28072021,   2351
000000000,  03,   29072021,   0002
000000000,  03,   29072021,   0026
000000000,  03,   29072021,   0037
000000000,  03,   29072021,   0040
000000000,  03,   29072021,   0056
000000000,  03,   29072021,   0058
000000000,  03,   29072021,   0058
000000000,  03,   29072021,   0058
000000000,  03,   29072021,   0058
000000000,  03,   29072021,   0058
000000000,  03,   29072021,   0058
000000000,  03,   29072021,   0058
000000000,  03,   29072021,   0058
000000000,  03,   29072021,   0102
000000000,  03,   29072021,   0102
000000000,  03,   29072021,   0108
000000000,  03,   29072021,   0110
000000000,  03,   29072021,   0115
000000000,  03,   29072021,   0134
000000000,  03,   29072021,   0244
000000000,  03,   29072021,   0249
000000000,  03,   29072021,   0249
000000000,  03,   29072021,   0249
000000000,  03,   29072021,   0252
000000000,  03,   29072021,   0253
000000000,  03,   29072021,   0318
000000000,  03,   29072021,   0319
000000000,  03,   29072021,   0319
000000000,  03,   29072021,   0319
000000000,  03,   29072021,   0319
000000000,  03,   29072021,   0319
000000000,  03,   29072021,   0319
000000000,  03,   29072021,   0319
000000000,  03,   29072021,   0319
000000000,  03,   29072021,   0320
000000000,  03,   29072021,   0320
000000000,  03,   29072021,   0320
000000000,  03,   29072021,   0320
000000000,  03,   29072021,   0320
000000000,  03,   29072021,   0320
000000000,  03,   29072021,   0320
000000000,  03,   29072021,   0320
000000000,  03,   29072021,   0320
000000000,  03,   29072021,   0321
000000000,  03,   29072021,   0321
000000000,  03,   29072021,   0321
000000000,  03,   29072021,   0321
000000000,  03,   29072021,   0321
000000000,  03,   29072021,   0321
000000000,  03,   29072021,   0322
000000000,  03,   29072021,   0322
000000000,  03,   29072021,   0322
000000000,  03,   29072021,   0322
000000000,  03,   29072021,   0545
000000000,  03,   29072021,   0547
000000000,  03,   29072021,   0547
000000000,  03,   29072021,   0548
000000000,  03,   29072021,   0606
000000000,  03,   29072021,   0610
000000000,  03,   29072021,   0611
000000000,  03,   29072021,   0613
000000000,  03,   29072021,   0622
101002738,  04,   29072021,   0745
101002738,  03,   29072021,   0746
101002738,  05,   29072021,   0748
103025489,  03,   29072021,   0751
106000013,  03,   29072021,   0755
103024303,  03,   29072021,   0800
103024303,  03,   29072021,   0802
103024303,  01,   29072021,   0803
101002738,  01,   29072021,   0819
000000000,  01,   29072021,   0819
106000013,  04,   29072021,   0839
103025488,  03,   29072021,   0840
106000013,  01,   29072021,   0841
104000339,  03,   29072021,   0848
104000088,  03,   29072021,   0857
104000009,  03,   29072021,   0902
104000005,  03,   29072021,   0902
104000005,  03,   29072021,   0902
104000011,  03,   29072021,   0902
000000000,  03,   29072021,   0902
104000041,  01,   29072021,   0912
104000040,  01,   29072021,   0912
000000000,  03,   29072021,   0912
104000338,  03,   29072021,   0912
000001809,  01,   29072021,   0914
104000244,  03,   29072021,   0917
104000008,  03,   29072021,   0917
104000008,  03,   29072021,   0917
104000239,  03,   29072021,   0917
104000006,  03,   29072021,   0921
000000000,  03,   29072021,   0923
000000000,  03,   29072021,   0923
104000048,  01,   29072021,   0926
104000046,  01,   29072021,   0926
104000360,  01,   29072021,   0926
104000112,  01,   29072021,   0926
104000047,  01,   29072021,   0926
104000270,  03,   29072021,   0926
106000013,  04,   29072021,   0927
106000013,  01,   29072021,   0927
104000273,  03,   29072021,   0928
000000000,  03,   29072021,   0929
104000343,  01,   29072021,   0934
110001870,  01,   29072021,   0942
110001870,  01,   29072021,   0942
104000467,  03,   29072021,   0949
000000000,  01,   29072021,   0952
104000285,  01,   29072021,   0952
103024303,  01,   29072021,   0955
000000000,  01,   29072021,   0957
101002738,  01,   29072021,   0958
107000157,  02,   29072021,   1000
101002738,  04,   29072021,   1000
000000000,  01,   29072021,   1001
104000043,  01,   29072021,   1002
103024303,  01,   29072021,   1003
000000000,  01,   29072021,   1004
103024303,  02,   29072021,   1005
103024303,  01,   29072021,   1008
104000111,  01,   29072021,   1010
104000358,  01,   29072021,   1010
104000358,  01,   29072021,   1010
104000099,  03,   29072021,   1011
104000237,  03,   29072021,   1011
104000098,  03,   29072021,   1011
000000000,  01,   29072021,   1012
104000222,  01,   29072021,   1012
104000043,  01,   29072021,   1023
104000004,  03,   29072021,   1026
104000277,  03,   29072021,   1026
104000272,  03,   29072021,   1026
106000013,  04,   29072021,   1030
000000000,  01,   29072021,   1031
106000013,  02,   29072021,   1031
106000013,  02,   29072021,   1037
104000274,  03,   29072021,   1037
000000000,  03,   29072021,   1037
104000297,  03,   29072021,   1037
000000000,  03,   29072021,   1038
106000013,  04,   29072021,   1038
000000000,  03,   29072021,   1040
104000043,  01,   29072021,   1044
000001809,  04,   29072021,   1045
000001809,  01,   29072021,   1045
000001809,  04,   29072021,   1046
000000000,  01,   29072021,   1047
000000000,  01,   29072021,   1048
000001809,  01,   29072021,   1048
103025484,  01,   29072021,   1053
000001809,  01,   29072021,   1055
104000098,  03,   29072021,   1100
000001809,  04,   29072021,   1101
104000467,  03,   29072021,   1101
000001809,  01,   29072021,   1102
103025484,  01,   29072021,   1112
106000013,  04,   29072021,   1115
110003994,  01,   29072021,   1115
000001809,  04,   29072021,   1117
000001809,  01,   29072021,   1119
106000013,  01,   29072021,   1119
104000360,  01,   29072021,   1119
103025484,  01,   29072021,   1123
000000000,  02,   29072021,   1125
104000360,  01,   29072021,   1125
104000006,  04,   29072021,   1128
106000013,  04,   29072021,   1130
106000013,  01,   29072021,   1131
104000006,  04,   29072021,   1134
000000000,  01,   29072021,   1135
104000222,  01,   29072021,   1137
104000095,  03,   29072021,   1138
000000000,  01,   29072021,   1138
101002738,  04,   29072021,   1138
000001809,  01,   29072021,   1138
101002738,  01,   29072021,   1141
104000467,  03,   29072021,   1142
104000222,  01,   29072021,   1146
104000360,  01,   29072021,   1148
104000046,  04,   29072021,   1153
000000000,  01,   29072021,   1154
101002738,  01,   29072021,   1155
103025484,  01,   29072021,   1158
000001809,  01,   29072021,   1159
104000046,  04,   29072021,   1208
104000046,  01,   29072021,   1210
104000338,  03,   29072021,   1232
104000272,  03,   29072021,   1234
000000000,  01,   29072021,   1236
104000272,  03,   29072021,   1248
104000222,  01,   29072021,   1248
104000358,  01,   29072021,   1250
104000043,  01,   29072021,   1250
104000043,  01,   29072021,   1254
000000000,  03,   29072021,   1257
000000000,  02,   29072021,   1259
000000000,  03,   29072021,   1300
000000000,  03,   29072021,   1300
000000000,  03,   29072021,   1300
000000000,  03,   29072021,   1300
000000000,  03,   29072021,   1301
000000000,  03,   29072021,   1302
000000000,  03,   29072021,   1304
104000358,  01,   29072021,   1308
000000000,  03,   29072021,   1310
000000000,  03,   29072021,   1310
000000000,  03,   29072021,   1311
110001870,  01,   29072021,   1319
103024303,  01,   29072021,   1321
000000000,  03,   29072021,   1322
000000000,  03,   29072021,   1324
000000000,  03,   29072021,   1324
000000000,  03,   29072021,   1324
000000000,  03,   29072021,   1324
000000000,  03,   29072021,   1324
000000000,  03,   29072021,   1324
000000000,  03,   29072021,   1324
000000000,  03,   29072021,   1324
000000000,  03,   29072021,   1325
000000000,  03,   29072021,   1325
000000000,  03,   29072021,   1325
000000000,  03,   29072021,   1325
000000000,  03,   29072021,   1331
000000000,  03,   29072021,   1332
000000000,  03,   29072021,   1334
104000338,  03,   29072021,   1335
000000000,  03,   29072021,   1336
104000047,  01,   29072021,   1336
000000000,  03,   29072021,   1336
104000047,  01,   29072021,   1337
000000000,  03,   29072021,   1337
000000000,  03,   29072021,   1337
000000000,  03,   29072021,   1337
000000000,  03,   29072021,   1337
000000000,  01,   29072021,   1341
103024303,  04,   29072021,   1342
103024303,  01,   29072021,   1344
000000000,  03,   29072021,   1345
000000000,  03,   29072021,   1350
000001809,  01,   29072021,   1351
000001809,  01,   29072021,   1353
104000006,  04,   29072021,   1400
000000000,  01,   29072021,   1400
104000008,  03,   29072021,   1401
104000004,  03,   29072021,   1401
104000277,  03,   29072021,   1401
106000013,  04,   29072021,   1402
106000013,  04,   29072021,   1404
106000013,  01,   29072021,   1404
106000013,  01,   29072021,   1405
104000006,  04,   29072021,   1405
106000013,  04,   29072021,   1406
000000000,  03,   29072021,   1406
104000043,  01,   29072021,   1407
000000000,  03,   29072021,   1408
106000013,  01,   29072021,   1408
000000000,  01,   29072021,   1414
000000000,  03,   29072021,   1417
104000467,  03,   29072021,   1418
104000343,  01,   29072021,   1423
000000000,  03,   29072021,   1431
000000000,  03,   29072021,   1439
000000000,  03,   29072021,   1440
110003994,  01,   29072021,   1444
110003994,  04,   29072021,   1444
106000013,  04,   29072021,   1456
106000013,  01,   29072021,   1456
110003994,  01,   29072021,   1516
104000040,  01,   29072021,   1516
103025484,  01,   29072021,   1520
107000197,  01,   29072021,   1521
107000197,  01,   29072021,   1522
107000197,  01,   29072021,   1522
106000013,  04,   29072021,   1525
106000013,  01,   29072021,   1528
106000013,  01,   29072021,   1542
104000343,  01,   29072021,   1545
104000040,  01,   29072021,   1545
104000467,  03,   29072021,   1546
000000000,  01,   29072021,   1548
000000000,  01,   29072021,   1549
000000000,  01,   29072021,   1552
000000000,  01,   29072021,   1552
000000000,  01,   29072021,   1554
104000467,  04,   29072021,   1558
104000467,  02,   29072021,   1559
103025484,  04,   29072021,   1602
000000000,  03,   29072021,   1604
103025484,  01,   29072021,   1605
000000000,  03,   29072021,   1607
000000000,  03,   29072021,   1607
107000197,  02,   29072021,   1608
107000197,  04,   29072021,   1608
104000343,  01,   29072021,   1608
000000000,  03,   29072021,   1608
000000000,  03,   29072021,   1612
110003994,  01,   29072021,   1613
103024303,  01,   29072021,   1614
000000000,  03,   29072021,   1617
000000000,  03,   29072021,   1618
104000467,  02,   29072021,   1620
000000000,  02,   29072021,   1620
000000000,  02,   29072021,   1620
000000000,  02,   29072021,   1620
000000000,  02,   29072021,   1620
000000000,  02,   29072021,   1620
000000000,  02,   29072021,   1620
000000000,  02,   29072021,   1620
000000000,  02,   29072021,   1620
104000467,  04,   29072021,   1620
104000006,  04,   29072021,   1621
104000338,  03,   29072021,   1622
000000000,  03,   29072021,   1623
104000006,  04,   29072021,   1627
000000000,  01,   29072021,   1628
104000285,  01,   29072021,   1629
000000000,  03,   29072021,   1636
000000000,  03,   29072021,   1640
000000000,  03,   29072021,   1640
000000000,  03,   29072021,   1641
106000013,  03,   29072021,   1643
104000043,  01,   29072021,   1645
000000000,  03,   29072021,   1646
000000000,  03,   29072021,   1646
000000000,  03,   29072021,   1647
000000000,  03,   29072021,   1655
104000043,  01,   29072021,   1658
104000285,  01,   29072021,   1658
104000047,  01,   29072021,   1658
104000047,  01,   29072021,   1658
000000000,  01,   29072021,   1717
000000000,  01,   29072021,   1721
104000009,  03,   29072021,   1727
104000272,  03,   29072021,   1729
104000005,  03,   29072021,   1729
104000338,  03,   29072021,   1731
104000273,  03,   29072021,   1731
104000041,  01,   29072021,   1733
104000046,  01,   29072021,   1734
104000040,  01,   29072021,   1734
104000006,  03,   29072021,   1741
104000239,  03,   29072021,   1741
000000000,  03,   29072021,   1744
104000270,  03,   29072021,   1746
103024303,  01,   29072021,   1749
103025484,  01,   29072021,   1751
000000000,  01,   29072021,   1757
104000047,  01,   29072021,   1757
104000048,  01,   29072021,   1758
104000047,  01,   29072021,   1758
104000360,  01,   29072021,   1758
104000360,  01,   29072021,   1759
104000112,  01,   29072021,   1759
000000000,  03,   29072021,   1800
104000358,  01,   29072021,   1801
104000099,  03,   29072021,   1801
104000111,  01,   29072021,   1802
104000088,  03,   29072021,   1805
104000098,  03,   29072021,   1808
104000237,  03,   29072021,   1808
103025488,  03,   29072021,   1811
104000467,  03,   29072021,   1820
000000000,  01,   29072021,   1832
103024303,  01,   29072021,   1834
103025489,  03,   29072021,   1834
103024303,  01,   29072021,   1835
104000297,  03,   29072021,   1840
000000000,  03,   29072021,   1842
000000000,  02,   29072021,   1845
107000157,  02,   29072021,   1901
000000000,  03,   29072021,   1902
000000000,  03,   29072021,   1905
000000000,  03,   29072021,   1906
000000000,  03,   29072021,   1910
101002738,  04,   29072021,   1917
000000000,  03,   29072021,   1926
000000000,  03,   29072021,   1931
104000095,  03,   29072021,   1938
101002738,  03,   29072021,   1939
000000000,  03,   29072021,   2017
000000000,  03,   29072021,   2017
000000000,  03,   29072021,   2017
000000000,  03,   29072021,   2018
000000000,  03,   29072021,   2023
000000000,  03,   29072021,   2037
000000000,  03,   29072021,   2048
000000000,  03,   29072021,   2049
000000000,  03,   29072021,   2049
000000000,  03,   29072021,   2051
000000000,  03,   29072021,   2051
000000000,  03,   29072021,   2051
000000000,  03,   29072021,   2051
000000000,  03,   29072021,   2053
000000000,  03,   29072021,   2054
000000000,  03,   29072021,   2054
000000000,  03,   29072021,   2058
000000000,  03,   29072021,   2102
000000000,  03,   29072021,   2102
000000000,  03,   29072021,   2102
000000000,  03,   29072021,   2103
000000000,  03,   29072021,   2103
000000000,  03,   29072021,   2103
000000000,  03,   29072021,   2103
000000000,  03,   29072021,   2103
000000000,  03,   30072021,   0240
000000000,  03,   30072021,   0240
000000000,  03,   30072021,   0240
000000000,  03,   30072021,   0240
000000000,  03,   30072021,   0241
000000000,  03,   30072021,   0242
000000000,  03,   30072021,   0242
000000000,  03,   30072021,   0242
000000000,  03,   30072021,   0242
000000000,  03,   30072021,   0243
000000000,  03,   30072021,   0244
000000000,  03,   30072021,   0245
000000000,  03,   30072021,   0245
000000000,  03,   30072021,   0245
000000000,  03,   30072021,   0246
000000000,  03,   30072021,   0246
000000000,  03,   30072021,   0247
000000000,  03,   30072021,   0259
000000000,  03,   30072021,   0302
000000000,  03,   30072021,   0307
000000000,  03,   30072021,   0308
000000000,  03,   30072021,   0308
000000000,  03,   30072021,   0311
000000000,  03,   30072021,   0311
000000000,  03,   30072021,   0311
000000000,  03,   30072021,   0311
000000000,  03,   30072021,   0311
000000000,  03,   30072021,   0311
000000000,  03,   30072021,   0319
000000000,  03,   30072021,   0319
000000000,  03,   30072021,   0323
000000000,  03,   30072021,   0323
000000000,  03,   30072021,   0323
000000000,  03,   30072021,   0324
000000000,  03,   30072021,   0324
000000000,  03,   30072021,   0324
000000000,  03,   30072021,   0334
000000000,  03,   30072021,   0335
000000000,  03,   30072021,   0335
000000000,  03,   30072021,   0335
000000000,  03,   30072021,   0335
000000000,  03,   30072021,   0336
000000000,  03,   30072021,   0336
000000000,  03,   30072021,   0336
000000000,  03,   30072021,   0336
000000000,  03,   30072021,   0336
000000000,  03,   30072021,   0336
000000000,  03,   30072021,   0343
000000000,  03,   30072021,   0349
000000000,  03,   30072021,   0350
000000000,  03,   30072021,   0358
000000000,  03,   30072021,   0359
000000000,  03,   30072021,   0414
000000000,  03,   30072021,   0421
000000000,  03,   30072021,   0422
000000000,  03,   30072021,   0422
000000000,  03,   30072021,   0422
000000000,  03,   30072021,   0422
000000000,  03,   30072021,   0422
000000000,  03,   30072021,   0423
000000000,  03,   30072021,   0423
000000000,  03,   30072021,   0440
000000000,  03,   30072021,   0440
000000000,  03,   30072021,   0440
000000000,  03,   30072021,   0440
000000000,  03,   30072021,   0441
000000000,  03,   30072021,   0453
000000000,  03,   30072021,   0456
000000000,  03,   30072021,   0456
000000000,  03,   30072021,   0457
000000000,  03,   30072021,   0457
000000000,  03,   30072021,   0500
000000000,  03,   30072021,   0502
000000000,  03,   30072021,   0504
000000000,  03,   30072021,   0504
000000000,  03,   30072021,   0504
000000000,  03,   30072021,   0505
000000000,  03,   30072021,   0505
000000000,  03,   30072021,   0505
000000000,  03,   30072021,   0505
000000000,  03,   30072021,   0505
000000000,  03,   30072021,   0505
000000000,  03,   30072021,   0505
000000000,  03,   30072021,   0505
000000000,  03,   30072021,   0506
000000000,  03,   30072021,   0506
000000000,  03,   30072021,   0507
000000000,  03,   30072021,   0507
000000000,  03,   30072021,   0509
000000000,  03,   30072021,   0509
000000000,  03,   30072021,   0509
000000000,  03,   30072021,   0509
000000000,  03,   30072021,   0509
000000000,  03,   30072021,   0509
000000000,  03,   30072021,   0510
000000000,  03,   30072021,   0510
000000000,  03,   30072021,   0511
000000000,  03,   30072021,   0511
000000000,  03,   30072021,   0511
000000000,  03,   30072021,   0511
000000000,  03,   30072021,   0511
000000000,  03,   30072021,   0512
000000000,  03,   30072021,   0512
000000000,  03,   30072021,   0512
000000000,  03,   30072021,   0514
000000000,  03,   30072021,   0520
000000000,  03,   30072021,   0520
000000000,  03,   30072021,   0521
000000000,  03,   30072021,   0521
000000000,  03,   30072021,   0523
000000000,  03,   30072021,   0523
000000000,  03,   30072021,   0524
000000000,  03,   30072021,   0524
000000000,  03,   30072021,   0526
000000000,  03,   30072021,   0526
000000000,  03,   30072021,   0530
000000000,  03,   30072021,   0534
000000000,  03,   30072021,   0543
000000000,  03,   30072021,   0543
000000000,  03,   30072021,   0543
000000000,  03,   30072021,   0544
000000000,  03,   30072021,   0544
000000000,  03,   30072021,   0546
000000000,  03,   30072021,   0646
000000000,  03,   30072021,   0658
000000000,  03,   30072021,   0658
000000000,  03,   30072021,   0714
000000000,  03,   30072021,   0715
000000000,  03,   30072021,   0715
000000000,  03,   30072021,   0715
000000000,  03,   30072021,   0718
000000000,  03,   30072021,   0817
000000000,  03,   30072021,   0820
000000000,  03,   30072021,   0829
000000000,  03,   30072021,   0834
000000000,  03,   30072021,   0859
000000000,  03,   30072021,   0901
000000000,  03,   30072021,   0901
000000000,  03,   30072021,   0901
000000000,  03,   30072021,   0901
000000000,  03,   30072021,   0951
000000000,  03,   30072021,   1028
000000000,  03,   30072021,   1028
000000000,  03,   30072021,   1036
000000000,  03,   30072021,   1036
000000000,  03,   30072021,   1036
000000000,  03,   30072021,   1036
000000000,  03,   30072021,   1036
000000000,  03,   30072021,   1036
000000000,  03,   30072021,   1036
000000000,  03,   30072021,   1036
000000000,  03,   30072021,   1036
000000000,  03,   30072021,   1036
000000000,  03,   30072021,   1045
000000000,  03,   30072021,   1045
000000000,  03,   30072021,   1045
000000000,  03,   30072021,   1045
000000000,  03,   30072021,   1045
000000000,  03,   30072021,   1045
000000000,  03,   30072021,   1045
000000000,  03,   30072021,   1046
000000000,  03,   30072021,   1046
000000000,  03,   30072021,   1046
000000000,  03,   30072021,   1046
000000000,  03,   30072021,   1047
000000000,  03,   30072021,   1048
000000000,  03,   30072021,   1048
000000000,  03,   30072021,   1048
000000000,  03,   30072021,   1049
000000000,  03,   30072021,   1049
000000000,  03,   30072021,   1051
000000000,  03,   30072021,   1051
000000000,  03,   30072021,   1051
000000000,  03,   30072021,   1051
000000000,  03,   30072021,   1052
000000000,  03,   30072021,   1054
000000000,  03,   30072021,   1054
000000000,  03,   30072021,   1054
000000000,  03,   30072021,   1054
000000000,  03,   30072021,   1054
000000000,  03,   30072021,   1054
000000000,  03,   30072021,   1054
000000000,  03,   30072021,   1054
000000000,  03,   30072021,   1054
000000000,  03,   30072021,   1054
000000000,  03,   30072021,   1054
000000000,  03,   30072021,   1054
000000000,  03,   30072021,   1054
000000000,  03,   30072021,   1055
000000000,  03,   30072021,   1055
000000000,  03,   30072021,   1055
000000000,  03,   30072021,   1055
000000000,  03,   30072021,   1055
000000000,  03,   30072021,   1055
000000000,  03,   30072021,   1055
000000000,  03,   30072021,   1100
000000000,  03,   30072021,   1112
000000000,  03,   30072021,   1112
000000000,  03,   30072021,   1114
000000000,  03,   30072021,   1115
000000000,  03,   30072021,   1116
000000000,  03,   30072021,   1117
000000000,  03,   30072021,   1118
000000000,  03,   30072021,   1119
000000000,  03,   30072021,   1139
000000000,  03,   30072021,   1355
000000000,  03,   30072021,   1355
000000000,  03,   30072021,   1355
000000000,  03,   30072021,   1357
000000000,  03,   30072021,   1357
000000000,  03,   30072021,   1358
000000000,  03,   30072021,   1358
000000000,  03,   30072021,   1358
000000000,  03,   30072021,   1400
000000000,  03,   30072021,   1405
000000000,  03,   30072021,   1413
000000000,  03,   30072021,   1417
000000000,  03,   30072021,   1418
000000000,  03,   30072021,   1445
000000000,  03,   30072021,   1535
000000000,  03,   30072021,   1536
000000000,  03,   30072021,   1536
000000000,  03,   30072021,   1537
000000000,  03,   30072021,   1539
000000000,  03,   30072021,   1712
000000000,  03,   30072021,   1723
000000000,  03,   30072021,   1737
000000000,  03,   30072021,   1737
000000000,  03,   30072021,   1738
000000000,  03,   30072021,   1738
000000000,  03,   30072021,   1738
000000000,  03,   30072021,   1739
000000000,  03,   30072021,   1742
000000000,  03,   31072021,   0647
101002738,  03,   31072021,   0745
101002738,  04,   31072021,   0746
106000013,  03,   31072021,   0749
106000013,  03,   31072021,   0749
101002738,  05,   31072021,   0749
103025489,  03,   31072021,   0751
103024303,  03,   31072021,   0755
103024303,  03,   31072021,   0756
103024303,  01,   31072021,   0757
000000000,  03,   31072021,   0824
103025488,  03,   31072021,   0828
106000013,  04,   31072021,   0837
106000013,  01,   31072021,   0840
104000041,  01,   31072021,   0849
104000040,  01,   31072021,   0850
104000338,  03,   31072021,   0850
104000088,  03,   31072021,   0856
104000005,  03,   31072021,   0900
104000009,  03,   31072021,   0900
000000000,  03,   31072021,   0900
104000011,  03,   31072021,   0900
104000009,  05,   31072021,   0900
104000360,  01,   31072021,   0904
104000048,  01,   31072021,   0904
104000047,  01,   31072021,   0904
104000334,  01,   31072021,   0904
104000334,  01,   31072021,   0904
000000000,  03,   31072021,   0905
104000270,  03,   31072021,   0905
000000000,  03,   31072021,   0905
104000285,  01,   31072021,   0923
103025484,  01,   31072021,   0923
104000043,  01,   31072021,   0923
110001870,  01,   31072021,   0927
110001870,  01,   31072021,   0927
106000013,  04,   31072021,   0928
106000013,  01,   31072021,   0928
104000244,  03,   31072021,   0937
104000006,  03,   31072021,   0937
104000008,  03,   31072021,   0938
104000008,  03,   31072021,   0938
104000008,  03,   31072021,   0938
104000008,  03,   31072021,   0938
104000239,  03,   31072021,   0938
104000343,  01,   31072021,   0945
000000000,  02,   31072021,   0947
000000000,  02,   31072021,   0947
000000000,  02,   31072021,   0947
000000000,  02,   31072021,   0947
000000000,  02,   31072021,   0947
000000000,  02,   31072021,   0947
104000222,  01,   31072021,   0950
000000000,  03,   31072021,   0950
000000000,  03,   31072021,   0950
000000000,  03,   31072021,   0951
104000273,  03,   31072021,   0951
000000000,  03,   31072021,   0951
104000467,  03,   31072021,   0951
107000157,  02,   31072021,   0954
104000277,  03,   31072021,   0955
104000272,  03,   31072021,   0955
104000004,  03,   31072021,   0955
101002738,  04,   31072021,   0957
101002738,  01,   31072021,   0959
104000358,  01,   31072021,   0959
104000111,  01,   31072021,   0959
104000237,  03,   31072021,   1000
104000099,  03,   31072021,   1000
104000098,  03,   31072021,   1000
107000231,  03,   31072021,   1000
000000000,  01,   31072021,   1002
107000231,  04,   31072021,   1016
107000231,  04,   31072021,   1022
104000006,  04,   31072021,   1036
106000013,  04,   31072021,   1040
106000013,  02,   31072021,   1041
104000006,  04,   31072021,   1041
000000000,  02,   31072021,   1042
104000467,  03,   31072021,   1044
106000013,  02,   31072021,   1047
106000013,  04,   31072021,   1048
000000000,  01,   31072021,   1049
104000042,  01,   31072021,   1049
104000343,  01,   31072021,   1051
103024303,  01,   31072021,   1052
104000343,  01,   31072021,   1056
103024303,  04,   31072021,   1056
104000040,  01,   31072021,   1056
000000000,  01,   31072021,   1057
103025488,  03,   31072021,   1058
104000467,  03,   31072021,   1059
103024303,  04,   31072021,   1105
104000274,  03,   31072021,   1105
104000297,  03,   31072021,   1105
103024303,  01,   31072021,   1107
103024303,  01,   31072021,   1107
103024303,  04,   31072021,   1107
103024303,  01,   31072021,   1109
103024303,  04,   31072021,   1111
000000000,  01,   31072021,   1111
106000013,  04,   31072021,   1112
104000040,  01,   31072021,   1113
103024303,  04,   31072021,   1113
106000013,  01,   31072021,   1114
103024303,  01,   31072021,   1115
103025484,  01,   31072021,   1117
000000000,  01,   31072021,   1118
106000013,  01,   31072021,   1123
106000013,  04,   31072021,   1123
000000000,  02,   31072021,   1125
000000000,  02,   31072021,   1125
107000231,  04,   31072021,   1129
107000231,  04,   31072021,   1136
104000343,  01,   31072021,   1137
000001809,  01,   31072021,   1212
104000095,  03,   31072021,   1223
101002737,  04,   31072021,   1241
101002737,  02,   31072021,   1242
000001808,  04,   31072021,   1255
000001808,  01,   31072021,   1258
104000343,  01,   31072021,   1259
104000343,  01,   31072021,   1259
000001809,  04,   31072021,   1300
104000343,  01,   31072021,   1300
000000000,  01,   31072021,   1301
000000000,  04,   31072021,   1307
000000000,  04,   31072021,   1307
103024303,  04,   31072021,   1307
000000000,  02,   31072021,   1307
000000000,  02,   31072021,   1307
107000197,  02,   31072021,   1307
107000197,  04,   31072021,   1307
103024303,  01,   31072021,   1309
000000000,  01,   31072021,   1310
000001809,  04,   31072021,   1312
104000006,  04,   31072021,   1313
000001809,  01,   31072021,   1314
000000000,  01,   31072021,   1316
104000006,  04,   31072021,   1318
103024303,  01,   31072021,   1322
107000231,  03,   31072021,   1323
104000047,  01,   31072021,   1323
000000000,  01,   31072021,   1329
103024303,  04,   31072021,   1332
103024303,  01,   31072021,   1334
000000000,  03,   31072021,   1336
103025484,  01,   31072021,   1339
104000360,  01,   31072021,   1342
000000000,  01,   31072021,   1344
104000222,  01,   31072021,   1345
000001808,  04,   31072021,   1345
000000000,  01,   31072021,   1345
103025484,  04,   31072021,   1347
104000360,  01,   31072021,   1348
103025484,  01,   31072021,   1348
104000358,  01,   31072021,   1351
000000000,  04,   31072021,   1351
000000000,  04,   31072021,   1351
000000000,  04,   31072021,   1352
000000000,  04,   31072021,   1352
000000000,  04,   31072021,   1352
000000000,  04,   31072021,   1352
000000000,  04,   31072021,   1352
000000000,  04,   31072021,   1352
000000000,  04,   31072021,   1352
000000000,  01,   31072021,   1354
104000358,  01,   31072021,   1354
104000272,  03,   31072021,   1356
106000013,  04,   31072021,   1402
106000013,  01,   31072021,   1405
000000000,  03,   31072021,   1407
000000000,  01,   31072021,   1410
000000000,  01,   31072021,   1411
104000467,  03,   31072021,   1416
104000272,  03,   31072021,   1416
107000231,  04,   31072021,   1422
107000231,  02,   31072021,   1423
107000231,  02,   31072021,   1432
104000343,  01,   31072021,   1436
107000231,  04,   31072021,   1438
000000000,  02,   31072021,   1438
000000000,  02,   31072021,   1444
104000358,  01,   31072021,   1446
104000005,  05,   31072021,   1447
104000005,  05,   31072021,   1447
000001809,  01,   31072021,   1451
000001809,  01,   31072021,   1451
104000360,  01,   31072021,   1451
110001870,  01,   31072021,   1454
104000006,  05,   31072021,   1456
104000239,  05,   31072021,   1459
106000013,  04,   31072021,   1459
106000013,  01,   31072021,   1500
104000360,  01,   31072021,   1500
104000244,  05,   31072021,   1500
104000244,  05,   31072021,   1501
104000274,  05,   31072021,   1503
104000239,  05,   31072021,   1505
104000239,  05,   31072021,   1506
104000358,  01,   31072021,   1507
104000343,  01,   31072021,   1513
104000239,  05,   31072021,   1513
000000000,  01,   31072021,   1514
104000040,  01,   31072021,   1525
000000000,  01,   31072021,   1527
104000111,  01,   31072021,   1532
104000467,  03,   31072021,   1539
000000000,  02,   31072021,   1541
000000000,  02,   31072021,   1541
000000000,  02,   31072021,   1541
000000000,  02,   31072021,   1541
000000000,  02,   31072021,   1541
000000000,  02,   31072021,   1541
000000000,  02,   31072021,   1541
000000000,  02,   31072021,   1541
104000343,  01,   31072021,   1543
104000006,  04,   31072021,   1551
107000157,  02,   31072021,   1553
000000000,  01,   31072021,   1554
107000157,  02,   31072021,   1555
104000006,  04,   31072021,   1555
000000000,  02,   31072021,   1558
000000000,  02,   31072021,   1558
000000000,  02,   31072021,   1558
000000000,  02,   31072021,   1558
103024303,  04,   31072021,   1558
103024303,  01,   31072021,   1600
103024303,  04,   31072021,   1602
103024303,  04,   31072021,   1603
000000000,  01,   31072021,   1603
000000000,  02,   31072021,   1603
103024303,  01,   31072021,   1605
000000000,  02,   31072021,   1610
000000000,  01,   31072021,   1611
103024303,  01,   31072021,   1616
104000360,  01,   31072021,   1619
104000360,  01,   31072021,   1620
106000013,  04,   31072021,   1621
106000013,  01,   31072021,   1623
106000013,  01,   31072021,   1626
000000000,  01,   31072021,   1628
000000000,  01,   31072021,   1628
103024303,  01,   31072021,   1634
000000000,  01,   31072021,   1635
104000343,  01,   31072021,   1641
107000231,  04,   31072021,   1645
103025484,  01,   31072021,   1649
103025484,  01,   31072021,   1650
107000231,  04,   31072021,   1652
106000013,  03,   31072021,   1655
104000043,  01,   31072021,   1655
104000042,  01,   31072021,   1700
104000285,  01,   31072021,   1701
103025484,  01,   31072021,   1701
104000343,  01,   31072021,   1702
104000047,  01,   31072021,   1707
104000270,  03,   31072021,   1714
104000297,  03,   31072021,   1721
104000334,  01,   31072021,   1721
104000360,  01,   31072021,   1721
104000048,  01,   31072021,   1721
104000334,  01,   31072021,   1721
104000334,  01,   31072021,   1721
104000274,  03,   31072021,   1722
104000005,  03,   31072021,   1734
104000011,  03,   31072021,   1734
104000009,  03,   31072021,   1734
104000041,  01,   31072021,   1738
104000040,  01,   31072021,   1739
104000338,  03,   31072021,   1739
104000239,  03,   31072021,   1750
104000273,  03,   31072021,   1753
104000244,  03,   31072021,   1753
104000008,  03,   31072021,   1753
103025489,  03,   31072021,   1756
104000358,  01,   31072021,   1800
104000277,  03,   31072021,   1800
104000004,  03,   31072021,   1800
104000272,  03,   31072021,   1800
104000111,  01,   31072021,   1803
104000237,  03,   31072021,   1805
107000231,  03,   31072021,   1805
104000098,  03,   31072021,   1806
104000099,  03,   31072021,   1808
000000000,  03,   31072021,   1808
000000000,  03,   31072021,   1808
101002738,  04,   31072021,   1811
103024303,  01,   31072021,   1815
103024303,  01,   31072021,   1816
000000000,  01,   31072021,   1816
103024303,  01,   31072021,   1816
000000000,  03,   31072021,   1819
104000088,  03,   31072021,   1820
000000000,  03,   31072021,   1822
000000000,  03,   31072021,   1822
104000467,  03,   31072021,   1826
000000000,  03,   31072021,   1828
000000000,  03,   31072021,   1830
104000095,  03,   31072021,   1844
101002738,  03,   31072021,   1845
000000000,  03,   01082021,   0000
000000000,  03,   01082021,   0043
000000000,  03,   01082021,   0049
000000000,  03,   01082021,   0124
000000000,  03,   01082021,   0132
000000000,  03,   01082021,   0140
000000000,  03,   01082021,   0245
101002738,  04,   01082021,   0741
101002738,  03,   01082021,   0741
103025489,  03,   01082021,   0742
101002738,  05,   01082021,   0744
106000013,  03,   01082021,   0749
106000013,  03,   01082021,   0749
103024303,  03,   01082021,   0801
103024303,  03,   01082021,   0802
103024303,  01,   01082021,   0804
106000013,  04,   01082021,   0834
106000013,  01,   01082021,   0836
104000088,  03,   01082021,   0852
104000272,  03,   01082021,   0903
104000004,  03,   01082021,   0903
104000277,  03,   01082021,   0903
104000009,  03,   01082021,   0903
104000005,  03,   01082021,   0903
104000005,  03,   01082021,   0903
104000011,  03,   01082021,   0903
104000360,  01,   01082021,   0907
104000046,  01,   01082021,   0907
104000047,  01,   01082021,   0908
104000270,  03,   01082021,   0909
104000048,  01,   01082021,   0910
104000244,  03,   01082021,   0914
104000008,  03,   01082021,   0914
104000239,  03,   01082021,   0914
104000006,  03,   01082021,   0916
000001809,  01,   01082021,   0918
107000157,  02,   01082021,   0919
107000157,  02,   01082021,   0925
104000222,  01,   01082021,   0926
106000013,  01,   01082021,   0930
106000013,  04,   01082021,   0930
000000000,  01,   01082021,   0933
103024303,  01,   01082021,   0936
104000285,  01,   01082021,   0939
104000043,  01,   01082021,   0939
103025484,  01,   01082021,   0939
104000273,  03,   01082021,   0948
104000467,  03,   01082021,   0955
101002738,  04,   01082021,   0955
104000358,  01,   01082021,   0957
104000111,  01,   01082021,   0957
104000099,  03,   01082021,   0957
101002738,  01,   01082021,   0958
104000237,  03,   01082021,   1000
101002738,  04,   01082021,   1007
101002738,  01,   01082021,   1007
000000000,  01,   01082021,   1007
103024303,  04,   01082021,   1012
103024303,  01,   01082021,   1015
104000041,  01,   01082021,   1021
104000040,  01,   01082021,   1021
104000338,  03,   01082021,   1022
104000343,  01,   01082021,   1030
000001809,  04,   01082021,   1034
000001809,  01,   01082021,   1035
000000000,  01,   01082021,   1040
103025484,  01,   01082021,   1041
106000013,  04,   01082021,   1047
106000013,  02,   01082021,   1048
106000013,  02,   01082021,   1054
106000013,  04,   01082021,   1054
101002738,  04,   01082021,   1100
104000274,  03,   01082021,   1100
104000297,  03,   01082021,   1100
110003994,  01,   01082021,   1102
101002738,  01,   01082021,   1102
101002738,  01,   01082021,   1103
106000013,  04,   01082021,   1114
106000013,  01,   01082021,   1117
101002737,  04,   01082021,   1118
104000006,  04,   01082021,   1118
000000000,  01,   01082021,   1119
101002737,  02,   01082021,   1120
106000013,  04,   01082021,   1121
106000013,  01,   01082021,   1121
110000828,  04,   01082021,   1122
104000006,  04,   01082021,   1123
104000042,  01,   01082021,   1124
110000828,  01,   01082021,   1124
104000047,  01,   01082021,   1128
000001809,  01,   01082021,   1130
000001809,  01,   01082021,   1138
110000828,  04,   01082021,   1140
110000828,  01,   01082021,   1140
104000040,  01,   01082021,   1148
110000828,  04,   01082021,   1154
110000828,  01,   01082021,   1157
110000828,  04,   01082021,   1202
104000046,  01,   01082021,   1202
000000000,  01,   01082021,   1203
101002737,  02,   01082021,   1208
101002737,  04,   01082021,   1209
000000000,  01,   01082021,   1215
104000046,  01,   01082021,   1216
104000500,  01,   01082021,   1217
104000343,  01,   01082021,   1218
104000040,  01,   01082021,   1218
000000000,  01,   01082021,   1220
000000000,  01,   01082021,   1227
104000343,  01,   01082021,   1229
104000222,  01,   01082021,   1233
104000338,  03,   01082021,   1235
000000000,  02,   01082021,   1244
000000000,  02,   01082021,   1244
000000000,  02,   01082021,   1244
000000000,  02,   01082021,   1244
000000000,  02,   01082021,   1244
000000000,  02,   01082021,   1244
000000000,  02,   01082021,   1244
107000197,  02,   01082021,   1244
107000197,  04,   01082021,   1244
101002737,  04,   01082021,   1245
101002737,  02,   01082021,   1246
000000000,  02,   01082021,   1254
000000000,  04,   01082021,   1254
000000000,  04,   01082021,   1254
000000000,  04,   01082021,   1254
000000000,  04,   01082021,   1254
000000000,  04,   01082021,   1254
000000000,  04,   01082021,   1258
000000000,  04,   01082021,   1258
000000000,  04,   01082021,   1258
105000264,  02,   01082021,   1259
105000264,  04,   01082021,   1300
103024303,  01,   01082021,   1301
104000343,  01,   01082021,   1309
000000000,  01,   01082021,   1310
104000343,  01,   01082021,   1312
104000047,  01,   01082021,   1316
000000000,  01,   01082021,   1320
105000021,  02,   01082021,   1321
105000021,  02,   01082021,   1326
000000000,  04,   01082021,   1328
000000000,  04,   01082021,   1328
000000000,  04,   01082021,   1328
103024303,  01,   01082021,   1332
000000000,  04,   01082021,   1334
000000000,  04,   01082021,   1334
104000095,  03,   01082021,   1337
000000000,  01,   01082021,   1338
000000000,  01,   01082021,   1338
103024303,  01,   01082021,   1345
104000467,  04,   01082021,   1353
104000467,  02,   01082021,   1354
104000338,  03,   01082021,   1356
104000467,  02,   01082021,   1401
104000467,  04,   01082021,   1401
104000467,  03,   01082021,   1405
105000082,  02,   01082021,   1411
105000082,  04,   01082021,   1412
110003994,  01,   01082021,   1414
103025484,  01,   01082021,   1418
106000013,  04,   01082021,   1419
106000013,  01,   01082021,   1421
105000082,  04,   01082021,   1422
105000082,  02,   01082021,   1423
103025484,  04,   01082021,   1429
103025484,  01,   01082021,   1430
105000021,  02,   01082021,   1434
101002737,  02,   01082021,   1436
101002737,  04,   01082021,   1437
103025484,  01,   01082021,   1438
101002737,  04,   01082021,   1439
105000021,  02,   01082021,   1439
101002737,  02,   01082021,   1440
000000000,  01,   01082021,   1442
103024303,  01,   01082021,   1444
103024303,  01,   01082021,   1444
105000264,  02,   01082021,   1444
106000010,  02,   01082021,   1444
105000264,  02,   01082021,   1445
106000010,  04,   01082021,   1445
105000264,  02,   01082021,   1450
105000264,  04,   01082021,   1450
104000222,  01,   01082021,   1450
104000343,  01,   01082021,   1451
103024303,  01,   01082021,   1453
000000000,  04,   01082021,   1502
000000000,  04,   01082021,   1502
000000000,  04,   01082021,   1502
000000000,  04,   01082021,   1502
000000000,  04,   01082021,   1502
000000000,  04,   01082021,   1503
000000000,  04,   01082021,   1503
000000000,  04,   01082021,   1503
106000013,  04,   01082021,   1503
106000013,  01,   01082021,   1504
107000157,  02,   01082021,   1508
000000000,  04,   01082021,   1510
000000000,  04,   01082021,   1510
000000000,  04,   01082021,   1510
000000000,  04,   01082021,   1510
000000000,  04,   01082021,   1510
000000000,  04,   01082021,   1510
000000000,  04,   01082021,   1510
000000000,  04,   01082021,   1510
000000000,  02,   01082021,   1515
000000000,  02,   01082021,   1515
000000000,  02,   01082021,   1515
107000157,  05,   01082021,   1518
104000467,  03,   01082021,   1520
000000000,  01,   01082021,   1521
103024303,  04,   01082021,   1523
000000000,  01,   01082021,   1524
103024303,  04,   01082021,   1533
000000000,  02,   01082021,   1535
000000000,  02,   01082021,   1535
000000000,  02,   01082021,   1535
000000000,  02,   01082021,   1535
000000000,  02,   01082021,   1535
000000000,  02,   01082021,   1535
000000000,  02,   01082021,   1535
000000000,  02,   01082021,   1536
000000000,  02,   01082021,   1536
000000000,  02,   01082021,   1536
000000000,  02,   01082021,   1536
000000000,  02,   01082021,   1536
000000000,  02,   01082021,   1536
107000157,  02,   01082021,   1538
107000157,  02,   01082021,   1539
103025484,  04,   01082021,   1539
000000000,  02,   01082021,   1541
000000000,  02,   01082021,   1541
000000000,  04,   01082021,   1544
000000000,  04,   01082021,   1544
000000000,  04,   01082021,   1545
000000000,  04,   01082021,   1545
104000358,  01,   01082021,   1545
000000000,  02,   01082021,   1545
000000000,  02,   01082021,   1545
000000000,  02,   01082021,   1545
000000000,  02,   01082021,   1545
000000000,  02,   01082021,   1545
000000000,  01,   01082021,   1545
106000013,  04,   01082021,   1547
103024303,  04,   01082021,   1548
104000272,  03,   01082021,   1549
106000013,  01,   01082021,   1549
104000467,  03,   01082021,   1550
103024303,  01,   01082021,   1550
106000013,  01,   01082021,   1551
105000021,  02,   01082021,   1552
103024303,  04,   01082021,   1552
103025484,  04,   01082021,   1552
000000000,  01,   01082021,   1553
103024303,  04,   01082021,   1553
103025484,  01,   01082021,   1555
103024303,  01,   01082021,   1555
105000021,  02,   01082021,   1556
000000000,  02,   01082021,   1556
000000000,  02,   01082021,   1556
000000000,  02,   01082021,   1556
000000000,  02,   01082021,   1556
000000000,  02,   01082021,   1556
000000000,  02,   01082021,   1556
104000467,  02,   01082021,   1557
104000467,  04,   01082021,   1557
104000272,  03,   01082021,   1616
000000000,  01,   01082021,   1620
104000358,  01,   01082021,   1627
000000000,  01,   01082021,   1630
104000046,  01,   01082021,   1635
104000043,  01,   01082021,   1643
103025484,  01,   01082021,   1643
106000013,  03,   01082021,   1644
104000285,  01,   01082021,   1646
103024303,  01,   01082021,   1652
104000244,  04,   01082021,   1654
000000000,  01,   01082021,   1657
104000244,  04,   01082021,   1700
000000000,  01,   01082021,   1703
103024303,  01,   01082021,   1715
000000000,  01,   01082021,   1716
104000343,  01,   01082021,   1719
000000000,  04,   01082021,   1722
104000338,  05,   01082021,   1722
104000343,  01,   01082021,   1722
104000239,  05,   01082021,   1724
107000157,  02,   01082021,   1724
104000005,  03,   01082021,   1724
104000009,  03,   01082021,   1724
104000343,  01,   01082021,   1724
000000000,  01,   01082021,   1725
104000011,  03,   01082021,   1726
104000270,  03,   01082021,   1726
104000047,  01,   01082021,   1727
104000270,  03,   01082021,   1727
104000048,  01,   01082021,   1728
104000042,  01,   01082021,   1728
104000360,  01,   01082021,   1729
104000047,  01,   01082021,   1729
104000046,  01,   01082021,   1729
103024303,  01,   01082021,   1734
104000006,  03,   01082021,   1756
104000239,  03,   01082021,   1757
104000272,  03,   01082021,   1759
104000041,  01,   01082021,   1759
104000338,  03,   01082021,   1759
104000244,  03,   01082021,   1759
104000040,  01,   01082021,   1800
104000237,  03,   01082021,   1800
104000008,  03,   01082021,   1800
104000237,  03,   01082021,   1801
104000098,  03,   01082021,   1801
104000111,  01,   01082021,   1801
104000358,  01,   01082021,   1801
104000273,  03,   01082021,   1802
104000099,  03,   01082021,   1802
104000277,  03,   01082021,   1803
000000000,  01,   01082021,   1804
103025489,  03,   01082021,   1805
104000277,  03,   01082021,   1805
104000343,  01,   01082021,   1805
104000004,  03,   01082021,   1807
104000277,  03,   01082021,   1807
104000343,  01,   01082021,   1807
104000467,  03,   01082021,   1808
104000088,  03,   01082021,   1810
000000000,  03,   01082021,   1813
104000297,  03,   01082021,   1818
104000274,  03,   01082021,   1818
000000000,  01,   01082021,   1821
103024303,  01,   01082021,   1822
103024303,  01,   01082021,   1823
104000095,  03,   01082021,   1828
101002738,  04,   01082021,   1832
000000000,  03,   01082021,   1915
101002738,  03,   01082021,   1942
000000000,  03,   01082021,   2136
000000000,  03,   01082021,   2149
000000000,  03,   01082021,   2149
000000000,  03,   01082021,   2149
000000000,  03,   01082021,   2150
000000000,  03,   01082021,   2151
000000000,  03,   01082021,   2153
000000000,  03,   01082021,   2154
000000000,  03,   01082021,   2157
000000000,  03,   01082021,   2158
000000000,  03,   01082021,   2215
000000000,  03,   01082021,   2215
000000000,  03,   01082021,   2250
000000000,  03,   01082021,   2251
000000000,  03,   01082021,   2251
000000000,  03,   01082021,   2251
000000000,  03,   01082021,   2314
000000000,  03,   01082021,   2316
000000000,  03,   01082021,   2316
000000000,  03,   01082021,   2316
000000000,  03,   01082021,   2324
000000000,  03,   01082021,   2325
000000000,  03,   01082021,   2326
000000000,  03,   01082021,   2327
000000000,  03,   01082021,   2327
000000000,  03,   01082021,   2327
000000000,  03,   01082021,   2327
000000000,  03,   01082021,   2327
000000000,  03,   01082021,   2327
000000000,  03,   01082021,   2337
000000000,  03,   01082021,   2338
000000000,  03,   01082021,   2338
000000000,  03,   01082021,   2338
000000000,  03,   01082021,   2341
000000000,  03,   01082021,   2342
000000000,  03,   01082021,   2342
000000000,  03,   01082021,   2342
000000000,  03,   02082021,   0030
000000000,  03,   02082021,   0034
000000000,  03,   02082021,   0202
000000000,  03,   02082021,   0213
000000000,  03,   02082021,   0216
000000000,  03,   02082021,   0248
000000000,  03,   02082021,   0251
000000000,  03,   02082021,   0301
000000000,  03,   02082021,   0302
000000000,  03,   02082021,   0302
000000000,  03,   02082021,   0302
000000000,  03,   02082021,   0302
000000000,  03,   02082021,   0303
000000000,  03,   02082021,   0303
000000000,  03,   02082021,   0305
000000000,  03,   02082021,   0305
000000000,  03,   02082021,   0306
000000000,  03,   02082021,   0307
000000000,  03,   02082021,   0307
000000000,  03,   02082021,   0309
000000000,  03,   02082021,   0309
000000000,  03,   02082021,   0310
000000000,  03,   02082021,   0310
000000000,  03,   02082021,   0310
000000000,  03,   02082021,   0310
000000000,  03,   02082021,   0310
000000000,  03,   02082021,   0311
000000000,  03,   02082021,   0311
000000000,  03,   02082021,   0311
000000000,  03,   02082021,   0311
000000000,  03,   02082021,   0311
000000000,  03,   02082021,   0311
000000000,  03,   02082021,   0311
000000000,  03,   02082021,   0311
000000000,  03,   02082021,   0312
000000000,  03,   02082021,   0312
000000000,  03,   02082021,   0315
000000000,  03,   02082021,   0315
000000000,  03,   02082021,   0318
000000000,  03,   02082021,   0318
000000000,  03,   02082021,   0318
000000000,  03,   02082021,   0318
000000000,  03,   02082021,   0318
000000000,  03,   02082021,   0319
000000000,  03,   02082021,   0319
000000000,  03,   02082021,   0336
000000000,  03,   02082021,   0336
000000000,  03,   02082021,   0336
000000000,  03,   02082021,   0336
000000000,  03,   02082021,   0336
000000000,  03,   02082021,   0336
000000000,  03,   02082021,   0336
000000000,  03,   02082021,   0336
000000000,  03,   02082021,   0336
000000000,  03,   02082021,   0342
000000000,  03,   02082021,   0344
000000000,  03,   02082021,   0344
000000000,  03,   02082021,   0344
000000000,  03,   02082021,   0344
000000000,  03,   02082021,   0345
000000000,  03,   02082021,   0346
000000000,  03,   02082021,   0347
000000000,  03,   02082021,   0348
000000000,  03,   02082021,   0602
000000000,  03,   02082021,   0602
000000000,  03,   02082021,   0603
000000000,  03,   02082021,   0603
000000000,  03,   02082021,   0603
000000000,  03,   02082021,   0603
000000000,  03,   02082021,   0603
000000000,  03,   02082021,   0603
000000000,  03,   02082021,   0603
000000000,  03,   02082021,   0603
000000000,  03,   02082021,   0603
000000000,  03,   02082021,   0603
000000000,  03,   02082021,   0603
000000000,  03,   02082021,   0604
000000000,  03,   02082021,   0604
000000000,  03,   02082021,   0604
000000000,  03,   02082021,   0605
000000000,  03,   02082021,   0605
000000000,  03,   02082021,   0605
000000000,  03,   02082021,   0605
000000000,  03,   02082021,   0606
000000000,  03,   02082021,   0606
000000000,  03,   02082021,   0606
000000000,  03,   02082021,   0606
000000000,  03,   02082021,   0606
000000000,  03,   02082021,   0606
000000000,  03,   02082021,   0607
000000000,  03,   02082021,   0608
000000000,  03,   02082021,   0616
000000000,  03,   02082021,   0616
000000000,  03,   02082021,   0616
000000000,  03,   02082021,   0617
000000000,  03,   02082021,   0618
000000000,  03,   02082021,   0621
000000000,  03,   02082021,   0621
000000000,  03,   02082021,   0622
000000000,  03,   02082021,   0623
000000000,  03,   02082021,   0623
000000000,  03,   02082021,   0623
000000000,  03,   02082021,   0623
000000000,  03,   02082021,   0623
000000000,  03,   02082021,   0623
000000000,  03,   02082021,   0623
000000000,  03,   02082021,   0624
000000000,  03,   02082021,   0624
000000000,  03,   02082021,   0624
000000000,  03,   02082021,   0708
000000000,  03,   02082021,   0710
101002738,  04,   02082021,   0747
101002738,  03,   02082021,   0747
103025489,  03,   02082021,   0747
101002738,  05,   02082021,   0750
106000013,  03,   02082021,   0753
103024303,  03,   02082021,   0826
103024303,  01,   02082021,   0828
106000013,  04,   02082021,   0835
106000013,  01,   02082021,   0838
104000088,  03,   02082021,   0842
000000000,  01,   02082021,   0853
104000041,  01,   02082021,   0902
104000040,  01,   02082021,   0902
104000338,  03,   02082021,   0903
104000338,  05,   02082021,   0903
104000277,  03,   02082021,   0905
104000272,  03,   02082021,   0905
104000004,  03,   02082021,   0905
104000009,  03,   02082021,   0905
104000009,  05,   02082021,   0906
104000008,  03,   02082021,   0916
104000239,  03,   02082021,   0916
104000244,  03,   02082021,   0916
104000273,  03,   02082021,   0920
000000000,  02,   02082021,   0921
000000000,  02,   02082021,   0921
000000000,  02,   02082021,   0921
101001321,  01,   02082021,   0922
104000048,  01,   02082021,   0922
104000047,  01,   02082021,   0923
104000112,  01,   02082021,   0923
104000334,  01,   02082021,   0923
104000046,  01,   02082021,   0923
104000006,  03,   02082021,   0923
104000270,  03,   02082021,   0923
101002738,  01,   02082021,   0926
101002738,  01,   02082021,   0929
104000040,  01,   02082021,   0930
104000285,  01,   02082021,   0933
110004004,  01,   02082021,   0933
000001809,  01,   02082021,   0933
103025484,  01,   02082021,   0933
104000043,  01,   02082021,   0933
106000013,  04,   02082021,   0934
106000013,  01,   02082021,   0934
000001809,  04,   02082021,   0941
000001809,  01,   02082021,   0942
104000040,  01,   02082021,   0944
104000343,  01,   02082021,   0947
000001809,  04,   02082021,   0949
000001809,  01,   02082021,   0951
000001809,  01,   02082021,   0954
101002738,  04,   02082021,   0955
110001870,  01,   02082021,   0955
101002738,  01,   02082021,   0957
101002738,  04,   02082021,   0957
104000005,  03,   02082021,   0957
104000011,  03,   02082021,   0957
000000000,  01,   02082021,   0958
104000358,  01,   02082021,   1000
104000111,  01,   02082021,   1000
104000237,  03,   02082021,   1001
104000098,  03,   02082021,   1001
000001809,  01,   02082021,   1001
104000099,  03,   02082021,   1001
000000000,  01,   02082021,   1006
103025484,  01,   02082021,   1007
000000000,  01,   02082021,   1007
000000000,  01,   02082021,   1007
104000222,  01,   02082021,   1008
104000349,  01,   02082021,   1008
104000467,  03,   02082021,   1009
104000043,  01,   02082021,   1010
104000043,  01,   02082021,   1011
000000000,  02,   02082021,   1012
000000000,  02,   02082021,   1012
000000000,  02,   02082021,   1012
104000043,  01,   02082021,   1012
104000043,  01,   02082021,   1016
000000000,  01,   02082021,   1019
104000043,  01,   02082021,   1020
101002738,  04,   02082021,   1021
103024303,  01,   02082021,   1022
104000043,  01,   02082021,   1022
101002738,  01,   02082021,   1023
101001321,  01,   02082021,   1024
101002738,  04,   02082021,   1025
106000013,  04,   02082021,   1030
106000013,  02,   02082021,   1032
104000040,  04,   02082021,   1037
104000040,  01,   02082021,   1037
106000013,  02,   02082021,   1039
106000013,  04,   02082021,   1040
000000000,  01,   02082021,   1041
000000000,  01,   02082021,   1041
103024303,  04,   02082021,   1049
000001809,  04,   02082021,   1049
000001809,  01,   02082021,   1049
103025484,  01,   02082021,   1050
103024303,  01,   02082021,   1051
104000297,  03,   02082021,   1051
104000274,  03,   02082021,   1051
101001321,  01,   02082021,   1057
104000006,  04,   02082021,   1058
104000006,  04,   02082021,   1058
103025484,  01,   02082021,   1059
104000006,  04,   02082021,   1102
103025484,  01,   02082021,   1103
103025484,  01,   02082021,   1106
104000042,  01,   02082021,   1112
104000040,  01,   02082021,   1112
106000013,  04,   02082021,   1114
104000040,  04,   02082021,   1116
104000040,  01,   02082021,   1116
106000013,  01,   02082021,   1117
104000040,  01,   02082021,   1121
104000338,  05,   02082021,   1122
101001321,  01,   02082021,   1123
101002738,  05,   02082021,   1123
106000013,  01,   02082021,   1124
106000013,  04,   02082021,   1124
107000157,  05,   02082021,   1124
104000338,  03,   02082021,   1125
104000277,  03,   02082021,   1125
101002738,  05,   02082021,   1126
110003994,  01,   02082021,   1126
110004004,  01,   02082021,   1127
101002738,  05,   02082021,   1127
104000334,  01,   02082021,   1132
104000467,  03,   02082021,   1133
110004004,  01,   02082021,   1136
000000000,  01,   02082021,   1141
000001809,  01,   02082021,   1148
105000306,  02,   02082021,   1151
104000334,  01,   02082021,   1151
105000306,  02,   02082021,   1154
103024303,  04,   02082021,   1155
107000197,  02,   02082021,   1155
107000197,  04,   02082021,   1156
103024303,  01,   02082021,   1157
104000500,  01,   02082021,   1157
000000000,  01,   02082021,   1209
000000000,  01,   02082021,   1217
104000040,  01,   02082021,   1218
104000277,  03,   02082021,   1219
104000343,  04,   02082021,   1222
104000095,  03,   02082021,   1224
104000343,  01,   02082021,   1225
110000828,  01,   02082021,   1234
104000040,  01,   02082021,   1234
000000000,  01,   02082021,   1256
103024303,  01,   02082021,   1306
000000017,  02,   02082021,   1307
000000017,  04,   02082021,   1309
000000000,  01,   02082021,   1313
104000338,  03,   02082021,   1314
103024303,  01,   02082021,   1317
000001809,  04,   02082021,   1318
000001809,  01,   02082021,   1319
000001809,  04,   02082021,   1323
000001809,  01,   02082021,   1326
104000006,  04,   02082021,   1329
104000099,  03,   02082021,   1329
104000099,  03,   02082021,   1331
104000006,  04,   02082021,   1333
000000000,  01,   02082021,   1337
104000040,  01,   02082021,   1345
000001809,  01,   02082021,   1346
000000000,  03,   02082021,   1349
104000467,  03,   02082021,   1350
000000000,  03,   02082021,   1350
000000000,  03,   02082021,   1351
000000000,  01,   02082021,   1352
110001870,  01,   02082021,   1353
106000013,  04,   02082021,   1407
103024303,  01,   02082021,   1409
106000013,  01,   02082021,   1409
104000343,  01,   02082021,   1415
000000000,  03,   02082021,   1426
000000000,  01,   02082021,   1439
000000000,  01,   02082021,   1440
104000046,  01,   02082021,   1441
000000000,  01,   02082021,   1441
104000006,  04,   02082021,   1441
103024303,  01,   02082021,   1441
104000006,  04,   02082021,   1446
104000343,  04,   02082021,   1453
103025484,  01,   02082021,   1454
104000343,  01,   02082021,   1455
104000046,  01,   02082021,   1456
101002738,  04,   02082021,   1456
101002738,  01,   02082021,   1501
101002738,  04,   02082021,   1502
000000000,  01,   02082021,   1503
106000013,  04,   02082021,   1504
106000013,  01,   02082021,   1505
104000467,  03,   02082021,   1508
000000000,  01,   02082021,   1512
103024303,  01,   02082021,   1515
110004004,  01,   02082021,   1525
106000013,  04,   02082021,   1532
104000222,  01,   02082021,   1533
106000013,  01,   02082021,   1534
104000358,  01,   02082021,   1534
104000334,  01,   02082021,   1535
104000041,  01,   02082021,   1536
104000041,  01,   02082021,   1536
000000000,  01,   02082021,   1536
104000041,  01,   02082021,   1536
104000349,  01,   02082021,   1537
104000042,  01,   02082021,   1542
104000041,  01,   02082021,   1547
000000000,  01,   02082021,   1548
104000042,  01,   02082021,   1557
104000047,  01,   02082021,   1559
104000334,  01,   02082021,   1600
104000358,  01,   02082021,   1600
000000000,  01,   02082021,   1601
106000013,  01,   02082021,   1602
103024303,  04,   02082021,   1605
103024303,  04,   02082021,   1605
107000157,  02,   02082021,   1605
107000157,  04,   02082021,   1605
103024303,  01,   02082021,   1607
110003994,  01,   02082021,   1609
101001321,  01,   02082021,   1610
000000000,  01,   02082021,   1615
107000197,  02,   02082021,   1617
107000197,  04,   02082021,   1617
104000006,  04,   02082021,   1624
104000006,  04,   02082021,   1624
000000000,  01,   02082021,   1626
000000000,  01,   02082021,   1626
104000006,  04,   02082021,   1630
103024303,  04,   02082021,   1633
103024303,  01,   02082021,   1635
104000343,  01,   02082021,   1637
000000000,  03,   02082021,   1639
103025484,  01,   02082021,   1643
000000000,  03,   02082021,   1645
104000343,  01,   02082021,   1651
101001321,  01,   02082021,   1652
101001321,  01,   02082021,   1652
106000013,  03,   02082021,   1653
101001321,  04,   02082021,   1654
101001321,  01,   02082021,   1655
101001321,  04,   02082021,   1655
000000000,  01,   02082021,   1655
104000043,  01,   02082021,   1655
101001321,  01,   02082021,   1657
104000285,  01,   02082021,   1657
103025484,  01,   02082021,   1657
101001321,  01,   02082021,   1657
110004004,  01,   02082021,   1658
104000042,  01,   02082021,   1700
104000334,  01,   02082021,   1701
104000046,  01,   02082021,   1701
000000000,  03,   02082021,   1701
000000000,  03,   02082021,   1703
000000000,  03,   02082021,   1703
000000000,  03,   02082021,   1716
101002738,  04,   02082021,   1717
101002738,  01,   02082021,   1720
104000004,  03,   02082021,   1720
104000272,  03,   02082021,   1720
104000277,  03,   02082021,   1720
104000009,  03,   02082021,   1720
101002738,  01,   02082021,   1723
000000000,  01,   02082021,   1737
104000338,  03,   02082021,   1752
104000006,  03,   02082021,   1759
104000244,  03,   02082021,   1800
104000239,  03,   02082021,   1800
104000099,  03,   02082021,   1801
104000006,  03,   02082021,   1801
104000041,  01,   02082021,   1801
104000273,  03,   02082021,   1803
104000008,  03,   02082021,   1804
104000358,  01,   02082021,   1804
104000098,  03,   02082021,   1804
104000237,  03,   02082021,   1804
103024303,  01,   02082021,   1806
104000111,  01,   02082021,   1806
103024303,  04,   02082021,   1807
000000000,  01,   02082021,   1807
103024303,  02,   02082021,   1809
104000088,  03,   02082021,   1810
104000270,  03,   02082021,   1811
104000467,  03,   02082021,   1812
103024303,  01,   02082021,   1812
103025489,  03,   02082021,   1812
104000011,  03,   02082021,   1821
000000000,  02,   02082021,   1821
104000005,  03,   02082021,   1823
000000000,  01,   02082021,   1829
107000157,  01,   02082021,   1829
104000048,  01,   02082021,   1829
104000047,  01,   02082021,   1829
104000112,  01,   02082021,   1830
000000000,  01,   02082021,   1839
104000297,  03,   02082021,   1839
104000095,  03,   02082021,   1839
104000274,  03,   02082021,   1839
103024303,  01,   02082021,   1841
103024303,  01,   02082021,   1842
101002738,  05,   02082021,   1845
101002738,  04,   02082021,   1849
101002738,  03,   02082021,   1909
000000000,  03,   02082021,   1924
000000000,  03,   02082021,   1924
000000000,  03,   02082021,   2106
101002738,  04,   03082021,   0744
103025489,  03,   03082021,   0745
101002738,  03,   03082021,   0745
101002738,  05,   03082021,   0747
106000013,  03,   03082021,   0750
103024303,  03,   03082021,   0759
103024303,  04,   03082021,   0800
103024303,  03,   03082021,   0801
103024303,  01,   03082021,   0803
000000000,  03,   03082021,   0828
106000013,  04,   03082021,   0841
104000088,  03,   03082021,   0842
106000013,  01,   03082021,   0843
104000009,  03,   03082021,   0905
000000000,  03,   03082021,   0905
104000011,  03,   03082021,   0905
104000005,  03,   03082021,   0905
104000009,  05,   03082021,   0905
104000008,  03,   03082021,   0913
104000239,  03,   03082021,   0914
104000244,  03,   03082021,   0914
104000273,  03,   03082021,   0917
000000000,  03,   03082021,   0917
000000000,  03,   03082021,   0918
000000000,  03,   03082021,   0918
000000000,  02,   03082021,   0919
104000048,  01,   03082021,   0919
104000047,  01,   03082021,   0919
104000112,  01,   03082021,   0919
104000046,  01,   03082021,   0919
000000000,  03,   03082021,   0919
000000000,  03,   03082021,   0919
104000006,  03,   03082021,   0919
104000270,  03,   03082021,   0919
000000000,  03,   03082021,   0920
000000000,  01,   03082021,   0920
104000041,  01,   03082021,   0921
104000338,  03,   03082021,   0921
104000040,  01,   03082021,   0922
101001321,  01,   03082021,   0923
103024303,  01,   03082021,   0926
110001868,  03,   03082021,   0933
106000013,  04,   03082021,   0936
106000013,  01,   03082021,   0936
107000157,  02,   03082021,   0942
104000343,  01,   03082021,   0947
101001321,  01,   03082021,   0951
103024303,  01,   03082021,   0958
103024303,  01,   03082021,   0958
104000358,  01,   03082021,   1003
104000099,  03,   03082021,   1003
104000237,  03,   03082021,   1003
104000237,  03,   03082021,   1003
104000098,  03,   03082021,   1003
104000285,  01,   03082021,   1005
104000043,  01,   03082021,   1005
104000043,  01,   03082021,   1005
103025484,  01,   03082021,   1005
110004004,  01,   03082021,   1005
104000004,  03,   03082021,   1009
104000277,  03,   03082021,   1009
104000272,  03,   03082021,   1011
110001870,  01,   03082021,   1012
000000000,  01,   03082021,   1022
000000000,  01,   03082021,   1023
106000013,  04,   03082021,   1026
106000013,  02,   03082021,   1027
104000005,  05,   03082021,   1029
000000000,  01,   03082021,   1031
103025484,  01,   03082021,   1032
106000013,  02,   03082021,   1032
106000013,  02,   03082021,   1032
000000000,  01,   03082021,   1032
106000013,  04,   03082021,   1033
104000005,  05,   03082021,   1033
103025484,  05,   03082021,   1033
104000272,  05,   03082021,   1037
104000467,  03,   03082021,   1038
104000277,  03,   03082021,   1040
104000042,  01,   03082021,   1041
103025484,  04,   03082021,   1041
104000343,  05,   03082021,   1042
103025484,  05,   03082021,   1043
104000343,  01,   03082021,   1043
103025484,  01,   03082021,   1043
104000006,  05,   03082021,   1044
000001809,  01,   03082021,   1044
104000244,  05,   03082021,   1046
104000277,  03,   03082021,   1051
104000343,  01,   03082021,   1052
104000297,  03,   03082021,   1053
104000274,  03,   03082021,   1053
101002738,  04,   03082021,   1055
104000043,  01,   03082021,   1056
103025484,  01,   03082021,   1057
101002738,  01,   03082021,   1057
000001809,  04,   03082021,   1058
000001809,  01,   03082021,   1058
104000222,  01,   03082021,   1102
000001809,  05,   03082021,   1103
110004004,  01,   03082021,   1103
000000000,  03,   03082021,   1103
104000006,  04,   03082021,   1105
104000349,  01,   03082021,   1105
101002738,  01,   03082021,   1105
104000006,  05,   03082021,   1106
104000239,  05,   03082021,   1107
000000000,  03,   03082021,   1107
000000000,  03,   03082021,   1110
104000006,  04,   03082021,   1111
106000013,  04,   03082021,   1112
110004004,  01,   03082021,   1114
106000013,  01,   03082021,   1114
104000040,  01,   03082021,   1117
000001809,  04,   03082021,   1127
000001809,  01,   03082021,   1129
104000040,  01,   03082021,   1129
106000013,  01,   03082021,   1129
106000013,  04,   03082021,   1130
101001321,  01,   03082021,   1135
000000000,  03,   03082021,   1143
000000000,  03,   03082021,   1145
000000000,  03,   03082021,   1147
000000000,  03,   03082021,   1148
000000000,  03,   03082021,   1150
104000040,  01,   03082021,   1154
101002738,  04,   03082021,   1154
101002738,  01,   03082021,   1157
000000000,  03,   03082021,   1158
